1 +.712765241224E-0451
2  .*E-0014           
3  .*E-0013           
4  .*E-0013           
5  .*E-0012           
6  .*E-0012           
7  .*E-0012           
8  .*E-0012           
9  .*E-0011           
10  .*E-0011           
11  .*E-0011           
12  .*E-0011           
13  .*E-0011           
14  .*E-0010           
15  .*E-0010           
16  .*E-0010           
17  .*E-0009           
18  .*E-0009           
19  .*E-0009           
20  .*E-0009           
21  .*E-0009           
22  .*E-0009           
23  .*E-0008           
24  .*E-0008           
25  .*E-0008           
26  .*E-0007           
27  .*E-0007           
28  .*E-0007           
29  .*E-0006           
30  .*E-0006           
31  .*E-0006           
32  .*E-0006           
33  .*E-0005           
34  .*E-0005           
35  .*E-0005           
36  .*E-0005           
37  .*E-0004           
38  .*E-0004           
39  .*E-0004           
40  .*E-0004           
41  .*E-0003           
42  .*E-0003           
43  .*E-0003           
44  .*E-0003           
45  .*E-0003           
46  .*E-0002           
47  .*E-0002           
48  .*E-0002           
49  .*E-0002           
50  .*E-0001           
51  .*E-0001           
52  .*E-0001           
53  .*E-0001           
54  .*E00000           
55  .*E-0001           
56  .*E00000           
57  .*E00000           
58  .*E00000           
59  .*E00000           
60  .*E00000           
61  .*E00001           
62  .*E00001           
63  .*E00001           
64  .*E00001           
65  .*E00002           
66  .*E00002           
67  .*E00003           
68  .*E00003           
69  .*E00005           
70  .*E00008           
71  .*E00015           
72  .*E00029           
73  .*E00056           
74  .*E00110           
75  .*E00219           
76 +.176438308319E-0437
77 +.809538468600E-0437
78 +.365089448778E-0437
79 +.148297503513E-0436
80 +.412175277869E-0436
81 +.148134750838E-0436
82 +.159642212793E-0436
83 +.187463991955E-0436
84 +.605111539455E-0436
85 +.759950399343E-0436
86 +.193269183161E-0435
87 +.262190033331E-0435
88 +.609933082577E-0435
89 +.462414703719E-0435
90 +.128322575562E-0434
91 +.306034074084E-0434
92 +.158508262655E-0434
93 +.384243085751E-0434
94 +.543718426493E-0434
95 +.148531722606E-0433
96 +.182081533650E-0434
97 +.109304958549E-0433
98 +.379094251955E-0433
99 +.913090315396E-0433
100 +.982587662673E-0433
101 +.134796593638E-0432
102 +.184795017394E-0432
103 +.526702541910E-0432
104 +.111197710105E-0432
105 +.235558320113E-0432
106 +.804865267963E-0432
107 +.205828679476E-0431
108 +.295174296056E-0431
109 +.290161476505E-0431
110 +.580168909793E-0431
111 +.108630832126E-0430
112 +.215658883567E-0430
113 +.388718146405E-0430
114 +.835923810289E-0430
115 +.122607872681E-0429
116 +.333367519813E-0429
117 +.491075040486E-0430
118 +.274521026338E-0429
119 +.946946367360E-0429
120 +.223174622489E-0428
121 +.212964184035E-0428
122 +.311512152065E-0428
123 +.366935004856E-0428
124 +.114286844495E-0427
125 +.103027703695E-0427
126 +.291299913410E-0427
127 +.695216722269E-0427
128 +.358426173236E-0427
129 +.870427496835E-0427
130 +.122816009811E-0426
131 +.336248992599E-0426
132 +.361364439611E-0427
133 +.229432289305E-0426
134 +.798768470925E-0426
135 +.195294347841E-0425
136 +.227172909490E-0425
137 +.293760385425E-0425
138 +.445638728645E-0425
139 +.117534013533E-0424
140 +.379933390146E-0425
141 +.168615108178E-0424
142 +.544532660148E-0424
143 +.912170290079E-0424
144 +.346665323891E-0424
145 +.102557176068E-0423
146 +.735174572388E-0424
147 +.270531227941E-0423
148 +.609223515705E-0423
149 +.562080740281E-0423
150 +.104981127515E-0422
151 +.219161317416E-0422
152 +.339656889349E-0422
153 +.877373233616E-0422
154 +.423780044144E-0422
155 +.172506909315E-0421
156 +.511654220257E-0421
157 +.453395308612E-0421
158 +.562863111469E-0421
159 +.876927283654E-0421
160 +.228018913470E-0420
161 +.939194126262E-0421
162 +.395088610018E-0420
163 +.122047916848E-0419
164 +.152293188994E-0419
165 +.144585881603E-0419
166 +.298274254344E-0419
167 +.529861779944E-0419
168 +.114602919232E-0418
169 +.165025561033E-0418
170 +.455451096458E-0418
171 +.199898138394E-0419
172 +.207866301135E-0418
173 +.735716293010E-0418
174 +.189951504945E-0417
175 +.285764868135E-0417
176 +.253727106989E-0417
177 +.540515890230E-0417
178 +.897593875038E-0417
179 +.212145130540E-0416
180 +.212249802458E-0416
181 +.715949589989E-0416
182 +.112515893183E-0415
183 +.242186650202E-0415
184 +.737314624447E-0416
185 +.178364357315E-0415
186 +.535898478234E-0415
187 +.628253888345E-0415
188 +.647370084995E-0415
189 +.125724256424E-0414
190 +.248629443876E-0414
191 +.443835421493E-0414
192 +.967980069758E-0414
193 +.135684012035E-0413
194 +.382469946070E-0413
195 +.408591984242E-0414
196 +.306647500057E-0414
197 +.980175585466E-0414
198 +.263904830701E-0413
199 +.466201694566E-0413
200 +.224187832773E-0413
201 +.608806217909E-0413
202 +.558864078149E-0413
203 +.191596010400E-0412
204 +.321862775396E-0412
205 +.640506924255E-0412
206 +.442958360088E-0413
207 +.344850700145E-0412
208 +.107858780479E-0411
209 +.137438956446E-0411
210 +.126507794782E-0411
211 +.266219504439E-0411
212 +.454672865923E-0411
213 +.103850315084E-0410
214 +.122361022931E-0410
215 +.384108413701E-0410
216 +.365134315579E-0410
217 +.102330067350E-0409
218 +.232099538848E-0409
219 +.181594932932E-0409
220 +.372736113036E-0409
221 +.681195635059E-0409
222 +.139736863596E-0408
223 +.233348700005E-0408
224 +.556542035809E-0408
225 +.529299482631E-0408
226 +.181894890408E-0407
227 +.315713968767E-0407
228 +.600435095699E-0407
229 +.155337874272E-0407
230 +.710967439914E-0407
231 +.209248440019E-0406
232 +.167999197667E-0406
233 +.214715424811E-0406
234 +.313556337368E-0406
235 +.862247672245E-0406
236 +.341678328194E-0407
237 +.380343442489E-0406
238 +.134412955086E-0405
239 +.343661157146E-0405
240 +.495105570153E-0405
241 +.482523111078E-0405
242 +.970492321577E-0405
243 +.179842923102E-0404
244 +.363499052822E-0404
245 +.629249447779E-0404
246 +.143386049710E-0403
247 +.170648921732E-0403
248 +.533021143267E-0403
249 +.484487398310E-0403
250 +.136934054699E-0402
251 +.325472488216E-0402
252 +.175126244716E-0402
253 +.418904381210E-0402
254 +.604091690273E-0402
255 +.162596005974E-0401
256 +.361709314654E-0402
257 +.176784216351E-0401
258 +.595274064034E-0401
259 +.125312914169E-0400
260 +.505380014160E-0401
261 +.716280821250E-0401
262 +.428388268090E-0401
263 +.166013822880E-0400
264 +.447838078211E-0400
265 +.669227686129E-0401
266 +.272993381401E-0402
267 +.177442485445E-0401
268 +.528572081987E-0401
269 +.749642196241E-0401
270 +.175593328213E-0400
271 +.138506350229E-0400
272 +.383041582365E-0400
273 +.886646681908E-0400
274 +.601256166227E-0400
275 +.131627958632E-0399
276 +.217668619509E-0399
277 +.512691715206E-0399
278 +.522587482976E-0399
279 +.175000707164E-0398
280 +.263824481877E-0398
281 +.591464539734E-0398
282 +.310095462158E-0398
283 +.850749486248E-0398
284 +.236939783541E-0397
285 +.118904934813E-0397
286 +.149368894833E-0397
287 +.179527090843E-0397
288 +.564080581469E-0397
289 +.563333329229E-0397
290 +.155972597079E-0396
291 +.332176597545E-0396
292 +.357227399168E-0396
293 +.595811290724E-0396
294 +.141815667754E-0395
295 +.130748611060E-0395
296 +.453534165312E-0395
297 +.823201270432E-0395
298 +.145685667805E-0394
299 +.767589118775E-0395
300 +.298288416011E-0394
301 +.750400177703E-0394
302 +.235787346744E-0394
303 +.679762219733E-0394
304 +.798820707774E-0394
305 +.244449490912E-0393
306 +.174588137000E-0393
307 +.504828113142E-0393
308 +.142523604389E-0392
309 +.849924348391E-0393
310 +.110384295444E-0392
311 +.139159623819E-0392
312 +.424211394963E-0392
313 +.314718924530E-0392
314 +.908183286556E-0392
315 +.250695325437E-0391
316 +.106283367393E-0391
317 +.125772324772E-0391
318 +.147280311138E-0391
319 +.471678428337E-0391
320 +.552672529967E-0391
321 +.145202578567E-0390
322 +.235545372167E-0390
323 +.464628962785E-0390
324 +.482127929534E-0391
325 +.305533992046E-0390
326 +.948653001286E-0390
327 +.116789498006E-0389
328 +.112948774575E-0389
329 +.230058633173E-0389
330 +.418680146013E-0389
331 +.872548705832E-0389
332 +.139962473934E-0388
333 +.349460872407E-0388
334 +.241342629871E-0388
335 +.908563527495E-0388
336 +.226629513923E-0387
337 +.829241386499E-0388
338 +.226340776030E-0387
339 +.278959698008E-0387
340 +.833033661149E-0387
341 +.436719616041E-0387
342 +.124703688903E-0386
343 +.393682162397E-0386
344 +.624792034129E-0386
345 +.324460647954E-0386
346 +.869298689350E-0386
347 +.796519833339E-0386
348 +.273557903984E-0385
349 +.464526146360E-0385
350 +.911182201508E-0385
351 +.119693518100E-0385
352 +.685247223912E-0385
353 +.210719981929E-0384
354 +.243551241278E-0384
355 +.253840885986E-0384
356 +.488139442259E-0384
357 +.980989484078E-0384
358 +.168909923807E-0383
359 +.387456716636E-0383
360 +.447949362020E-0383
361 +.141987035916E-0382
362 +.146595253717E-0382
363 +.402744008794E-0382
364 +.822934073786E-0382
365 +.102692757150E-0381
366 +.146034253861E-0381
367 +.398853718293E-0381
368 +.352788620337E-0382
369 +.245102546292E-0381
370 +.854251008107E-0381
371 +.208807776116E-0380
372 +.242628105441E-0380
373 +.314041640754E-0380
374 +.475727874610E-0380
375 +.125623116512E-0379
376 +.396157920706E-0380
377 +.176834747206E-0379
378 +.573096759032E-0379
379 +.980280558056E-0379
380 +.316967767872E-0379
381 +.988324280350E-0379
382 +.639668705996E-0379
383 +.241077465851E-0378
384 +.582804290779E-0378
385 +.320386930709E-0378
386 +.759178278348E-0378
387 +.111260888404E-0377
388 +.295450926611E-0377
389 +.920337162525E-0378
390 +.412182216366E-0377
391 +.134079509654E-0376
392 +.234430900568E-0376
393 +.611659331927E-0377
394 +.205482016856E-0376
395 +.118740857479E-0376
396 +.458658836543E-0376
397 +.117663347065E-0375
398 +.227415654458E-0376
399 +.798490241647E-0376
400 +.846182464671E-0376
401 +.270453936970E-0375
402 +.285829888039E-0375
403 +.779740544840E-0375
404 +.153676200666E-0374
405 +.213056907628E-0374
406 +.257471385419E-0374
407 +.776978632523E-0374
408 +.495690165098E-0374
409 +.143191783148E-0373
410 +.423664932315E-0373
411 +.416626323189E-0373
412 +.494620748283E-0373
413 +.828320399484E-0373
414 +.200108403267E-0372
415 +.169966800525E-0372
416 +.605295419203E-0372
417 +.123723090253E-0371
418 +.167139869131E-0371
419 +.210940402620E-0371
420 +.621478074745E-0371
421 +.282285470696E-0371
422 +.789689762106E-0371
423 +.255727853279E-0370
424 +.473525582407E-0370
425 +.412945487182E-0371
426 +.234608379486E-0370
427 +.975990415208E-0371
428 +.402844997791E-0370
429 +.113609366824E-0369
430 +.532562869068E-0370
431 +.653189426137E-0370
432 +.779913803102E-0370
433 +.246492383142E-0369
434 +.259342894480E-0369
435 +.707947391229E-0369
436 +.140106611694E-0368
437 +.192089274734E-0368
438 +.236838124715E-0368
439 +.707164609193E-0368
440 +.393214387283E-0368
441 +.112763200406E-0367
442 +.349231408401E-0367
443 +.488909619392E-0367
444 +.379486670544E-0367
445 +.874735243004E-0367
446 +.121315776980E-0366
447 +.339948907173E-0366
448 +.201528166264E-0367
449 +.302018238594E-0367
450 +.114577971795E-0366
451 +.305618822027E-0366
452 +.531807505519E-0366
453 +.280011532230E-0366
454 +.738454449394E-0366
455 +.728295661142E-0366
456 +.243527867877E-0365
457 +.357543158538E-0365
458 +.820213218705E-0365
459 +.539287898636E-0365
460 +.150059350686E-0364
461 +.386200297003E-0364
462 +.231537465495E-0365
463 +.161704067586E-0364
464 +.151314414606E-0364
465 +.501766658574E-0364
466 +.666379622693E-0364
467 +.164370679293E-0363
468 +.185534071009E-0363
469 +.475014006785E-0363
470 +.689324016935E-0363
471 +.152425497945E-0362
472 +.698263123094E-0363
473 +.188128058703E-0362
474 +.540875207565E-0362
475 +.410452341991E-0362
476 +.531354891257E-0362
477 +.747896074139E-0362
478 +.211569892395E-0361
479 +.343229645444E-0362
480 +.583320135961E-0362
481 +.198370199482E-0361
482 +.520104523536E-0361
483 +.830781820166E-0361
484 +.625219429848E-0361
485 +.144525933831E-0360
486 +.199759516650E-0360
487 +.560664851886E-0360
488 +.395476989364E-0361
489 +.273639668931E-0361
490 +.110214237846E-0360
491 +.293727403328E-0360
492 +.512950396521E-0360
493 +.264898406183E-0360
494 +.703032924445E-0360
495 +.682455937451E-0360
496 +.229519620023E-0359
497 +.348236959616E-0359
498 +.775930849550E-0359
499 +.380035501772E-0359
500 +.103381022136E-0358
501 +.292659746081E-0358
502 +.184773313822E-0358
503 +.241031201987E-0358
504 +.310643905034E-0358
505 +.933826310832E-0358
506 +.586650757663E-0358
507 +.169510028118E-0357
508 +.505630831884E-0357
509 +.533138493370E-0357
510 +.604881310275E-0357
511 +.107146472923E-0356
512 +.242113004480E-0356
513 +.290585027092E-0356
514 +.902943198409E-0356
515 +.781503890609E-0356
516 +.222558290986E-0355
517 +.553166385668E-0355
518 +.155672905774E-0355
519 +.468250952186E-0355
520 +.531412332589E-0355
521 +.165330034727E-0354
522 +.139731089280E-0354
523 +.399041519261E-0354
524 +.101031762202E-0353
525 +.169817349276E-0354
526 +.637272846883E-0354
527 +.656179959678E-0354
528 +.211993715981E-0353
529 +.242132862975E-0353
530 +.643227237923E-0353
531 +.110528001159E-0352
532 +.201646694902E-0352
533 +.841055125108E-0353
534 +.343742645665E-0352
535 +.935585905055E-0352
536 +.193071600174E-0352
537 +.971322884644E-0353
538 +.141121899437E-0352
539 +.455355225401E-0352
540 +.642433905271E-0352
541 +.151787079327E-0351
542 +.127550517662E-0351
543 +.350478147836E-0351
544 +.771328827692E-0351
545 +.715125192392E-0351
546 +.133379806875E-0350
547 +.278990200006E-0350
548 +.430146231489E-0350
549 +.111670697561E-0349
550 +.504072019089E-0350
551 +.208115151694E-0349
552 +.629853981401E-0349
553 +.669038491522E-0349
554 +.752041587236E-0349
555 +.134529109073E-0348
556 +.300197309168E-0348
557 +.378690753925E-0348
558 +.114434479959E-0347
559 +.730113499905E-0348
560 +.211236449352E-0347
561 +.628163637685E-0347
562 +.645232701453E-0347
563 +.745694270067E-0347
564 +.129280192317E-0346
565 +.300043337305E-0346
566 +.319514896205E-0346
567 +.105068076946E-0345
568 +.141635450940E-0345
569 +.346115137344E-0345
570 +.368079805645E-0345
571 +.962238741963E-0345
572 +.157366109455E-0344
573 +.307477542430E-0344
574 +.443930643546E-0345
575 +.245006886927E-0344
576 +.751970481178E-0344
577 +.859986423310E-0344
578 +.906140050311E-0344
579 +.172623219743E-0343
580 +.352074697351E-0343
581 +.585175053619E-0343
582 +.140297480396E-0342
583 +.129355233975E-0342
584 +.449248112697E-0342
585 +.821340756135E-0342
586 +.143510525198E-0341
587 +.818946028209E-0342
588 +.312799707716E-0341
589 +.758981495927E-0341
590 +.400061572522E-0341
591 +.962519531657E-0341
592 +.137932359539E-0340
593 +.373038072858E-0340
594 +.710757137968E-0341
595 +.363901670702E-0340
596 +.123812993304E-0339
597 +.274086797908E-0339
598 +.173435153709E-0339
599 +.271357188514E-0339
600 +.207426737561E-0339
601 +.755054589406E-0339
602 +.167574523331E-0338
603 +.165900739532E-0338
604 +.295215448329E-0338
605 +.654257111076E-0338
606 +.838719017103E-0338
607 +.250859820222E-0337
608 +.139518519686E-0337
609 +.400726041255E-0337
610 +.124708367229E-0336
611 +.180313472944E-0336
612 +.129286626456E-0336
613 +.308505392540E-0336
614 +.390856448574E-0336
615 +.116316946097E-0335
616 +.591265886604E-0336
617 +.168277308119E-0335
618 +.535316845029E-0335
619 +.890875266306E-0335
620 +.357664491745E-0335
621 +.103975320331E-0334
622 +.774938589099E-0335
623 +.282411496478E-0334
624 +.615558383875E-0334
625 +.662737714895E-0334
626 +.110200850559E-0333
627 +.263020754484E-0333
628 +.238563912460E-0333
629 +.831972689229E-0333
630 +.154900721370E-0332
631 +.261591165615E-0332
632 +.178463707584E-0332
633 +.654499107109E-0332
634 +.142402498410E-0331
635 +.154101189688E-0331
636 +.255147905837E-0331
637 +.611610453277E-0331
638 +.540426225132E-0331
639 +.190049126464E-0330
640 +.367603150794E-0330
641 +.572993227629E-0330
642 +.526005359344E-0330
643 +.177671412807E-0329
644 +.274977195926E-0329
645 +.600109434819E-0329
646 +.226081194887E-0329
647 +.584273485783E-0329
648 +.172515315341E-0328
649 +.171817284630E-0328
650 +.202440492353E-0328
651 +.342514684573E-0328
652 +.818000168841E-0328
653 +.746633711389E-0328
654 +.259989350035E-0327
655 +.480959145114E-0327
656 +.822289350360E-0327
657 +.528507628436E-0327
658 +.196560105503E-0326
659 +.445835292116E-0326
660 +.394520380145E-0326
661 +.756316128770E-0326
662 +.152514814412E-0325
663 +.258096272150E-0325
664 +.605002504732E-0325
665 +.631306711987E-0325
666 +.209497796386E-0324
667 +.299239135509E-0324
668 +.701996027866E-0324
669 +.557548515827E-0324
670 +.154101966144E-0323
671 +.354905069735E-0323
672 +.249972404537E-0323
673 +.538485018740E-0323
674 +.913393710040E-0323
675 +.208552203596E-0322
676 +.246093731671E-0322
677 +.771837284521E-0322
678 +.727895847857E-0322
679 +.204324328955E-0321
680 +.467508435615E-0321
681 +.345281336211E-0321
682 +.728388461450E-0321
683 +.127643257904E-0320
684 +.279006902739E-0320
685 +.388075858726E-0320
686 +.109989675726E-0319
687 +.161071953987E-0320
688 +.242438565425E-0320
689 +.822085203259E-0320
690 +.219264558753E-0319
691 +.375906996239E-0319
692 +.213637543307E-0319
693 +.549269058535E-0319
694 +.578059117615E-0319
695 +.188459557528E-0318
696 +.236145997598E-0318
697 +.601828836348E-0318
698 +.825814334329E-0318
699 +.190587528218E-0317
700 +.135048478659E-0317
701 +.375835508219E-0317
702 +.933610608992E-0317
703 +.263447884702E-0317
704 +.791500836455E-0317
705 +.899554262218E-0317
706 +.279671715183E-0316
707 +.234820853095E-0316
708 +.671129094063E-0316
709 +.170809053022E-0315
710 +.231111796984E-0316
711 +.968394680769E-0316
712 +.969675130743E-0316
713 +.316045043207E-0315
714 +.382067630125E-0315
715 +.990897959321E-0315
716 +.149840142512E-0314
717 +.319036959460E-0314
718 +.817534802617E-0315
719 +.183837408585E-0314
720 +.557378217916E-0314
721 +.714977562339E-0314
722 +.654802288390E-0314
723 +.138262397819E-0313
724 +.234460168799E-0313
725 +.540460596960E-0313
726 +.611584276185E-0313
727 +.195836738089E-0312
728 +.219119811989E-0312
729 +.586760651319E-0312
730 +.105088472506E-0311
731 +.179230561754E-0311
732 +.116657496511E-0311
733 +.432801573421E-0311
734 +.975960666713E-0311
735 +.891641545897E-0311
736 +.167618411220E-0310
737 +.346966152289E-0310
738 +.550144234034E-0310
739 +.138888209100E-0309
740 +.866723246633E-0310
741 +.334011557574E-0309
742 +.888179700424E-0309
743 +.412454676036E-0310
744 +.184923821195E-0309
745 +.147813748212E-0309
746 +.501553936660E-0309
747 +.704866691121E-0309
748 +.167489957961E-0308
749 +.146562652542E-0308
750 +.400519892829E-0308
751 +.849200146576E-0308
752 +.929603317081E-0308
753 +.152546227497E-0307
754 +.369073613121E-0307
755 +.307392761186E-0307
756 +.110044249201E-0306
757 +.229646115004E-0306
758 +.290799266970E-0306
759 +.404674897645E-0306
760 +.112173784547E-0305
761 +.144448670128E-0307
762 +.285103732245E-0306
763 +.102261757676E-0305
764 +.265269557617E-0305
765 +.408026064189E-0305
766 +.342776156490E-0305
767 +.752262003617E-0305
768 +.117278834000E-0304
769 +.296972059823E-0304
770 +.180539400286E-0304
771 +.699701588436E-0304
772 +.188583499448E-0303
773 +.264654849173E-0304
774 +.449635185644E-0305
775 +.409445981433E-0305
776 +.110354985396E-0304
777 +.155210238267E-0304
778 +.363546826594E-0304
779 +.288207104600E-0304
780 +.796684046804E-0304
781 +.183715619339E-0303
782 +.128184714968E-0303
783 +.277257481509E-0303
784 +.467295709843E-0303
785 +.107558350593E-0302
786 +.122536504040E-0302
787 +.391073770244E-0302
788 +.426418809725E-0302
789 +.115215653038E-0301
790 +.216116380622E-0301
791 +.337038777628E-0301
792 +.309421455676E-0301
793 +.104562778646E-0300
794 +.162330073833E-0300
795 +.353178280951E-0300
796 +.127277549995E-0300
797 +.325077285290E-0300
798 +.964294309073E-0300
799 +.100298479600E-0299
800 +.114899797219E-0299
801 +.201303646896E-0299
802 +.461229236329E-0299
803 +.521565766500E-0299
804 +.166974411280E-0298
805 +.186460758904E-0298
806 +.499647250789E-0298
807 +.898046997257E-0298
808 +.152203501951E-0297
809 +.102155593634E-0297
810 +.376279502702E-0297
811 +.830641335008E-0297
812 +.843401586405E-0297
813 +.147264000640E-0296
814 +.333561290743E-0296
815 +.392534441907E-0296
816 +.123160295030E-0295
817 +.116494732695E-0295
818 +.326799250864E-0295
819 +.745203555316E-0295
820 +.563139182455E-0295
821 +.117539115664E-0294
822 +.209393752256E-0294
823 +.446920538356E-0294
824 +.670109020439E-0294
825 +.178694798546E-0293
826 +.497063371553E-0294
827 +.228885380484E-0293
828 +.755863864174E-0293
829 +.143845404144E-0292
830 +.143262451436E-0294
831 +.399367626568E-0293
832 +.124827927478E-0293
833 +.546891487124E-0293
834 +.157908206391E-0292
835 +.102012494502E-0292
836 +.132811735208E-0292
837 +.173703515564E-0292
838 +.517428318812E-0292
839 +.287544463500E-0292
840 +.825119066735E-0292
841 +.256142473426E-0291
842 +.364286934442E-0291
843 +.272429263674E-0291
844 +.638534012702E-0291
845 +.848350160833E-0291
846 +.244994823255E-0290
847 +.684300220898E-0291
848 +.167731714555E-0290
849 +.571313867959E-0290
850 +.140297665761E-0289
851 +.166048187210E-0289
852 +.211375193832E-0289
853 +.328102537016E-0289
854 +.847994505324E-0289
855 +.383255512115E-0289
856 +.158083546469E-0288
857 +.476728212958E-0288
858 +.491177052389E-0288
859 +.564403381871E-0288
860 +.984690428673E-0288
861 +.226826090739E-0287
862 +.250304049223E-0287
863 +.810410451204E-0287
864 +.983412025895E-0287
865 +.254658300846E-0286
866 +.381885341885E-0286
867 +.819577945336E-0286
868 +.243539041081E-0286
869 +.584204972493E-0286
870 +.176115208191E-0285
871 +.212355349525E-0285
872 +.211800963366E-0285
873 +.421994374835E-0285
874 +.799101926312E-0285
875 +.155567852644E-0284
876 +.292141880823E-0284
877 +.587352969096E-0284
878 +.103004896938E-0283
879 +.230636760251E-0283
880 +.294518415271E-0283
881 +.884178195653E-0283
882 +.517978226595E-0283
883 +.149329430909E-0282
884 +.457658294365E-0282
885 +.594992820889E-0282
886 +.533092737923E-0282
887 +.114051328201E-0281
888 +.188180402502E-0281
889 +.448536620913E-0281
890 +.428348441942E-0281
891 +.146963327682E-0280
892 +.252925760488E-0280
893 +.487001144873E-0280
894 +.101646012341E-0280
895 +.494597371868E-0280
896 +.148374396376E-0279
897 +.142143607433E-0279
898 +.170614702375E-0279
899 +.281049145863E-0279
900 +.691347082306E-0279
901 +.516478651116E-0279
902 +.190556041656E-0278
903 +.445227911612E-0278
904 +.327313809412E-0278
905 +.690590792628E-0278
906 +.121074092871E-0277
907 +.264423841138E-0277
908 +.368831034344E-0277
909 +.104316636981E-0276
910 +.136823564392E-0277
911 +.173571217600E-0277
912 +.582616507195E-0277
913 +.156019478276E-0276
914 +.271508778571E-0276
915 +.142687834534E-0276
916 +.376529536076E-0276
917 +.370797019283E-0276
918 +.124055218794E-0275
919 +.182713671851E-0275
920 +.418029189005E-0275
921 +.268213326027E-0275
922 +.745992552749E-0275
923 +.194082821830E-0274
924 +.221728193103E-0276
925 +.538307621982E-0275
926 +.460336419739E-0275
927 +.155089561729E-0274
928 +.217989343860E-0274
929 +.517745300116E-0274
930 +.451639852806E-0274
931 +.123479093767E-0273
932 +.262600302068E-0273
933 +.284016706439E-0273
934 +.471199682657E-0273
935 +.112762556711E-0272
936 +.100674013429E-0272
937 +.352885042933E-0272
938 +.672635280695E-0272
939 +.108291427069E-0271
940 +.895652551287E-0272
941 +.312372834301E-0271
942 +.563634359540E-0271
943 +.100577424989E-0270
944 +.501251715149E-0271
945 +.197124054977E-0270
946 +.506874614559E-0270
947 +.899970054645E-0271
948 +.328674889490E-0270
949 +.343417086396E-0270
950 +.110320887562E-0269
951 +.120973740744E-0269
952 +.326148295227E-0269
953 +.605003467531E-0269
954 +.965614628407E-0269
955 +.823861707545E-0269
956 +.284865097013E-0268
957 +.494947588016E-0268
958 +.938035620827E-0268
959 +.256030725934E-0268
960 +.115544668463E-0267
961 +.338097755255E-0267
962 +.255671699557E-0267
963 +.330290470998E-0267
964 +.465869436177E-0267
965 +.131613536026E-0266
966 +.200986794753E-0267
967 +.318705199087E-0267
968 +.108056468169E-0266
969 +.284237382683E-0266
970 +.460110695885E-0266
971 +.331284856086E-0266
972 +.780318002653E-0266
973 +.102967208605E-0265
974 +.298432199157E-0265
975 +.912856810806E-0266
976 +.231566896975E-0265
977 +.785226295820E-0265
978 +.187702670461E-0264
979 +.192913051855E-0264
980 +.272100177614E-0264
981 +.351817410249E-0264
982 +.104111161083E-0263
983 +.513673144573E-0264
984 +.145536514969E-0263
985 +.464812412831E-0263
986 +.792718656953E-0263
987 +.266102628980E-0263
988 +.819430830090E-0263
989 +.542709178122E-0263
990 +.203468580879E-0262
991 +.484836134330E-0262
992 +.305483327925E-0262
993 +.687802564257E-0262
994 +.108950172608E-0261
995 +.269064615996E-0261
996 +.203684098189E-0261
997 +.749234288552E-0261
998 +.173367376545E-0260
999 +.136234271878E-0260
1000 +.278475041580E-0260
1001 +.512324724234E-0260
1002 +.103933261865E-0259
1003 +.178303295275E-0259
1004 +.411122225508E-0259
1005 +.464607359892E-0259
1006 +.148894643978E-0258
1007 +.167665479299E-0258
1008 +.447928501970E-0258
1009 +.792590132253E-0258
1010 +.138018151432E-0257
1011 +.803246228385E-0258
1012 +.305620454583E-0257
1013 +.735970746249E-0257
1014 +.419297189298E-0257
1015 +.980928644224E-0257
1016 +.146477071096E-0256
1017 +.382764751850E-0256
1018 +.158799006186E-0256
1019 +.667235477041E-0256
1020 +.206114450066E-0255
1021 +.257197348667E-0255
1022 +.244172986376E-0255
1023 +.503729348277E-0255
1024 +.894798626608E-0255
1025 +.193546846831E-0254
1026 +.278646578800E-0254
1027 +.769156865521E-0254
1028 +.328808360279E-0255
1029 +.347915029238E-0254
1030 +.123175159126E-0253
1031 +.318240340874E-0253
1032 +.480223261314E-0253
1033 +.423299160966E-0253
1034 +.905431127674E-0253
1035 +.149104225424E-0252
1036 +.355906096052E-0252
1037 +.337076946557E-0252
1038 +.115982621475E-0251
1039 +.202542442256E-0251
1040 +.381703832621E-0251
1041 +.112543147549E-0251
1042 +.498024930906E-0251
1043 +.144314388345E-0250
1044 +.979022608467E-0251
1045 +.127555492723E-0250
1046 +.170299446628E-0250
1047 +.500321905196E-0250
1048 +.223714544527E-0250
1049 +.624653133169E-0250
1050 +.203257418143E-0249
1051 +.386728917118E-0249
1052 +.192060743665E-0251
1053 +.111706522946E-0249
1054 +.357670638907E-0250
1055 +.155858054084E-0249
1056 +.449482978094E-0249
1057 +.286438242627E-0249
1058 +.372723125340E-0249
1059 +.484760263973E-0249
1060 +.144932200176E-0248
1061 +.847823422534E-0249
1062 +.244178272862E-0248
1063 +.746529682391E-0248
1064 +.953862694102E-0248
1065 +.878538410096E-0248
1066 +.184833575858E-0247
1067 +.315774224580E-0247
1068 +.720954849034E-0247
1069 +.850942045099E-0247
1070 +.266884108476E-0246
1071 +.251701584788E-0246
1072 +.706535688610E-0246
1073 +.161654182548E-0245
1074 +.119421833433E-0245
1075 +.251896359839E-0245
1076 +.441506523062E-0245
1077 +.964807778644E-0245
1078 +.134314002532E-0244
1079 +.380431540461E-0244
1080 +.539187083374E-0245
1081 +.775196037392E-0245
1082 +.262212856736E-0244
1083 +.700299862980E-0244
1084 +.120672405697E-0243
1085 +.668417558521E-0244
1086 +.173344505287E-0243
1087 +.178412712718E-0243
1088 +.586926096251E-0243
1089 +.780281573055E-0243
1090 +.192317103572E-0242
1091 +.216073285058E-0242
1092 +.554180258871E-0242
1093 +.812504405544E-0242
1094 +.178085223224E-0241
1095 +.729234478899E-0242
1096 +.192302623180E-0241
1097 +.562964612781E-0241
1098 +.515785948188E-0241
1099 +.633959010534E-0241
1100 +.100706508380E-0240
1101 +.257007035584E-0240
1102 +.135844711077E-0240
1103 +.542301084543E-0240
1104 +.155375577745E-0239
1105 +.932162170806E-0240
1106 +.120737678740E-0239
1107 +.153519111803E-0239
1108 +.465752292027E-0239
1109 +.327548354274E-0239
1110 +.946963766557E-0239
1111 +.268962781241E-0238
1112 +.173210560211E-0238
1113 +.226217543442E-0238
1114 +.293728508447E-0238
1115 +.878693808925E-0238
1116 +.517720359826E-0238
1117 +.149169775344E-0237
1118 +.455013186320E-0237
1119 +.571684188445E-0237
1120 +.539866708303E-0237
1121 +.111772735242E-0236
1122 +.197152102251E-0236
1123 +.430849603707E-0236
1124 +.599862508554E-0236
1125 +.169913786276E-0235
1126 +.241479728724E-0236
1127 +.348564957314E-0236
1128 +.117930618420E-0235
1129 +.314939832274E-0235
1130 +.542558916151E-0235
1131 +.300901497073E-0235
1132 +.780021861784E-0235
1133 +.803681365629E-0235
1134 +.264276409787E-0234
1135 +.350392384903E-0234
1136 +.865051822507E-0234
1137 +.982121383419E-0234
1138 +.250877944000E-0233
1139 +.359286560079E-0233
1140 +.803206652899E-0233
1141 +.417493675592E-0233
1142 +.114497851442E-0232
1143 +.320239401404E-0232
1144 +.171209002179E-0232
1145 +.218403369306E-0232
1146 +.266465783234E-0232
1147 +.829221048323E-0232
1148 +.758907904232E-0232
1149 +.214037720682E-0231
1150 +.503520598777E-0231
1151 +.299056041036E-0231
1152 +.689983521071E-0231
1153 +.105063173187E-0230
1154 +.269790896179E-0230
1155 +.141399607241E-0230
1156 +.565700784244E-0230
1157 +.162895145878E-0229
1158 +.104296176120E-0229
1159 +.135730850055E-0229
1160 +.176901927870E-0229
1161 +.528177489849E-0229
1162 +.303251333997E-0229
1163 +.872327988270E-0229
1164 +.268243774258E-0228
1165 +.357268579019E-0228
1166 +.306959468439E-0228
1167 +.672510955501E-0228
1168 +.105336198376E-0227
1169 +.265708586893E-0227
1170 +.167684478462E-0227
1171 +.644496350743E-0227
1172 +.170176885114E-0226
1173 +.281945664495E-0229
1174 +.516106979472E-0227
1175 +.454366377968E-0227
1176 +.152122717014E-0226
1177 +.208189490460E-0226
1178 +.503785490024E-0226
1179 +.501652274104E-0226
1180 +.133616558824E-0225
1181 +.242958253188E-0225
1182 +.403348876276E-0225
1183 +.296801467332E-0225
1184 +.106882666394E-0224
1185 +.219026967310E-0224
1186 +.293011502769E-0224
1187 +.375959977036E-0224
1188 +.109723778525E-0223
1189 +.420597720183E-0224
1190 +.113755844693E-0223
1191 +.377143092604E-0223
1192 +.797302843633E-0223
1193 +.332648028220E-0223
1194 +.477675896707E-0223
1195 +.288633176813E-0223
1196 +.111552524759E-0222
1197 +.298595676519E-0222
1198 +.283034081777E-0223
1199 +.337206358309E-0223
1200 +.204327004863E-0223
1201 +.719087641980E-0223
1202 +.102852903167E-0222
1203 +.241605826514E-0222
1204 +.193441524136E-0222
1205 +.534287928735E-0222
1206 +.122317846986E-0221
1207 +.898817728319E-0222
1208 +.190010983357E-0221
1209 +.331926657492E-0221
1210 +.728742621895E-0221
1211 +.998622297776E-0221
1212 +.286110611658E-0220
1213 +.647128578252E-0221
1214 +.143191711722E-0220
1215 +.490615120922E-0220
1216 +.126051645632E-0219
1217 +.184632631470E-0219
1218 +.173953548462E-0219
1219 +.357691863540E-0219
1220 +.636676820757E-0219
1221 +.137191963053E-0218
1222 +.199862294595E-0218
1223 +.546382823828E-0218
1224 +.600790814417E-0219
1225 +.377697846152E-0218
1226 +.131558837982E-0217
1227 +.322613354306E-0217
1228 +.380954713609E-0217
1229 +.486059091276E-0217
1230 +.752029952855E-0217
1231 +.194935274700E-0216
1232 +.845280620246E-0217
1233 +.351703441833E-0216
1234 +.107245224107E-0215
1235 +.121112142439E-0215
1236 +.129169722053E-0215
1237 +.243440698194E-0215
1238 +.504758282661E-0215
1239 +.804339633240E-0215
1240 +.202129708032E-0214
1241 +.131758525086E-0214
1242 +.502775053368E-0214
1243 +.130311734975E-0213
1244 +.163213102377E-0214
1245 +.712435641249E-0214
1246 +.713098746563E-0214
1247 +.232196760349E-0213
1248 +.278285110583E-0213
1249 +.724589431086E-0213
1250 +.111938924583E-0212
1251 +.233292264303E-0212
1252 +.348519239706E-0213
1253 +.499191422342E-0213
1254 +.149605208005E-0212
1255 +.210713819989E-0212
1256 +.162075537351E-0212
1257 +.375235551635E-0212
1258 +.514488916616E-0212
1259 +.145376586445E-0211
1260 +.173293233957E-0212
1261 +.180215062583E-0212
1262 +.595438455990E-0212
1263 +.159393187375E-0211
1264 +.276355894535E-0211
1265 +.148163593331E-0211
1266 +.388423716175E-0211
1267 +.388894191636E-0211
1268 +.129309570689E-0210
1269 +.183662083858E-0210
1270 +.432620250256E-0210
1271 +.354699674068E-0210
1272 +.977367782295E-0210
1273 +.219596846103E-0209
1274 +.181880759622E-0209
1275 +.362488517752E-0209
1276 +.692106102868E-0209
1277 +.131478485358E-0208
1278 +.258657086677E-0208
1279 +.475500494155E-0208
1280 +.991398802876E-0208
1281 +.158925822285E-0207
1282 +.397171875961E-0207
1283 +.272147944934E-0207
1284 +.102645966014E-0206
1285 +.257464892045E-0206
1286 +.855175468950E-0207
1287 +.241571018327E-0206
1288 +.288781748555E-0206
1289 +.876229531501E-0206
1290 +.567499818704E-0206
1291 +.164184544832E-0205
1292 +.484792180288E-0205
1293 +.468095677694E-0205
1294 +.561321950700E-0205
1295 +.926824872088E-0205
1296 +.227376971326E-0204
1297 +.173374609343E-0204
1298 +.636282358533E-0204
1299 +.145966793576E-0203
1300 +.121148737035E-0203
1301 +.240746622564E-0203
1302 +.461673063356E-0203
1303 +.869578603607E-0203
1304 +.173729001081E-0202
1305 +.308908592443E-0202
1306 +.678113056195E-0202
1307 +.930203749265E-0202
1308 +.266402445954E-0201
1309 +.594895037799E-0202
1310 +.130657463302E-0201
1311 +.447730906828E-0201
1312 +.115261063265E-0200
1313 +.170310267168E-0200
1314 +.157481797068E-0200
1315 +.327602346647E-0200
1316 +.570381239536E-0200
1317 +.126856405288E-0199
1318 +.166067161124E-0199
1319 +.490780158982E-0199
1320 +.226819046974E-0199
1321 +.637328588039E-0199
1322 +.206788098148E-0198
1323 +.386822382532E-0198
1324 +.206118372490E-0199
1325 +.162294040705E-0198
1326 +.624904112085E-0199
1327 +.261963802959E-0198
1328 +.746180111533E-0198
1329 +.406342245924E-0198
1330 +.518753343719E-0198
1331 +.639760328619E-0198
1332 +.197893502034E-0197
1333 +.171127843442E-0197
1334 +.486962960782E-0197
1335 +.120728955815E-0196
1336 +.358022606095E-0197
1337 +.105583020412E-0196
1338 +.121439363914E-0196
1339 +.375543009081E-0196
1340 +.299473811419E-0196
1341 +.860464605466E-0196
1342 +.227456305660E-0195
1343 +.259119107526E-0196
1344 +.170439542206E-0196
1345 +.668428317477E-0197
1346 +.253860540082E-0196
1347 +.372113022964E-0196
1348 +.860323190006E-0196
1349 +.602629769406E-0196
1350 +.167656091270E-0195
1351 +.418207593886E-0195
1352 +.107451919633E-0195
1353 +.334797764915E-0195
1354 +.372209805178E-0195
1355 +.116826179017E-0194
1356 +.106895457905E-0194
1357 +.301676007670E-0194
1358 +.711416780846E-0194
1359 +.413243424316E-0194
1360 +.961375087229E-0194
1361 +.144535098812E-0193
1362 +.375495078947E-0193
1363 +.169588711457E-0193
1364 +.699937353534E-0193
1365 +.211570866567E-0192
1366 +.222380050955E-0192
1367 +.251947984884E-0192
1368 +.446789577121E-0192
1369 +.100832717354E-0191
1370 +.121638665170E-0191
1371 +.376943217735E-0191
1372 +.317748466008E-0191
1373 +.907993171747E-0191
1374 +.230644059644E-0190
1375 +.340355356713E-0191
1376 +.136283006594E-0190
1377 +.137900721942E-0190
1378 +.448025073987E-0190
1379 +.530889113742E-0190
1380 +.138923664766E-0189
1381 +.220465405734E-0189
1382 +.446274504385E-0189
1383 +.516725953245E-0191
1384 +.116049008729E-0189
1385 +.373300403928E-0189
1386 +.518420867629E-0189
1387 +.406347042804E-0189
1388 +.932264755802E-0189
1389 +.130868333075E-0188
1390 +.363407242992E-0188
1391 +.181214386315E-0190
1392 +.115480010382E-0188
1393 +.412955323827E-0188
1394 +.108421259201E-0187
1395 +.175463202009E-0187
1396 +.126511120119E-0187
1397 +.297818376185E-0187
1398 +.393542740370E-0187
1399 +.113955644443E-0186
1400 +.340651463883E-0187
1401 +.857077649881E-0187
1402 +.290994068822E-0186
1403 +.700738985930E-0186
1404 +.749421863002E-0186
1405 +.103207265245E-0185
1406 +.140406926710E-0185
1407 +.402273574212E-0185
1408 +.100287004567E-0185
1409 +.233401209242E-0185
1410 +.795949440381E-0185
1411 +.198307309582E-0184
1412 +.251953206099E-0184
1413 +.297671835472E-0184
1414 +.507269682795E-0184
1415 +.119197095725E-0183
1416 +.119217563652E-0183
1417 +.401934927957E-0183
1418 +.629550259902E-0183
1419 +.135978735992E-0182
1420 +.438387741463E-0183
1421 +.108216459844E-0182
1422 +.323958717796E-0182
1423 +.366907290229E-0182
1424 +.391742322870E-0182
1425 +.737807621048E-0182
1426 +.153108649748E-0181
1427 +.243436566640E-0181
1428 +.613185370658E-0181
1429 +.391109840575E-0181
1430 +.149985042844E-0180
1431 +.393880264984E-0180
1432 +.150998771470E-0181
1433 +.148017333292E-0180
1434 +.136473059884E-0180
1435 +.453253398625E-0180
1436 +.602694378452E-0180
1437 +.148556913635E-0179
1438 +.166930145508E-0179
1439 +.428121091881E-0179
1440 +.627527189007E-0179
1441 +.137571869538E-0178
1442 +.564978354191E-0179
1443 +.149080748966E-0178
1444 +.436256008860E-0178
1445 +.398108454954E-0178
1446 +.490140110671E-0178
1447 +.776374618401E-0178
1448 +.198685865274E-0177
1449 +.101618805389E-0177
1450 +.408485289629E-0177
1451 +.118485003712E-0176
1452 +.828735979541E-0177
1453 +.107810452845E-0176
1454 +.146155936940E-0176
1455 +.424926428607E-0176
1456 +.155840369998E-0176
1457 +.417246283071E-0176
1458 +.139269989082E-0175
1459 +.305295804838E-0175
1460 +.177535141568E-0175
1461 +.275991726380E-0175
1462 +.197655566055E-0175
1463 +.731953337733E-0175
1464 +.172395030482E-0174
1465 +.118981399339E-0174
1466 +.258142654934E-0174
1467 +.433305079899E-0174
1468 +.100222629908E-0173
1469 +.111674387805E-0173
1470 +.360131258961E-0173
1471 +.424731676679E-0173
1472 +.111398486341E-0172
1473 +.178949148596E-0172
1474 +.357159652571E-0172
1475 +.186257521054E-0173
1476 +.171406186917E-0172
1477 +.539586042396E-0172
1478 +.711391259647E-0172
1479 +.619111294982E-0172
1480 +.134667151208E-0171
1481 +.214388813219E-0171
1482 +.531774163138E-0171
1483 +.388509569361E-0171
1484 +.144229756738E-0170
1485 +.344291642048E-0170
1486 +.213305191357E-0170
1487 +.483385906813E-0170
1488 +.758085624358E-0170
1489 +.189140154359E-0169
1490 +.131933591078E-0169
1491 +.495350617327E-0169
1492 +.122497190115E-0168
1493 +.511455826002E-0169
1494 +.133361848565E-0168
1495 +.172382497014E-0168
1496 +.500854689892E-0168
1497 +.158770872032E-0168
1498 +.407618650693E-0168
1499 +.137869183153E-0167
1500 +.324908796478E-0167
1501 +.308287578022E-0167
1502 +.451941524894E-0167
1503 +.528840640212E-0167
1504 +.165258247954E-0166
1505 +.153459192698E-0166
1506 +.431617472888E-0166
1507 +.100000652424E-0165
1508 +.674431534974E-0166
1509 +.148012204431E-0165
1510 +.243771928876E-0165
1511 +.576917623586E-0165
1512 +.573385038968E-0165
1513 +.193875679140E-0164
1514 +.308745314664E-0164
1515 +.655216940653E-0164
1516 +.152261415852E-0164
1517 +.324675947809E-0164
1518 +.984101837697E-0164
1519 +.128117478328E-0163
1520 +.114609834700E-0163
1521 +.245456405537E-0163
1522 +.404069632701E-0163
1523 +.965699718354E-0163
1524 +.908146094036E-0163
1525 +.313247739636E-0162
1526 +.553804685996E-0162
1527 +.102400653505E-0161
1528 +.376977857221E-0162
1529 +.158305419283E-0161
1530 +.442297231340E-0161
1531 +.175713448932E-0161
1532 +.200878646704E-0161
1533 +.235742619490E-0161
1534 +.756746450832E-0161
1535 +.906205543740E-0161
1536 +.235841595820E-0160
1537 +.363651415311E-0160
1538 +.759372635998E-0160
1539 +.120716514403E-0160
1540 +.187336071004E-0160
1541 +.564058159359E-0160
1542 +.790562500662E-0160
1543 +.614402041530E-0160
1544 +.141569395812E-0159
1545 +.196481706036E-0159
1546 +.550290482664E-0159
1547 +.305777015613E-0160
1548 +.561651916008E-0160
1549 +.210986834469E-0159
1550 +.562662069499E-0159
1551 +.977127151091E-0159
1552 +.520106158405E-0159
1553 +.136675664780E-0158
1554 +.136012727524E-0158
1555 +.453284402804E-0158
1556 +.652625579984E-0158
1557 +.152118306252E-0157
1558 +.114709546844E-0157
1559 +.318236036763E-0157
1560 +.759899136573E-0157
1561 +.388331107074E-0157
1562 +.945812636777E-0157
1563 +.132946859319E-0156
1564 +.365023062454E-0156
1565 +.321119974982E-0157
1566 +.223807479619E-0156
1567 +.782907982739E-0156
1568 +.194779041938E-0155
1569 +.246990601701E-0155
1570 +.292543699602E-0155
1571 +.497149432084E-0155
1572 +.117188604143E-0154
1573 +.115246234327E-0154
1574 +.391002578627E-0154
1575 +.634081254514E-0154
1576 +.131831146717E-0153
1577 +.173716480259E-0154
1578 +.202285561040E-0154
1579 +.595900414374E-0154
1580 +.834622435381E-0154
1581 +.652146222999E-0154
1582 +.149911631045E-0153
1583 +.209268317081E-0153
1584 +.583582604104E-0153
1585 +.145569533155E-0154
1586 +.123203249451E-0153
1587 +.446480856246E-0153
1588 +.118425118194E-0152
1589 +.200274500960E-0152
1590 +.121487564932E-0152
1591 +.305397227767E-0152
1592 +.340773407944E-0152
1593 +.108302290644E-0151
1594 +.112482561152E-0151
1595 +.308437860992E-0151
1596 +.624219270343E-0151
1597 +.802587988015E-0151
1598 +.109570163891E-0150
1599 +.307822167060E-0150
1600 +.328451875871E-0151
1601 +.243882988295E-0151
1602 +.774527829669E-0151
1603 +.204156365679E-0150
1604 +.330155463324E-0150
1605 +.238380912267E-0150
1606 +.560834067948E-0150
1607 +.742227993327E-0150
1608 +.214705998412E-0149
1609 +.625654243246E-0150
1610 +.155928393579E-0149
1611 +.530085422453E-0149
1612 +.128632068875E-0148
1613 +.143247050694E-0148
1614 +.191815399138E-0148
1615 +.274966225118E-0148
1616 +.759022707253E-0148
1617 +.131697650952E-0149
1618 +.274606616271E-0148
1619 +.975947876780E-0148
1620 +.252058362214E-0147
1621 +.379952217985E-0147
1622 +.335771118481E-0147
1623 +.717187502188E-0147
1624 +.118452640420E-0146
1625 +.281769916358E-0146
1626 +.272135447815E-0146
1627 +.929945483824E-0146
1628 +.156767131057E-0145
1629 +.310597139751E-0145
1630 +.274024059120E-0146
1631 +.187601551516E-0145
1632 +.583779648687E-0145
1633 +.724858259909E-0145
1634 +.692887651668E-0145
1635 +.142267561092E-0144
1636 +.255026172358E-0144
1637 +.544160973375E-0144
1638 +.816892388247E-0144
1639 +.217631847766E-0143
1640 +.618927478326E-0144
1641 +.283432754957E-0143
1642 +.933664310581E-0143
1643 +.175277005548E-0142
1644 +.648407830874E-0144
1645 +.671383409658E-0143
1646 +.247421591020E-0143
1647 +.104655328158E-0142
1648 +.299418235684E-0142
1649 +.173122667196E-0142
1650 +.223249557632E-0142
1651 +.280286116994E-0142
1652 +.857217966986E-0142
1653 +.659721905106E-0142
1654 +.189971184513E-0141
1655 +.513022623208E-0141
1656 +.135170884406E-0141
1657 +.109267589711E-0141
1658 +.134404097439E-0141
1659 +.438037554750E-0141
1660 +.611515183499E-0141
1661 +.145691898499E-0140
1662 +.130200034736E-0140
1663 +.354630614552E-0140
1664 +.736140796972E-0140
1665 +.871695718947E-0140
1666 +.132052328158E-0139
1667 +.343453487393E-0139
1668 +.139768891751E-0139
1669 +.589199693761E-0139
1670 +.182108383550E-0138
1671 +.228089976482E-0138
1672 +.215404438547E-0138
1673 +.445934944505E-0138
1674 +.786790018342E-0138
1675 +.171873711004E-0137
1676 +.239616474365E-0137
1677 +.678051577583E-0137
1678 +.914541910685E-0138
1679 +.121736194083E-0137
1680 +.409904139028E-0137
1681 +.109674412048E-0136
1682 +.190275441293E-0136
1683 +.101684262472E-0136
1684 +.266858205824E-0136
1685 +.266459688495E-0136
1686 +.886898279693E-0136
1687 +.126738814300E-0135
1688 +.297147606696E-0135
1689 +.234903497652E-0135
1690 +.649520273539E-0135
1691 +.150112495997E-0134
1692 +.103016534456E-0134
1693 +.224398723358E-0134
1694 +.374023463509E-0134
1695 +.872715678394E-0134
1696 +.932822874139E-0134
1697 +.306393594929E-0133
1698 +.410055275228E-0133
1699 +.100670398391E-0132
1700 +.110311711083E-0132
1701 +.285515174546E-0132
1702 +.441153160528E-0132
1703 +.919784733654E-0132
1704 +.139442575924E-0132
1705 +.203757811914E-0132
1706 +.611356324394E-0132
1707 +.859726966258E-0132
1708 +.663517503130E-0132
1709 +.153379456038E-0131
1710 +.211133545711E-0131
1711 +.594889030273E-0131
1712 +.586620579771E-0132
1713 +.303038101083E-0132
1714 +.913222388971E-0132
1715 +.245782005488E-0131
1716 +.429755531674E-0131
1717 +.219564072580E-0131
1718 +.584740616103E-0131
1719 +.562820033039E-0131
1720 +.189858743564E-0130
1721 +.292951661402E-0130
1722 +.642288818634E-0130
1723 +.257810993748E-0130
1724 +.676452621928E-0130
1725 +.198181366483E-0129
1726 +.183150771769E-0129
1727 +.224271960280E-0129
1728 +.358509344304E-0129
1729 +.909308421584E-0129
1730 +.514829178530E-0129
1731 +.202542591430E-0128
1732 +.563880192153E-0128
1733 +.212594169250E-0128
1734 +.235970307327E-0128
1735 +.276961396020E-0128
1736 +.891595627051E-0128
1737 +.109422035750E-0127
1738 +.281525280318E-0127
1739 +.407671808679E-0127
1740 +.902542758322E-0127
1741 +.419391760705E-0127
1742 +.113260937265E-0126
1743 +.324778497550E-0126
1744 +.239302804575E-0126
1745 +.310955640337E-0126
1746 +.430675355767E-0126
1747 +.123283687733E-0125
1748 +.307609388036E-0126
1749 +.716323501925E-0126
1750 +.244374708649E-0125
1751 +.609871595147E-0125
1752 +.781142215540E-0125
1753 +.913893654286E-0125
1754 +.157408278655E-0124
1755 +.365327894634E-0124
1756 +.389020739775E-0124
1757 +.127913008672E-0123
1758 +.172317682194E-0123
1759 +.421270933687E-0123
1760 +.449237637298E-0123
1761 +.117337533885E-0122
1762 +.190945555774E-0122
1763 +.375405302124E-0122
1764 +.442451219399E-0123
1765 +.265024466640E-0122
1766 +.819632844859E-0122
1767 +.985278507456E-0122
1768 +.982316972453E-0122
1769 +.195719079908E-0121
1770 +.370676393449E-0121
1771 +.721418645175E-0121
1772 +.135554450227E-0120
1773 +.272253748739E-0120
1774 +.478573147202E-0120
1775 +.106805297152E-0119
1776 +.138092509905E-0119
1777 +.411415889553E-0119
1778 +.216172282319E-0119
1779 +.617647225433E-0119
1780 +.195112473617E-0118
1781 +.310861393814E-0118
1782 +.158571541742E-0118
1783 +.427311123239E-0118
1784 +.385386372747E-0118
1785 +.133040570800E-0117
1786 +.231698949075E-0117
1787 +.438360914325E-0117
1788 +.122550259359E-0117
1789 +.549642400244E-0117
1790 +.160357003906E-0116
1791 +.117457064222E-0116
1792 +.152329148956E-0116
1793 +.211192091538E-0116
1794 +.604262636787E-0116
1795 +.148734049113E-0116
1796 +.344027032224E-0116
1797 +.117401553738E-0115
1798 +.293760487797E-0115
1799 +.380989178470E-0115
1800 +.438780778304E-0115
1801 +.768316782825E-0115
1802 +.174820876299E-0114
1803 +.203754007512E-0114
1804 +.642720104744E-0114
1805 +.636987611886E-0114
1806 +.176859453863E-0113
1807 +.381757195355E-0113
1808 +.387893673829E-0113
1809 +.678115668030E-0113
1810 +.153430213591E-0112
1811 +.181408559875E-0112
1812 +.567814160346E-0112
1813 +.525666038841E-0112
1814 +.148079315944E-0111
1815 +.345476525823E-0111
1816 +.220424011721E-0111
1817 +.494738151298E-0111
1818 +.786436134411E-0111
1819 +.193552323424E-0110
1820 +.150344416384E-0110
1821 +.549285291218E-0110
1822 +.124085510163E-0109
1823 +.112533202944E-0109
1824 +.212458635688E-0109
1825 +.437330600953E-0109
1826 +.703574618584E-0109
1827 +.174913825750E-0108
1828 +.125152786991E-0108
1829 +.467100683267E-0108
1830 +.113460119403E-0107
1831 +.592050748550E-0108
1832 +.142913684648E-0107
1833 +.203936991602E-0107
1834 +.553360464608E-0107
1835 +.932293523605E-0108
1836 +.496904288564E-0107
1837 +.170189628105E-0106
1838 +.388454486416E-0106
1839 +.304777621782E-0106
1840 +.471144391464E-0106
1841 +.442446284929E-0106
1842 +.151334243732E-0105
1843 +.256768337915E-0105
1844 +.503629363409E-0105
1845 +.662858208418E-0106
1846 +.379194311424E-0105
1847 +.116603350195E-0104
1848 +.134761453300E-0104
1849 +.140465163584E-0104
1850 +.270099702310E-0104
1851 +.542859341891E-0104
1852 +.934499337808E-0104
1853 +.214426195565E-0103
1854 +.247575190106E-0103
1855 +.785254700949E-0103
1856 +.815086985466E-0103
1857 +.223594884306E-0102
1858 +.453360627739E-0102
1859 +.579580905437E-0102
1860 +.797685803544E-0102
1861 +.222889640619E-0101
1862 +.152949055139E-0102
1863 +.124570482982E-0102
1864 +.491882469710E-0102
1865 +.128773788154E-0101
1866 +.208557813100E-0101
1867 +.150096860445E-0101
1868 +.353614709353E-0101
1869 +.466358624648E-0101
1870 +.135214378728E-0100
1871 +.417246701400E-0101
1872 +.106167733414E-0100
1873 +.359824779583E-0100
1874 +.857618256440E-0100
1875 +.867330087715E-0100
1876 +.123409675129E-0099
1877 +.156341400014E-0099
1878 +.468255834508E-0099
1879 +.274903893912E-0099
1880 +.791813232989E-0099
1881 +.241707334708E-0098
1882 +.305364864901E-0098
1883 +.286066691451E-0098
1884 +.595380263977E-0098
1885 +.103942468695E-0097
1886 +.230489138254E-0097
1887 +.305050614797E-0097
1888 +.895155346827E-0097
1889 +.364623226629E-0097
1890 +.100125569313E-0096
1891 +.331169386684E-0096
1892 +.689884966942E-0096
1893 +.244239680717E-0096
1894 +.325526598813E-0096
1895 +.190575980086E-0096
1896 +.743545554781E-0096
1897 +.205078617799E-0095
1898 +.637117725283E-0096
1899 +.613837639375E-0096
1900 +.730506600324E-0096
1901 +.237033032668E-0095
1902 +.313365047155E-0095
1903 +.774167029545E-0095
1904 +.883284840647E-0095
1905 +.225191953867E-0094
1906 +.318849769267E-0094
1907 +.719300960452E-0094
1908 +.411523273263E-0094
1909 +.113884511007E-0093
1910 +.309875488188E-0093
1911 +.100830060398E-0093
1912 +.101442582664E-0093
1913 +.119191305239E-0093
1914 +.387297214421E-0093
1915 +.513866956665E-0093
1916 +.126675632938E-0092
1917 +.142568416870E-0092
1918 +.365419608105E-0092
1919 +.533743847440E-0092
1920 +.117369129985E-0091
1921 +.501602305594E-0092
1922 +.133446831758E-0091
1923 +.388218485360E-0091
1924 +.334034951491E-0091
1925 +.420216514340E-0091
1926 +.638979501952E-0091
1927 +.169800587676E-0090
1928 +.461063875497E-0091
1929 +.213485522331E-0090
1930 +.704925841657E-0090
1931 +.133992990346E-0089
1932 +.781055886245E-0092
1933 +.384440660561E-0090
1934 +.122427234238E-0090
1935 +.534152337365E-0090
1936 +.154124305030E-0089
1937 +.988259544947E-0090
1938 +.128629303042E-0089
1939 +.167714593189E-0089
1940 +.500604029704E-0089
1941 +.286276618861E-0089
1942 +.823271134101E-0089
1943 +.253462135918E-0088
1944 +.340449167286E-0088
1945 +.287948790905E-0088
1946 +.636206438273E-0088
1947 +.977519919703E-0088
1948 +.251290315193E-0087
1949 +.129552657927E-0087
1950 +.520153271019E-0087
1951 +.150776053227E-0086
1952 +.104659123850E-0086
1953 +.136199016743E-0086
1954 +.183969202738E-0086
1955 +.536220715959E-0086
1956 +.207056279917E-0086
1957 +.561386777395E-0086
1958 +.186370758674E-0085
1959 +.396595792577E-0085
1960 +.176915025074E-0085
1961 +.260002768177E-0085
1962 +.160723119231E-0085
1963 +.617538726255E-0085
1964 +.162550756858E-0084
1965 +.328460849610E-0086
1966 +.552618659874E-0085
1967 +.498480439510E-0085
1968 +.166245534401E-0084
1969 +.224794160589E-0084
1970 +.548272583192E-0084
1971 +.575539630902E-0084
1972 +.151068740367E-0083
1973 +.252789460197E-0083
1974 +.479309471548E-0083
1975 +.128629082289E-0083
1976 +.583259693433E-0083
1977 +.171313959502E-0082
1978 +.134859582413E-0082
1979 +.173057740528E-0082
1980 +.249765840543E-0082
1981 +.693289479643E-0082
1982 +.181087514574E-0083
1983 +.143494997282E-0082
1984 +.519419452445E-0082
1985 +.136582653048E-0081
1986 +.222816718878E-0081
1987 +.156203850082E-0081
1988 +.371951698576E-0081
1989 +.477532589605E-0081
1990 +.140839559925E-0080
1991 +.617287036908E-0081
1992 +.171878161507E-0080
1993 +.562188725589E-0080
1994 +.110105619191E-0079
1995 +.120261733097E-0080
1996 +.610514764198E-0081
1997 +.173578572629E-0081
1998 +.411297535040E-0081
1999 +.117040267590E-0080
2000 +.813586108545E-0081
2001 +.106000264640E-0080
2002 +.143014567272E-0080
2003 +.417128708404E-0080
2004 +.163170287960E-0080
2005 +.443716400256E-0080
2006 +.147088159570E-0079
2007 +.310464229105E-0079
2008 +.127407320365E-0079
2009 +.181799522194E-0079
2010 +.109332941035E-0079
2011 +.423088794013E-0079
2012 +.113665697639E-0078
2013 +.136974292161E-0079
2014 +.710573392929E-0080
2015 +.196939892445E-0080
2016 +.808978059110E-0080
2017 +.117027508214E-0079
2018 +.274494845671E-0079
2019 +.215956675119E-0079
2020 +.597395822431E-0079
2021 +.138573307864E-0078
2022 +.924534012413E-0079
2023 +.203768806179E-0078
2024 +.333401254516E-0078
2025 +.795020264359E-0078
2026 +.757766251196E-0078
2027 +.260131734002E-0077
2028 +.448926875719E-0077
2029 +.860966268113E-0077
2030 +.193668083973E-0077
2031 +.921632708186E-0077
2032 +.274853095639E-0076
2033 +.250094445026E-0076
2034 +.307419305859E-0076
2035 +.487615534429E-0076
2036 +.124644028131E-0075
2037 +.646290208280E-0076
2038 +.259048657293E-0075
2039 +.747637144752E-0075
2040 +.492403641297E-0075
2041 +.641301601707E-0075
2042 +.845782277403E-0075
2043 +.250555782982E-0074
2044 +.128319424229E-0074
2045 +.365270267576E-0074
2046 +.115759298411E-0073
2047 +.188251809563E-0073
2048 +.866540196893E-0074
2049 +.241278671812E-0073
2050 +.199554372045E-0073
2051 +.707182247827E-0073
2052 +.138550146531E-0072
2053 +.209565042025E-0072
2054 +.209133098767E-0072
2055 +.686091407798E-0072
2056 +.898059172723E-0072
2057 +.223101502327E-0071
2058 +.263432736237E-0071
2059 +.661998208676E-0071
2060 +.860155703638E-0071
2061 +.205822399103E-0070
2062 +.193934456884E-0070
2063 +.523396269500E-0070
2064 +.102634586939E-0069
2065 +.144241756586E-0069
2066 +.169853619321E-0069
2067 +.519333331480E-0069
2068 +.384522167994E-0069
2069 +.110899428092E-0068
2070 +.305767925437E-0068
2071 +.126959019807E-0068
2072 +.148819211120E-0068
2073 +.173978859509E-0068
2074 +.558145829420E-0068
2075 +.663216567854E-0068
2076 +.173200542018E-0067
2077 +.272078629500E-0067
2078 +.557033315241E-0067
2079 +.357552933321E-0068
2080 +.437796868016E-0068
2081 +.151347407737E-0067
2082 +.213475457222E-0067
2083 +.159591954278E-0067
2084 +.373940751443E-0067
2085 +.497638725075E-0067
2086 +.143551720344E-0066
2087 +.388911676311E-0067
2088 +.941225409473E-0067
2089 +.320966911449E-0066
2090 +.794233110734E-0066
2091 +.976279108983E-0066
2092 +.119709408572E-0065
2093 +.195302107602E-0065
2094 +.481095439355E-0065
2095 +.355946746832E-0065
2096 +.131639884082E-0064
2097 +.309986161642E-0064
2098 +.215002957814E-0064
2099 +.465426674926E-0064
2100 +.784058070235E-0064
2101 +.180542265743E-0063
2102 +.205306726555E-0063
2103 +.655807321854E-0063
2104 +.719969130857E-0063
2105 +.194084695216E-0062
2106 +.359779305497E-0062
2107 +.575010654488E-0062
2108 +.488347729653E-0062
2109 +.169086332219E-0061
2110 +.295626614428E-0061
2111 +.555043071294E-0061
2112 +.171991549107E-0061
2113 +.751880611860E-0061
2114 +.216402244203E-0060
2115 +.135234695521E-0060
2116 +.175852556837E-0060
2117 +.226774185652E-0060
2118 +.681720221780E-0060
2119 +.428647729655E-0060
2120 +.123859172398E-0059
2121 +.369338249675E-0059
2122 +.388365913417E-0059
2123 +.441517013864E-0059
2124 +.780311530296E-0059
2125 +.176834455198E-0058
2126 +.209699385425E-0058
2127 +.655733933523E-0058
2128 +.602004550468E-0058
2129 +.169845791643E-0057
2130 +.399676686842E-0057
2131 +.236752620789E-0057
2132 +.546781636616E-0057
2133 +.831296031063E-0057
2134 +.213773701827E-0056
2135 +.110150818951E-0056
2136 +.442261149239E-0056
2137 +.128161076068E-0055
2138 +.886602041488E-0056
2139 +.115394861896E-0055
2140 +.155616639648E-0055
2141 +.454087621109E-0055
2142 +.179232560447E-0055
2143 +.488380502268E-0055
2144 +.161722662224E-0054
2145 +.339371102263E-0054
2146 +.130726881576E-0054
2147 +.181643155203E-0054
2148 +.107620329374E-0054
2149 +.418204916102E-0054
2150 +.113777695951E-0053
2151 +.239272915909E-0054
2152 +.126601069272E-0054
2153 +.180368497381E-0054
2154 +.582488366350E-0054
2155 +.819306991125E-0054
2156 +.194027022715E-0053
2157 +.165922816338E-0053
2158 +.454898851606E-0053
2159 +.985642801285E-0053
2160 +.984497516183E-0053
2161 +.174333081565E-0052
2162 +.388678777873E-0052
2163 +.487278427452E-0052
2164 +.147699475362E-0051
2165 +.978368773287E-0052
2166 +.283218250633E-0051
2167 +.829351617114E-0051
2168 +.741846883367E-0051
2169 +.920902027707E-0051
2170 +.143751498310E-0050
2171 +.373022757010E-0050
2172 +.158480806418E-0050
2173 +.662311001705E-0050
2174 +.203085283309E-0049
2175 +.239593402490E-0049
2176 +.244144900020E-0049
2177 +.478329156884E-0049
2178 +.932425260639E-0049
2179 +.171579623506E-0048
2180 +.356917176288E-0048
2181 +.575476623452E-0048
2182 +.142919540092E-0047
2183 +.103207017652E-0047
2184 +.384328832192E-0047
2185 +.926956932688E-0047
2186 +.520949450324E-0047
2187 +.122449844222E-0046
2188 +.181634588499E-0046
2189 +.477387869947E-0046
2190 +.180461186664E-0046
2191 +.773566776244E-0046
2192 +.243779258704E-0045
2193 +.350030996635E-0045
2194 +.254115749067E-0045
2195 +.603271719385E-0045
2196 +.774923615717E-0045
2197 +.228688017379E-0044
2198 +.101411647972E-0044
2199 +.282956980252E-0044
2200 +.923855608501E-0044
2201 +.179120122540E-0043
2202 +.129144839329E-0044
2203 +.247752905812E-0044
2204 +.381550667283E-0045
2205 +.204990999050E-0044
2206 +.597533216738E-0044
2207 +.411259129935E-0044
2208 +.535285438908E-0044
2209 +.720230229847E-0044
2210 +.210492321957E-0043
2211 +.856242229206E-0044
2212 +.234835059453E-0043
2213 +.774737272837E-0043
2214 +.159261037996E-0042
2215 +.475524175744E-0043
2216 +.567859769132E-0043
2217 +.333780123889E-0043
2218 +.130622483603E-0042
2219 +.367403072565E-0042
2220 +.168995048234E-0042
2221 +.205930691886E-0042
2222 +.245119248598E-0042
2223 +.776439753998E-0042
2224 +.832585523114E-0042
2225 +.225957944932E-0041
2226 +.433994179386E-0041
2227 +.641866736399E-0041
2228 +.678186941022E-0041
2229 +.217701169475E-0040
2230 +.246326614696E-0040
2231 +.655832320575E-0040
2232 +.114127246940E-0039
2233 +.204210394626E-0039
2234 +.995799587435E-0040
2235 +.393593684038E-0039
2236 +.102215201885E-0038
2237 +.116067881533E-0039
2238 +.535519994283E-0039
2239 +.529921672017E-0039
2240 +.173144857323E-0038
2241 +.211939604061E-0038
2242 +.546466695029E-0038
2243 +.800284419947E-0038
2244 +.175478176050E-0037
2245 +.722182638975E-0038
2246 +.190653425726E-0037
2247 +.557785609175E-0037
2248 +.507869655401E-0037
2249 +.625858077968E-0037
2250 +.989753110436E-0037
2251 +.253686945847E-0036
2252 +.127313017666E-0036
2253 +.513807171658E-0036
2254 +.150037659405E-0035
2255 +.113234492191E-0035
2256 +.146256618860E-0035
2257 +.206235254731E-0035
2258 +.582790711751E-0035
2259 +.901228288211E-0036
2260 +.145091756414E-0035
2261 +.492277341051E-0035
2262 +.129411068224E-0034
2263 +.208961149507E-0034
2264 +.151748242037E-0034
2265 +.356162719636E-0034
2266 +.474168538019E-0034
2267 +.136622766744E-0033
2268 +.357849567437E-0034
2269 +.853268251721E-0034
2270 +.291282989570E-0033
2271 +.726210590772E-0033
2272 +.925804172873E-0033
2273 +.108934553510E-0032
2274 +.186471623681E-0032
2275 +.435913366101E-0032
2276 +.447818551551E-0032
2277 +.149422433498E-0031
2278 +.220448927209E-0031
2279 +.503736335874E-0031
2280 +.319535553016E-0031
2281 +.888465911193E-0031
2282 +.232262508659E-0030
2283 +.101314225957E-0031
2284 +.496100031700E-0031
2285 +.395990470234E-0031
2286 +.134666374974E-0030
2287 +.192434031152E-0030
2288 +.451566759978E-0030
2289 +.359121007993E-0030
2290 +.992488483024E-0030
2291 +.228368675721E-0029
2292 +.161910572604E-0029
2293 +.347786019974E-0029
2294 +.592585007797E-0029
2295 +.134525580100E-0028
2296 +.162618581235E-0028
2297 +.503593556738E-0028
2298 +.421705412160E-0028
2299 +.120603464303E-0027
2300 +.307977473620E-0027
2301 +.351279217180E-0028
2302 +.161793157199E-0027
2303 +.159047844240E-0027
2304 +.521136315056E-0027
2305 +.650247253482E-0027
2306 +.166081078017E-0026
2307 +.230703825880E-0026
2308 +.527743568541E-0026
2309 +.345454781331E-0026
2310 +.961766511725E-0026
2311 +.248560922888E-0025
2312 +.813293542584E-0027
2313 +.906818678285E-0026
2314 +.824133528627E-0026
2315 +.274897729225E-0025
2316 +.374409745945E-0025
2317 +.908814616431E-0025
2318 +.924134809785E-0025
2319 +.244797533454E-0024
2320 +.431417572033E-0024
2321 +.756718780835E-0024
2322 +.421472833353E-0024
2323 +.161905709324E-0023
2324 +.398348573548E-0023
2325 +.178059211580E-0023
2326 +.453654149925E-0023
2327 +.602260112961E-0023
2328 +.172073132917E-0022
2329 +.332995499431E-0023
2330 +.664178705399E-0023
2331 +.227275586511E-0022
2332 +.592040641345E-0022
2333 +.920740241739E-0022
2334 +.750467283176E-0022
2335 +.167208188928E-0021
2336 +.252026391122E-0021
2337 +.659048410316E-0021
2338 +.268939994894E-0021
2339 +.113409933927E-0020
2340 +.351818392776E-0020
2341 +.452851461117E-0020
2342 +.410431457011E-0020
2343 +.872066228455E-0020
2344 +.146005225713E-0019
2345 +.341971350759E-0019
2346 +.358630714534E-0019
2347 +.118749240936E-0018
2348 +.167304013684E-0018
2349 +.396572609139E-0018
2350 +.341059311309E-0018
2351 +.934329133295E-0018
2352 +.201378800616E-0017
2353 +.205921324913E-0017
2354 +.358118243495E-0017
2355 +.815067642125E-0017
2356 +.939963063704E-0017
2357 +.297923972078E-0016
2358 +.307218675855E-0016
2359 +.844275263199E-0016
2360 +.172780712746E-0015
2361 +.214538647095E-0015
2362 +.307059977911E-0015
2363 +.834728800423E-0015
2364 +.100241939892E-0015
2365 +.606538900142E-0015
2366 +.209741721616E-0014
2367 +.497626243406E-0014
2368 +.493242083332E-0014
2369 +.709133363018E-0014
2370 +.875643837698E-0014
2371 +.266071289822E-0013
2372 +.186566582482E-0013
2373 +.539346722352E-0013
2374 +.153350188239E-0012
2375 +.100043376015E-0012
2376 +.130707144605E-0012
2377 +.170644990372E-0012
2378 +.508672227803E-0012
2379 +.285280115681E-0012
2380 +.819220306864E-0012
2381 +.253653180069E-0011
2382 +.354432357905E-0011
2383 +.276291259920E-0011
2384 +.635600829868E-0011
2385 +.885940216158E-0011
2386 +.247333124610E-0010
2387 +.810171271700E-0012
2388 +.453324928351E-0011
2389 +.165174500848E-0010
2390 +.438946907753E-0010
2391 +.748650142261E-0010
2392 +.436660337364E-0010
2393 +.111277864867E-0009
2394 +.119825620411E-0009
2395 +.386902697580E-0009
2396 +.453234000417E-0009
2397 +.119186730779E-0008
2398 +.194169021513E-0008
2399 +.381002111290E-0008
2400 +.481897217823E-0009
2401 +.280244912542E-0008
2402 +.864665910161E-0008
2403 +.102418566511E-0007
2404 +.103910819604E-0007
2405 +.204267959866E-0007
2406 +.395938900785E-0007
2407 +.737002518379E-0007
2408 +.150391853053E-0006
2409 +.254597981442E-0006
2410 +.597328311772E-0006
2411 +.620896889468E-0006
2412 +.206373786557E-0005
2413 +.297684149211E-0005
2414 +.693002224000E-0005
2415 +.517316426792E-0005
2416 +.143595799873E-0004
2417 +.345104930472E-0004
2418 +.163905157252E-0004
2419 +.409496801098E-0004
2420 +.555967337823E-0004
2421 +.156512946609E-0003
2422 +.136231538087E-0004
2423 +.153790241788E-0005
2424 +.143896344285E-0005
2425 +.418468751745E-0005
2426 +.723398330049E-0005
2427 +.382713401209E-0005
2428 +.100752398933E-0004
2429 +.998995694790E-0005
2430 +.333379509566E-0004
2431 +.483794988040E-0004
2432 +.112055745545E-0003
2433 +.801578207650E-0004
2434 +.222886453352E-0003
2435 +.549525276731E-0003
2436 +.179782016079E-0003
2437 +.511343618761E-0003
2438 +.604903712646E-0003
2439 +.184573083208E-0002
2440 +.127714084303E-0002
2441 +.369538398284E-0002
2442 +.105983927441E-0001
2443 +.765175055931E-0002
2444 +.996473416035E-0002
2445 +.136483092630E-0001
2446 +.393791930452E-0001
2447 +.121624984266E-0001
2448 +.309147952789E-0001
2449 +.104400593490E+0000
2450 +.244671517375E+0000
2451 +.227338161618E+0000
2452 +.323074002854E+0000
2453 +.387481387784E+0000
2454 +.115574701177E+0001
2455 +.790052284013E+0000
2456 +.123597260455E+0001
2457 +.170871527621E+0000
2458 +.695870864901E+0000
2459 +.709293291227E+0000
2460 +.194588405204E+0001
2461 +.581848436027E+0000
2462 +.734691299836E+0000
2463 +.152410408774E+0001
2464 +.510598327407E+0000
2465 +.105531663791E+0000
2466 +.342422289146E+0000
2467 +.549365634666E+0000
2468 +.124548977911E+0001
2469 +.115408845421E+0001
2470 +.220677533579E+0001
2471 +.138679396647E+0001
2472 +.156670978812E+0001
2473 +.783727368035E+0000
2474 +.560269298780E+0000
2475 +.953223114698E+0000
2476 +.366797842593E+0000
2477 +.121180659198E+0001
2478 +.441194043424E+0000
2479 +.525317585392E+0000
2480 +.365247996979E+0000
2481 +.126637484569E+0001
2482 +.217679501298E+0001
2483 +.728644262774E+0000
2484 +.117948322886E+0001
2485 +.107970339543E+0001
2486 +.949299782614E-0001
2487 +.452270829515E+0000
2488 +.933791432839E+0000
2489 +.107113286331E+0001
2490 +.246975225097E+0001
2491 +.416845393401E-0001
2492 +.633761727267E+0000
2493 +.329891445408E+0000
2494 +.301142035614E+0000
2495 +.527320491543E+0000
2496 +.122209479511E+0001
2497 +.953861546547E+0000
2498 +.205332297210E+0001
2499 +.139548204962E+0001
2500 +.705898110014E+0000
2501 +.842131879232E-0002
2502 +.227302412209E+0000
2503 +.293557751846E+0000
2504 +.797105550227E+0000
2505 +.101555666855E+0000
2506 +.535887304957E+0000
2507 +.759624095733E+0000
2508 +.159269622260E+0001
2509 +.116092449281E+0001
2510 +.249359075899E+0000
2511 +.602983524526E+0000
2512 +.152516476481E+0001
2513 +.366261582548E-0001
2514 +.412432780686E+0000
2515 +.812729047637E+0000
2516 +.943295573390E+0000
2517 +.236000718881E+0001
2518 +.391753064750E+0000
2519 +.150173022697E+0001
2520 +.650310099619E+0000
2521 +.353862208548E+0000
2522 +.108962108775E+0001
2523 +.506689258798E+0000
2524 +.806410876879E+0000
2525 +.538823448953E-0001
2526 +.394211242732E+0000
2527 +.470036280599E+0000
2528 +.116729499090E+0001
2529 +.164108262150E+0001
2530 +.148748589485E+0001
2531 +.882505357964E+0000
2532 +.306988810320E-0001
2533 +.314282455998E+0000
2534 +.530796872147E+0000
2535 +.105506795868E+0001
2536 +.161901424335E+0001
2537 +.241308828213E+0001
2538 +.219670171546E-0001
2539 +.668206899037E+0000
2540 +.310855111899E+0000
2541 +.262286272355E+0000
2542 +.474822875877E+0000
2543 +.108578150885E+0001
2544 +.974350427389E+0000
2545 +.226219656643E+0001
2546 +.574005690852E+0000
2547 +.255078488627E+0000
2548 +.131694069456E+0000
2549 +.279138842278E+0000
2550 +.585749569053E+0000
2551 +.827941363895E+0000
2552 +.203340002160E+0001
2553 +.232558199458E+0000
2554 +.475384334348E+0000
2555 +.129487180371E+0001
2556 +.104326181544E+0001
2557 +.118748652667E+0001
2558 +.690211451978E+0000
2559 +.161298235119E+0001
2560 +.145032333807E+0001
2561 +.120834345182E+0001
2562 +.145628210377E+0001
2563 +.205448975656E+0001
2564 +.105372276099E+0001
2565 +.472175289043E+0000
2566 +.282779033415E+0000
2567 +.556549637939E+0000
2568 +.121228710150E+0001
2569 +.123947070133E+0001
2570 +.231727349505E+0001
2571 +.110810424845E+0001
2572 +.156534283204E+0001
2573 +.941043366355E+0000
2574 +.741446299291E+0000
2575 +.103285189657E+0001
2576 +.843628884681E+0000
2577 +.208638995931E+0001
2578 +.390179182903E+0000
2579 +.299581282141E+0000
2580 +.812308938603E+0000
2581 +.984361549486E-0001
2582 +.341637878743E-0001
2583 +.136139521285E-0001
2584 +.285265877932E-0001
2585 +.425643445003E-0001
2586 +.900477328182E-0001
2587 +.210648070086E-0001
2588 +.449526068859E-0001
2589 +.135246726932E+0000
2590 +.167109040421E+0000
2591 +.158653323662E+0000
2592 +.323206942811E+0000
2593 +.581445407832E+0000
2594 +.117257030979E+0001
2595 +.164385181468E+0001
2596 +.236111425442E+0001
2597 +.246636642428E-0001
2598 +.765571501831E+0000
2599 +.238069410598E-0001
2600 +.266062225193E+0000
2601 +.444388000592E+0000
2602 +.896969537697E+0000
2603 +.139701470929E+0001
2604 +.246345186945E+0001
2605 +.607338934403E+0000
2606 +.887975332321E+0000
2607 +.118282517493E+0001
2608 +.429922776435E+0000
2609 +.749332340498E+0000
2610 +.190826726908E+0001
2611 +.336469859169E+0000
2612 +.605978716266E+0000
2613 +.147209418000E+0001
2614 +.122990775500E+0001
2615 +.782401941847E+0000
2616 +.787287709586E+0000
2617 +.208935662093E+0001
2618 +.645014691463E+0000
2619 +.118172852056E+0001
2620 +.204666433382E+0001
2621 +.921442578770E+0000
2622 +.147157864197E+0001
2623 +.170696158191E+0001
2624 +.428604815455E+0000
2625 +.418229320311E+0000
2626 +.893185037180E+0000
2627 +.133585283979E+0000
2628 +.939322780323E-0001
2629 +.514093258693E-0001
2630 +.132720204876E+0000
2631 +.302115019500E+0000
2632 +.219869426144E+0000
2633 +.447564160710E+0000
2634 +.823608652973E+0000
2635 +.149970991154E+0001
2636 +.214992537185E+0001
2637 +.106969250688E+0001
2638 +.842585893209E+0000
2639 +.351626303360E+0000
2640 +.733979773671E+0000
2641 +.156014475862E+0001
2642 +.134144651978E+0001
2643 +.147538674275E+0001
2644 +.183379851857E+0001
2645 +.121545810542E+0001
2646 +.193622347892E+0000
2647 +.642606180000E+0000
2648 +.111501792843E+0001
2649 +.183563789372E+0001
2650 +.215103202378E+0001
2651 +.631948565717E+0000
2652 +.164926356036E+0001
2653 +.142959830740E+0001
2654 +.683489515344E+0000
2655 +.851065949334E-0001
2656 +.359274677194E+0000
2657 +.520080106034E+0000
2658 +.128823621692E+0001
2659 +.635235764653E+0000
2660 +.152060565250E+0001
2661 +.159311530785E+0001
2662 +.148253492397E+0001
2663 +.104415506217E+0001
2664 +.124498740318E+0001
2665 +.224602598323E+0001
2666 +.106049579757E+0001
2667 +.115531905045E+0001
2668 +.309455923477E-0001
2669 +.375339423245E+0000
2670 +.931992718690E+0000
2671 +.370106503766E-0001
2672 +.378896365560E+0000
2673 +.301427464333E+0000
2674 +.827995340151E+0000
2675 +.191020145423E+0001
2676 +.309665104083E-0001
2677 +.526255902711E+0000
2678 +.904285252843E+0000
2679 +.726665553913E+0000
2680 +.195061861736E+0001
2681 +.170511141556E+0000
2682 +.628724923872E+0000
2683 +.163329799413E+0001
2684 +.185778713477E+0001
2685 +.110028885423E+0000
2686 +.665069692172E+0000
2687 +.154329716674E+0001
2688 +.936324309475E+0000
2689 +.385388394930E+0000
2690 +.785583243769E+0000
2691 +.174083537587E+0001
2692 +.101572475653E+0001
2693 +.878111751591E+0000
2694 +.193975335710E+0001
2695 +.107025884918E+0001
2696 +.137450743542E+0000
2697 +.556943399203E+0000
2698 +.700970714762E+0000
2699 +.178577972725E+0001
2700 +.223835449911E+0000
2701 +.617995385490E+0000
2702 +.172686609585E+0001
2703 +.166298459171E+0001
2704 +.334427243333E+0000
2705 +.578293303010E+0000
2706 +.145836857720E+0001
2707 +.162232729400E+0001
2708 +.805424819556E+0000
2709 +.130530684268E+0000
2710 +.541369350938E+0000
2711 +.467745855116E-0001
2712 +.312163465717E+0000
2713 +.711119286259E+0000
2714 +.593891808552E+0000
2715 +.890452144666E+0000
2716 +.204317204449E+0001
2717 +.617825640496E+0000
2718 +.194401239282E+0000
2719 +.622350708271E+0000
2720 +.789212452353E-0001
2721 +.430908160556E+0000
2722 +.830986746193E+0000
2723 +.118316554688E+0001
2724 +.581815738536E+0000
2725 +.143854445488E+0001
2726 +.135161754237E+0001
2727 +.177770903938E+0001
2728 +.175508501354E+0001
2729 +.305940785304E-0001
2730 +.525546927463E+0000
2731 +.143479811915E+0001
2732 +.150595657439E+0001
2733 +.961247778209E+0000
2734 +.262044550957E+0000
2735 +.852356421155E+0000
2736 +.383267295062E+0000
2737 +.127895912018E+0001
2738 +.909057208741E+0000
2739 +.114114469637E+0001
2740 +.664289962720E+0000
2741 +.164978144971E+0001
2742 +.107966431597E+0001
2743 +.112192457799E+0001
2744 +.217407228748E+0001
2745 +.116468513747E+0001
2746 +.989832515673E+0000
2747 +.235627717947E+0000
2748 +.589646587926E+0000
2749 +.133923743776E+0001
2750 +.870257456347E+0000
2751 +.175389337156E+0001
2752 +.202570532169E+0001
2753 +.103276695789E-0001
2754 +.597879666684E+0000
2755 +.136049461757E+0001
2756 +.382732526957E+0000
2757 +.197269217280E+0000
2758 +.367601801343E+0000
2759 +.947090123066E+0000
2760 +.238032410060E+0000
2761 +.911696066293E+0000
2762 +.558196494787E+0000
2763 +.114315145211E+0001
2764 +.899166615651E+0000
2765 +.131639470447E+0001
2766 +.302613281028E+0000
2767 +.895766781735E+0000
2768 +.129837225246E+0001
2769 +.234804539718E+0001
2770 +.102350686583E+0001
2771 +.150539901624E+0001
2772 +.102419687720E+0001
2773 +.638115196358E+0000
2774 +.721706467149E+0000
2775 +.946509682902E+0000
2776 +.232344682760E+0001
2777 +.277485779191E+0000
2778 +.121089074189E+0001
2779 +.105185650849E+0001
2780 +.750508063199E+0000
2781 +.176342363533E+0001
2782 +.110258999411E+0001
2783 +.757807825792E+0000
2784 +.164660069578E+0001
2785 +.153144338954E+0001
2786 +.103030679551E+0001
2787 +.115783969050E+0001
2788 +.220217441191E+0001
2789 +.112459836974E+0001
2790 +.105364273578E+0001
2791 +.194306137655E+0000
2792 +.535156020739E+0000
2793 +.127783511254E+0001
2794 +.494021325555E+0000
2795 +.129699313058E+0001
2796 +.135308195697E+0001
2797 +.211397180076E+0001
2798 +.140362228846E+0001
2799 +.120236028530E+0001
2800 +.234925639888E+0000
2801 +.130780293362E+0000
2802 +.232070814426E+0000
2803 +.132276433754E+0000
2804 +.514185686895E+0000
2805 +.137155515038E+0001
2806 +.452257764931E+0000
2807 +.361956269690E+0000
2808 +.779485478877E+0000
2809 +.274843150508E+0000
2810 +.547281861806E+0000
2811 +.716754282585E+0000
2812 +.147921081724E+0001
2813 +.924101958646E+0000
2814 +.523794379057E+0000
2815 +.897380545304E+0000
2816 +.208144269400E+0001
2817 +.408394582571E+0000
2818 +.295804185478E+0000
2819 +.812585621736E+0000
2820 +.112985947393E+0000
2821 +.750651298597E-0001
2822 +.613386330314E-0001
2823 +.151453720150E+0000
2824 +.224912378061E+0000
2825 +.480396476982E+0000
2826 +.155681261768E+0000
2827 +.348974602521E+0000
2828 +.783537783434E+0000
2829 +.522776306935E+0000
2830 +.843556130074E+0000
2831 +.192408699293E+0001
2832 +.748158826548E+0000
2833 +.403150469220E+0000
2834 +.115233025035E+0001
2835 +.313929993023E-0001
2836 +.414328762070E+0000
2837 +.169391204961E+0000
2838 +.668564665085E+0000
2839 +.146963422400E+0001
2840 +.886788358877E+0000
2841 +.199149371641E+0000
2842 +.706981723038E+0000
2843 +.221033503166E+0000
2844 +.863788151025E+0000
2845 +.125178595934E+0001
2846 +.198037311813E+0001
2847 +.119641677416E+0001
2848 +.157727555067E+0001
2849 +.936717388207E+0000
2850 +.265274700869E+0000
2851 +.854515396607E+0000
2852 +.359454962007E+0000
2853 +.121945855494E+0001
2854 +.889452013314E+0000
2855 +.124590045239E+0001
2856 +.438244110215E+0000
2857 +.116827636292E+0001
2858 +.131107918190E+0001
2859 +.231259451227E+0001
2860 +.108365630346E+0001
2861 +.151332279912E+0001
2862 +.832634668829E+0000
2863 +.546917068334E+0000
2864 +.851560653454E+0000
2865 +.543702526554E+0000
2866 +.166588752956E+0001
2867 +.103739428800E+0001
2868 +.121520629521E+0000
2869 +.475247948488E+0000
2870 +.101271204022E+0001
2871 +.102740518378E+0001
2872 +.238892235681E+0001
2873 +.232377546995E+0000
2874 +.209055405000E+0000
2875 +.143218420275E+0000
2876 +.354884506447E+0000
2877 +.328487030944E+0000
2878 +.108040712716E+0001
2879 +.147862446464E+0001
2880 +.186431325427E+0001
2881 +.118920207446E+0001
2882 +.120819424258E+0001
2883 +.854413122685E+0000
2884 +.963362026037E+0000
2885 +.231599882927E+0001
2886 +.137260449517E+0000
2887 +.946275805424E+0000
2888 +.950526258038E+0000
2889 +.106681021959E+0001
2890 +.230116197717E+0001
2891 +.656483037747E+0000
2892 +.513117767001E+0000
2893 +.183375408782E+0000
2894 +.468851455374E+0000
2895 +.765225525622E+0000
2896 +.163473905710E+0001
2897 +.149567323412E+0001
2898 +.118874094255E+0001
2899 +.131774040825E+0001
2900 +.205387473484E+0001
2901 +.139788335364E+0001
2902 +.875056214177E+0000
2903 +.146995283288E-0001
2904 +.238664929756E+0000
2905 +.382717410782E+0000
2906 +.804671482392E+0000
2907 +.116782348515E+0001
2908 +.244139860720E+0001
2909 +.549604848304E+0000
2910 +.630268507121E+0000
2911 +.508530118846E+0000
2912 +.582991900393E+0000
2913 +.869910333732E+0000
2914 +.205857410343E+0001
2915 +.432081495098E+0000
2916 +.312169830017E+0000
2917 +.876391037990E+0000
2918 +.229570695046E+0000
2919 +.356221946957E+0000
2920 +.287010362452E+0000
2921 +.750055089043E+0000
2922 +.144220111380E+0001
2923 +.131595883879E+0001
2924 +.120642249265E+0000
2925 +.233725146616E+0000
2926 +.377134078943E+0000
2927 +.667235440478E+0000
2928 +.140605431670E+0001
2929 +.155183411987E+0001
2930 +.194540940257E+0001
2931 +.944904047885E+0000
2932 +.255965387889E-0001
2933 +.237625565299E+0000
2934 +.230407004646E+0000
2935 +.711830749088E+0000
2936 +.511578340454E+0000
2937 +.122127149732E+0001
2938 +.184253331566E+0001
2939 +.118900255687E+0001
2940 +.108050117779E+0001
2941 +.425961266877E+0000
2942 +.742202712519E+0000
2943 +.187781774070E+0001
2944 +.200281664562E+0000
2945 +.558072738109E+0000
2946 +.144267910974E+0001
2947 +.145246691096E+0001
2948 +.929258441197E+0000
2949 +.394841660370E+0000
2950 +.116089644113E+0001
2951 +.279115038195E+0000
2952 +.945555252330E+0000
2953 +.533368491281E+0000
2954 +.159187227136E+0001
2955 +.387693286561E+0000
2956 +.924847610021E-0001
2957 +.738598278655E-0001
2958 +.998030350743E-0001
2959 +.315141614375E+0000
2960 +.356426007833E+0000
2961 +.914787127178E+0000
2962 +.144991810746E+0001
2963 +.172828912404E+0001
2964 +.817563678063E+0000
2965 +.498438801583E+0000
2966 +.715341523034E+0000
2967 +.655105876405E+0000
2968 +.193552505376E+0001
2969 +.146599637418E+0001
2970 +.124351093103E+0001
2971 +.245528396127E-0001
2972 +.346211953985E+0000
2973 +.789627234929E+0000
2974 +.388766575802E+0000
2975 +.133106378232E+0001
2976 +.148134190955E+0001
2977 +.135965691580E+0001
2978 +.120707629624E+0000
2979 +.256027600233E+0000
2980 +.442444123481E+0000
2981 +.681010013898E+0000
2982 +.165587447848E+0001
2983 +.624911685362E+0000
2984 +.966467863795E+0000
2985 +.232435430748E+0001
2986 +.486848352345E+0000
2987 +.161604145955E+0001
2988 +.963960970369E+0000
2989 +.563434906609E-0001
2990 +.180003200034E+0000
2991 +.118251661770E+0000
2992 +.416763492119E+0000
2993 +.670476479509E+0000
2994 +.129333934501E+0001
2995 +.298484106207E+0000
2996 +.125614726663E+0000
2997 +.229769761847E+0000
2998 +.652936951059E+0000
2999 +.258753412655E+0000
