1 +.233315904626E-0300
2  .*E-0014           
3  .*E-0013           
4  .*E-0013           
5  .*E-0012           
6  .*E-0012           
7  .*E-0012           
8  .*E-0012           
9  .*E-0011           
10  .*E-0011           
11  .*E-0011           
12  .*E-0011           
13  .*E-0011           
14  .*E-0010           
15  .*E-0010           
16  .*E-0010           
17  .*E-0009           
18  .*E-0009           
19  .*E-0009           
20  .*E-0009           
21  .*E-0009           
22  .*E-0009           
23  .*E-0008           
24  .*E-0008           
25  .*E-0008           
26  .*E-0007           
27  .*E-0007           
28  .*E-0007           
29  .*E-0006           
30  .*E-0006           
31  .*E-0006           
32  .*E-0006           
33  .*E-0005           
34  .*E-0005           
35  .*E-0005           
36  .*E-0005           
37  .*E-0004           
38  .*E-0004           
39  .*E-0004           
40  .*E-0004           
41  .*E-0003           
42  .*E-0003           
43  .*E-0003           
44  .*E-0003           
45  .*E-0003           
46  .*E-0002           
47  .*E-0002           
48  .*E-0002           
49  .*E-0002           
50  .*E-0001           
51  .*E-0001           
52  .*E-0001           
53  .*E-0001           
54  .*E00000           
55  .*E-0001           
56  .*E00000           
57  .*E00000           
58  .*E00000           
59  .*E00000           
60  .*E00000           
61  .*E00001           
62  .*E00001           
63  .*E00001           
64  .*E00001           
65  .*E00002           
66  .*E00002           
67  .*E00003           
68  .*E00003           
69  .*E00005           
70  .*E00008           
71  .*E00015           
72  .*E00029           
73  .*E00056           
74  .*E00110           
75  .*E00219           
76 +.577551501324E-0287
77 +.264993561985E-0286
78 +.119508037267E-0286
79 +.485435655173E-0286
80 +.134921068338E-0285
81 +.484902902096E-0286
82 +.522571319981E-0286
83 +.613642870584E-0286
84 +.198076642998E-0285
85 +.248761449968E-0285
86 +.632645528956E-0285
87 +.858250392590E-0285
88 +.199654922395E-0284
89 +.151366394811E-0284
90 +.420049913627E-0284
91 +.100176906380E-0283
92 +.518859458248E-0284
93 +.125777770805E-0283
94 +.177980279062E-0283
95 +.486202345753E-0283
96 +.596023982121E-0284
97 +.357797824711E-0283
98 +.124092356386E-0282
99 +.298890126258E-0282
100 +.321639322643E-0282
101 +.441241903591E-0282
102 +.604906274324E-0282
103 +.172410315384E-0281
104 +.363993539878E-0282
105 +.771074392670E-0282
106 +.263463840877E-0281
107 +.673757666234E-0281
108 +.966220768402E-0281
109 +.949811851965E-0281
110 +.189911946031E-0280
111 +.355591145609E-0280
112 +.705935763976E-0280
113 +.127242632956E-0279
114 +.273630514952E-0279
115 +.401343458888E-0279
116 +.109124210833E-0278
117 +.160748042530E-0279
118 +.898614549286E-0279
119 +.309972534510E-0278
120 +.730537713177E-0278
121 +.697114959839E-0278
122 +.101970095281E-0277
123 +.120112159860E-0277
124 +.374105483375E-0277
125 +.337249917629E-0277
126 +.953538400639E-0277
127 +.227571588913E-0276
128 +.117326886909E-0276
129 +.284924919299E-0276
130 +.402024773015E-0276
131 +.110067429429E-0275
132 +.118288696265E-0276
133 +.751021500958E-0276
134 +.261468121061E-0275
135 +.639274683998E-0275
136 +.743625668292E-0275
137 +.961592486624E-0275
138 +.145874962886E-0274
139 +.384734736008E-0274
140 +.124367039093E-0274
141 +.551943111461E-0274
142 +.178246809542E-0273
143 +.298588966035E-0273
144 +.113477101531E-0273
145 +.335709696913E-0273
146 +.240651354042E-0273
147 +.885554380684E-0273
148 +.199422653442E-0272
149 +.183990981611E-0272
150 +.343644236813E-0272
151 +.717400598042E-0272
152 +.111182967150E-0271
153 +.287198530254E-0271
154 +.138719761631E-0271
155 +.564682496748E-0271
156 +.167484411908E-0270
157 +.148413994488E-0270
158 +.184247082261E-0270
159 +.287052553412E-0270
160 +.746394969774E-0270
161 +.307434923190E-0270
162 +.129327934532E-0269
163 +.399510504723E-0269
164 +.498515094500E-0269
165 +.473286066873E-0269
166 +.976368142748E-0269
167 +.173444457395E-0268
168 +.375140119450E-0268
169 +.540193121550E-0268
170 +.149086934150E-0267
171 +.654344688755E-0269
172 +.680427597834E-0268
173 +.240828680362E-0267
174 +.621785472243E-0267
175 +.935420035420E-0267
176 +.830547928985E-0267
177 +.176931963850E-0266
178 +.293817536025E-0266
179 +.694433877822E-0266
180 +.694776509894E-0266
181 +.234358266360E-0265
182 +.368308467984E-0265
183 +.792771506128E-0265
184 +.241351876673E-0265
185 +.583856212017E-0265
186 +.175420504544E-0264
187 +.205652037748E-0264
188 +.211909515606E-0264
189 +.411544600163E-0264
190 +.813861286431E-0264
191 +.145284670017E-0263
192 +.316857686898E-0263
193 +.444146770636E-0263
194 +.125197352927E-0262
195 +.133748116368E-0263
196 +.100377704662E-0263
197 +.320849755555E-0263
198 +.863863594196E-0263
199 +.152606024838E-0262
200 +.733854346204E-0263
201 +.199286055573E-0262
202 +.182938042450E-0262
203 +.627168580955E-0262
204 +.105358258601E-0261
205 +.209662935015E-0261
206 +.144997573560E-0262
207 +.112883104298E-0261
208 +.353063918998E-0261
209 +.449891389189E-0261
210 +.414109427264E-0261
211 +.871440425468E-0261
212 +.148832188898E-0260
213 +.339942646024E-0260
214 +.400535423235E-0260
215 +.125733687382E-0259
216 +.119522723924E-0259
217 +.334966281367E-0259
218 +.759752450561E-0259
219 +.594431147901E-0259
220 +.122011089163E-0258
221 +.222981939394E-0258
222 +.457413336873E-0258
223 +.763841442962E-0258
224 +.182177947292E-0257
225 +.173260395521E-0257
226 +.595413025885E-0257
227 +.103345514014E-0256
228 +.196545860291E-0256
229 +.508481538692E-0257
230 +.232727414033E-0256
231 +.684951878275E-0256
232 +.549926995778E-0256
233 +.702847454947E-0256
234 +.102639236979E-0255
235 +.282247343201E-0255
236 +.111844663043E-0256
237 +.124501265242E-0255
238 +.439986104759E-0255
239 +.112493720410E-0254
240 +.162067392326E-0254
241 +.157948661990E-0254
242 +.317680045048E-0254
243 +.588696135379E-0254
244 +.118987438549E-0253
245 +.205977923238E-0253
246 +.469358548422E-0253
247 +.558600577645E-0253
248 +.174478640418E-0252
249 +.158591649927E-0252
250 +.448238648552E-0252
251 +.106539858606E-0251
252 +.573256604651E-0252
253 +.137123766706E-0251
254 +.197742806525E-0251
255 +.532240238836E-0251
256 +.118401587338E-0251
257 +.578683793427E-0251
258 +.194856453033E-0250
259 +.410198116290E-0250
260 +.165430619177E-0250
261 +.234466691289E-0250
262 +.140228213330E-0250
263 +.543428088596E-0250
264 +.146594895908E-0249
265 +.219064362232E-0250
266 +.893613970697E-0252
267 +.580838565298E-0251
268 +.173022288877E-0250
269 +.245387172446E-0250
270 +.574785551382E-0250
271 +.453385385975E-0250
272 +.125384471815E-0249
273 +.290234092108E-0249
274 +.196814628747E-0249
275 +.430869723523E-0249
276 +.712514414733E-0249
277 +.167824024530E-0248
278 +.171063295858E-0248
279 +.572845671206E-0248
280 +.863600581108E-0248
281 +.193609446927E-0247
282 +.101506357338E-0247
283 +.278483537796E-0247
284 +.775596462081E-0247
285 +.389222296849E-0247
286 +.488942737459E-0247
287 +.587662293030E-0247
288 +.184645607748E-0246
289 +.184401002901E-0246
290 +.510559234367E-0246
291 +.108734375457E-0245
292 +.116934481332E-0245
293 +.195032308313E-0245
294 +.464218074878E-0245
295 +.427991275438E-0245
296 +.148459447709E-0244
297 +.269465930704E-0244
298 +.476886096700E-0244
299 +.251261901212E-0244
300 +.976414499415E-0244
301 +.245635289386E-0243
302 +.771824086294E-0244
303 +.222512726568E-0243
304 +.261485220222E-0243
305 +.800178667657E-0243
306 +.571495167905E-0243
307 +.165249960416E-0242
308 +.466535428011E-0242
309 +.278213437945E-0242
310 +.361330915965E-0242
311 +.455523805609E-0242
312 +.138860959604E-0241
313 +.103019797168E-0241
314 +.297283864046E-0241
315 +.820623723729E-0241
316 +.347906976598E-0241
317 +.411701946642E-0241
318 +.482105987208E-0241
319 +.154398773727E-0240
320 +.180911306884E-0240
321 +.475304756924E-0240
322 +.771032008983E-0240
323 +.152091208294E-0239
324 +.157819303634E-0240
325 +.100013209996E-0239
326 +.310531182456E-0239
327 +.382297645873E-0239
328 +.369725457868E-0239
329 +.753071769094E-0239
330 +.137050365767E-0238
331 +.285619273860E-0238
332 +.458151847633E-0238
333 +.114392193756E-0237
334 +.790008697905E-0238
335 +.297408331758E-0237
336 +.741846922346E-0237
337 +.271443096624E-0237
338 +.740901770441E-0237
339 +.913144055439E-0237
340 +.272684456246E-0236
341 +.142955388943E-0236
342 +.408203884026E-0236
343 +.128867549289E-0235
344 +.204518837641E-0235
345 +.106208643764E-0235
346 +.284555416517E-0235
347 +.260732054145E-0235
348 +.895461873616E-0235
349 +.152057552462E-0234
350 +.298265526050E-0234
351 +.391803637974E-0235
352 +.224308182684E-0234
353 +.689768809741E-0234
354 +.797238345741E-0234
355 +.830920372088E-0234
356 +.159787106563E-0233
357 +.321116176363E-0233
358 +.552908158171E-0233
359 +.126829717720E-0232
360 +.146631323445E-0232
361 +.464779029809E-0232
362 +.479863526679E-0232
363 +.131833845577E-0231
364 +.269378466805E-0231
365 +.336153506753E-0231
366 +.478027155019E-0231
367 +.130560401538E-0230
368 +.115481495638E-0231
369 +.802316373003E-0231
370 +.279629722672E-0230
371 +.683509413194E-0230
372 +.794216561564E-0230
373 +.102798095733E-0229
374 +.155724315666E-0229
375 +.411213529726E-0229
376 +.129677961688E-0229
377 +.578849200655E-0229
378 +.187596954843E-0228
379 +.320884117185E-0228
380 +.103755931436E-0228
381 +.323517141685E-0228
382 +.209388553437E-0228
383 +.789140712492E-0228
384 +.190774609168E-0227
385 +.104875156987E-0227
386 +.248508704606E-0227
387 +.364200347128E-0227
388 +.967126288263E-0227
389 +.301262302391E-0227
390 +.134923339580E-0226
391 +.438894607612E-0226
392 +.767383908120E-0226
393 +.200219991236E-0226
394 +.672622904070E-0226
395 +.388685207645E-0226
396 +.150136952777E-0225
397 +.385158095177E-0225
398 +.744420267390E-0226
399 +.261377045750E-0225
400 +.276988573242E-0225
401 +.885301377145E-0225
402 +.935632870964E-0225
403 +.255239537608E-0224
404 +.503042231918E-0224
405 +.697418480377E-0224
406 +.842804414833E-0224
407 +.254335455824E-0223
408 +.162258753086E-0223
409 +.468722638083E-0223
410 +.138682081033E-0222
411 +.136378069333E-0222
412 +.161908691190E-0222
413 +.271141621600E-0222
414 +.655032967816E-0222
415 +.556367728493E-0222
416 +.198136834022E-0221
417 +.404994001613E-0221
418 +.547114077820E-0221
419 +.690490332761E-0221
420 +.203434049288E-0220
421 +.924030608521E-0221
422 +.258496305043E-0220
423 +.837097153100E-0220
424 +.155003419405E-0219
425 +.135173187931E-0220
426 +.767964865942E-0220
427 +.319479785854E-0220
428 +.131866903221E-0219
429 +.371887834330E-0219
430 +.174328629372E-0219
431 +.213814413269E-0219
432 +.255296251804E-0219
433 +.806865851894E-0219
434 +.848930595016E-0219
435 +.231738834133E-0218
436 +.458623666822E-0218
437 +.628783227792E-0218
438 +.775263693035E-0218
439 +.231482598997E-0217
440 +.128714428222E-0217
441 +.369118001125E-0217
442 +.114317081224E-0216
443 +.160039215623E-0216
444 +.124220810318E-0216
445 +.286335012885E-0216
446 +.397113924956E-0216
447 +.111278555990E-0215
448 +.659680406674E-0217
449 +.988623665626E-0217
450 +.375058456746E-0216
451 +.100040978162E-0215
452 +.174081369377E-0215
453 +.916587119704E-0216
454 +.241724985901E-0215
455 +.238399617695E-0215
456 +.797161835469E-0215
457 +.117037841707E-0214
458 +.268487824658E-0214
459 +.176529994235E-0214
460 +.491202869161E-0214
461 +.126418442498E-0213
462 +.757912564929E-0215
463 +.529320576095E-0214
464 +.495311183611E-0214
465 +.164247826753E-0213
466 +.218132079822E-0213
467 +.538049437812E-0213
468 +.607325485486E-0213
469 +.155490638843E-0212
470 +.225642676283E-0212
471 +.498948193376E-0212
472 +.228568794898E-0212
473 +.615816620439E-0212
474 +.177049582449E-0211
475 +.134357084126E-0211
476 +.173933211050E-0211
477 +.244815598477E-0211
478 +.692550898680E-0211
479 +.112352469775E-0211
480 +.190943465445E-0211
481 +.649343147869E-0211
482 +.170250526247E-0210
483 +.271947340734E-0210
484 +.204658740954E-0210
485 +.473089834399E-0210
486 +.653890925639E-0210
487 +.183527506034E-0209
488 +.129455066262E-0210
489 +.895729522227E-0211
490 +.360774251023E-0210
491 +.961484523336E-0210
492 +.167908701029E-0209
493 +.867115954844E-0210
494 +.230130137192E-0209
495 +.223394485595E-0209
496 +.751307368512E-0209
497 +.113991559293E-0208
498 +.253992475529E-0208
499 +.124400464217E-0208
500 +.338406466895E-0208
501 +.957989664131E-0208
502 +.604835230054E-0208
503 +.788989272794E-0208
504 +.101685884114E-0207
505 +.305677827528E-0207
506 +.192033708025E-0207
507 +.554872533984E-0207
508 +.165512721615E-0206
509 +.174517053691E-0206
510 +.198001279995E-0206
511 +.350732258136E-0206
512 +.792530434913E-0206
513 +.951198298479E-0206
514 +.295568578514E-0205
515 +.255816749556E-0205
516 +.728520219424E-0205
517 +.181072965145E-0204
518 +.509578227663E-0205
519 +.153276826902E-0204
520 +.173952013842E-0204
521 +.541189782879E-0204
522 +.457394435281E-0204
523 +.130621876131E-0203
524 +.330716421492E-0203
525 +.555878516177E-0204
526 +.208604295165E-0203
527 +.214793331710E-0203
528 +.693938238826E-0203
529 +.792595439527E-0203
530 +.210553399936E-0202
531 +.361801320902E-0202
532 +.660068397207E-0202
533 +.275310194725E-0202
534 +.112520394785E-0201
535 +.306253811449E-0201
536 +.631998762660E-0202
537 +.317951920783E-0202
538 +.461947100186E-0202
539 +.149055551808E-0201
540 +.210293711171E-0201
541 +.496858399870E-0201
542 +.417522666548E-0201
543 +.114725187740E-0200
544 +.252486054017E-0200
545 +.234088408824E-0200
546 +.436604207107E-0200
547 +.913243900394E-0200
548 +.140803663418E-0199
549 +.365541812574E-0199
550 +.165002461299E-0199
551 +.681242182916E-0199
552 +.206175810706E-0198
553 +.219002431447E-0198
554 +.246172586840E-0198
555 +.440366322127E-0198
556 +.982663052345E-0198
557 +.123960275719E-0197
558 +.374588751919E-0197
559 +.238994667329E-0197
560 +.691459409355E-0197
561 +.205622495182E-0196
562 +.211209866484E-0196
563 +.244094862000E-0196
564 +.423184567318E-0196
565 +.982159042295E-0196
566 +.104589706032E-0195
567 +.343928856266E-0195
568 +.463628154852E-0195
569 +.113297003983E-0194
570 +.120486897875E-0194
571 +.314978326049E-0194
572 +.515120744693E-0194
573 +.100649409953E-0193
574 +.145315839914E-0194
575 +.802003242537E-0194
576 +.246149311050E-0193
577 +.281507148098E-0193
578 +.296615033013E-0193
579 +.565063226211E-0193
580 +.115247800759E-0192
581 +.191550652449E-0192
582 +.459248454640E-0192
583 +.423430207976E-0192
584 +.147056455272E-0191
585 +.268856911701E-0191
586 +.469766005316E-0191
587 +.268073023711E-0191
588 +.102391562539E-0190
589 +.248444290034E-0190
590 +.130955779408E-0190
591 +.315070239484E-0190
592 +.451506490238E-0190
593 +.122109932408E-0189
594 +.232658573992E-0190
595 +.119119231107E-0189
596 +.405288289415E-0189
597 +.897193150021E-0189
598 +.567721003230E-0189
599 +.888258072268E-0189
600 +.678988734559E-0189
601 +.247158860141E-0188
602 +.548536870796E-0188
603 +.543057922628E-0188
604 +.966355475866E-0188
605 +.214163908254E-0187
606 +.274545495325E-0187
607 +.821162179412E-0187
608 +.456698611968E-0187
609 +.131173285978E-0186
610 +.408219198014E-0186
611 +.590236428812E-0186
612 +.423205628768E-0186
613 +.100985865443E-0185
614 +.127942582780E-0185
615 +.380750798894E-0185
616 +.193544419998E-0185
617 +.550837359920E-0185
618 +.175230113277E-0184
619 +.291618272953E-0184
620 +.117077558806E-0184
621 +.340351837023E-0184
622 +.253667669925E-0184
623 +.924443140133E-0184
624 +.201496303239E-0183
625 +.216939941144E-0183
626 +.360730429202E-0183
627 +.860969667410E-0183
628 +.780912870430E-0183
629 +.272337158695E-0182
630 +.507050566488E-0182
631 +.856290064631E-0182
632 +.584181424256E-0182
633 +.214243123009E-0181
634 +.466139000836E-0181
635 +.504433386991E-0181
636 +.835198758590E-0181
637 +.200203991345E-0180
638 +.176902612961E-0180
639 +.622105025607E-0180
640 +.120330870124E-0179
641 +.187563064971E-0179
642 +.172182100298E-0179
643 +.581587933975E-0179
644 +.900107770530E-0179
645 +.196439258765E-0178
646 +.740052059964E-0179
647 +.191255534080E-0178
648 +.564710012955E-0178
649 +.562425085782E-0178
650 +.662666806327E-0178
651 +.112118435155E-0177
652 +.267763406994E-0177
653 +.244402377840E-0177
654 +.851046696558E-0177
655 +.157436714840E-0176
656 +.269167423644E-0176
657 +.173001190712E-0176
658 +.643418003242E-0176
659 +.145939305788E-0175
660 +.129141930699E-0175
661 +.247571811252E-0175
662 +.499240561062E-0175
663 +.844849913187E-0175
664 +.198040951674E-0174
665 +.206651346172E-0174
666 +.685768119066E-0174
667 +.979526575691E-0174
668 +.229790720440E-0173
669 +.182507407516E-0173
670 +.504435928634E-0173
671 +.116174292197E-0172
672 +.818257321243E-0173
673 +.176267180284E-0172
674 +.298989439176E-0172
675 +.682672824506E-0172
676 +.805560909913E-0172
677 +.252652491797E-0171
678 +.238268743190E-0171
679 +.668833339367E-0171
680 +.153033772225E-0170
681 +.113024068304E-0170
682 +.238429994861E-0170
683 +.417826241586E-0170
684 +.913298574965E-0170
685 +.127032387111E-0169
686 +.360039171487E-0169
687 +.527251421377E-0170
688 +.793596123053E-0170
689 +.269100598324E-0169
690 +.717738547266E-0169
691 +.123049043093E-0168
692 +.699319127757E-0169
693 +.179797217742E-0168
694 +.189221328641E-0168
695 +.616901745580E-0168
696 +.772998090629E-0168
697 +.197002086046E-0167
698 +.270321288586E-0167
699 +.623867424851E-0167
700 +.442066421654E-0167
701 +.123025642272E-0166
702 +.305607219891E-0166
703 +.862367831453E-0167
704 +.259089140419E-0166
705 +.294459247324E-0166
706 +.915474765776E-0166
707 +.768660375058E-0166
708 +.219686767319E-0165
709 +.559124749905E-0165
710 +.756519185621E-0166
711 +.316993405277E-0165
712 +.317412546568E-0165
713 +.103453887611E-0164
714 +.125065659203E-0164
715 +.324359607343E-0164
716 +.490485315184E-0164
717 +.104433258667E-0163
718 +.267611074451E-0164
719 +.601771646641E-0164
720 +.182451662357E-0163
721 +.234040083742E-0163
722 +.214342366084E-0163
723 +.452586834447E-0163
724 +.767479714473E-0163
725 +.176913864203E-0162
726 +.200195422560E-0162
727 +.641050139142E-0162
728 +.717264734570E-0162
729 +.192069680511E-0161
730 +.343995618900E-0161
731 +.586691637494E-0161
732 +.381865553421E-0161
733 +.141672860552E-0160
734 +.319470048009E-0160
735 +.291869106195E-0160
736 +.548680532997E-0160
737 +.113575574416E-0159
738 +.180083696868E-0159
739 +.454635359217E-0159
740 +.283712373517E-0159
741 +.109335029549E-0158
742 +.290735908949E-0158
743 +.135012526272E-0159
744 +.605327899476E-0159
745 +.483852135116E-0159
746 +.164178194562E-0158
747 +.230730400653E-0158
748 +.548260055307E-0158
749 +.479756810299E-0158
750 +.131105805546E-0157
751 +.277976378403E-0157
752 +.304295476720E-0157
753 +.499343388358E-0157
754 +.120812209881E-0156
755 +.100621657740E-0156
756 +.360217811789E-0156
757 +.751721435995E-0156
758 +.951899589281E-0156
759 +.132465900920E-0155
760 +.367188612790E-0155
761 +.472836920120E-0157
762 +.933255879407E-0156
763 +.334742677122E-0155
764 +.868330878463E-0155
765 +.133562868629E-0154
766 +.112204025127E-0154
767 +.246244737732E-0154
768 +.383899433719E-0154
769 +.972105551432E-0154
770 +.590975977250E-0154
771 +.229039660792E-0153
772 +.617307455898E-0153
773 +.866318697618E-0154
774 +.147183159367E-0154
775 +.134027663006E-0154
776 +.361234972730E-0154
777 +.508063736193E-0154
778 +.119003076770E-0153
779 +.943414429327E-0154
780 +.260785807627E-0153
781 +.601372982868E-0153
782 +.419598642053E-0153
783 +.907572035940E-0153
784 +.152964138771E-0152
785 +.352080494631E-0152
786 +.401109841450E-0152
787 +.128013720651E-0151
788 +.139583532678E-0151
789 +.377145836538E-0151
790 +.707433330539E-0151
791 +.110325956919E-0150
792 +.101285728689E-0150
793 +.342274817555E-0150
794 +.531369739064E-0150
795 +.115609046778E-0149
796 +.416629136748E-0150
797 +.106410493251E-0149
798 +.315651193457E-0149
799 +.328316101109E-0149
800 +.376111917066E-0149
801 +.658945467085E-0149
802 +.150978345029E-0148
803 +.170728848146E-0148
804 +.546572469642E-0148
805 +.610358896938E-0148
806 +.163554061799E-0147
807 +.293965860627E-0147
808 +.498221513777E-0147
809 +.334395160747E-0147
810 +.123170979009E-0146
811 +.271901354454E-0146
812 +.276078283162E-0146
813 +.482052596577E-0146
814 +.109187639628E-0145
815 +.128491855541E-0145
816 +.403151753017E-0145
817 +.381332763872E-0145
818 +.106974159845E-0144
819 +.243934231894E-0144
820 +.184337451079E-0144
821 +.384751437275E-0144
822 +.685427541987E-0144
823 +.146294549273E-0143
824 +.219352857377E-0143
825 +.584937875240E-0143
826 +.162708257197E-0143
827 +.749231254762E-0143
828 +.247423767384E-0142
829 +.470862194915E-0142
830 +.468953962994E-0144
831 +.130728623790E-0142
832 +.408610565410E-0143
833 +.179018945749E-0142
834 +.516895239710E-0142
835 +.333926741392E-0142
836 +.434744686649E-0142
837 +.568599456405E-0142
838 +.169374499906E-0141
839 +.941245346172E-0142
840 +.270093700345E-0141
841 +.838454366796E-0141
842 +.119245342978E-0140
843 +.891767393026E-0141
844 +.209017124000E-0140
845 +.277698144868E-0140
846 +.801963753427E-0140
847 +.223998191607E-0140
848 +.549051419070E-0140
849 +.187013344954E-0139
850 +.459249061412E-0139
851 +.543540576472E-0139
852 +.691913574231E-0139
853 +.107400776310E-0138
854 +.277581724927E-0138
855 +.125454499378E-0138
856 +.517469196273E-0138
857 +.156051765482E-0137
858 +.160781435010E-0137
859 +.184751272928E-0137
860 +.322327640090E-0137
861 +.742490395051E-0137
862 +.819342923846E-0137
863 +.265278995951E-0136
864 +.321909168926E-0136
865 +.833596090212E-0136
866 +.125005989142E-0135
867 +.268279874870E-0135
868 +.797198409732E-0136
869 +.191233107005E-0135
870 +.576493868401E-0135
871 +.695122006673E-0135
872 +.693307284226E-0135
873 +.138135242317E-0134
874 +.261577274034E-0134
875 +.509234347734E-0134
876 +.956294488859E-0134
877 +.192263569256E-0133
878 +.337175262206E-0133
879 +.754964204840E-0133
880 +.964073814402E-0133
881 +.289426060136E-0132
882 +.169554506203E-0132
883 +.488813556621E-0132
884 +.149809436240E-0131
885 +.194764391166E-0131
886 +.174502076146E-0131
887 +.373334546550E-0131
888 +.615987962139E-0131
889 +.146823556219E-0130
890 +.140215176676E-0130
891 +.481068376538E-0130
892 +.827924808875E-0130
893 +.159414497366E-0129
894 +.332727102129E-0130
895 +.161901039176E-0129
896 +.485687355549E-0129
897 +.465291549544E-0129
898 +.558488564323E-0129
899 +.919983634426E-0129
900 +.226304904602E-0128
901 +.169063636574E-0128
902 +.623764357036E-0128
903 +.145740486425E-0127
904 +.107142594956E-0127
905 +.226057341449E-0127
906 +.396322798465E-0127
907 +.865562518084E-0127
908 +.120732804372E-0126
909 +.341469099741E-0126
910 +.447876970621E-0127
911 +.568166393493E-0127
912 +.190713140266E-0126
913 +.510712694837E-0126
914 +.888754285736E-0126
915 +.467073017424E-0126
916 +.123252824699E-0125
917 +.121376348036E-0125
918 +.406081188062E-0125
919 +.598093217370E-0125
920 +.136837282112E-0124
921 +.877966982329E-0125
922 +.244192501573E-0124
923 +.635308886131E-0124
924 +.725802984811E-0126
925 +.176209111395E-0124
926 +.150686091285E-0124
927 +.507668714748E-0124
928 +.713564270812E-0124
929 +.169478260268E-0123
930 +.147839365233E-0123
931 +.404195305808E-0123
932 +.859593362420E-0123
933 +.929697619343E-0123
934 +.154242061565E-0122
935 +.369115894059E-0122
936 +.329545370017E-0122
937 +.115513058520E-0121
938 +.220179801037E-0121
939 +.354480140285E-0121
940 +.293182064932E-0121
941 +.102251830196E-0120
942 +.184499541881E-0120
943 +.329229198324E-0120
944 +.164079265656E-0120
945 +.645264030153E-0120
946 +.165919860268E-0119
947 +.294595352426E-0120
948 +.107588129631E-0119
949 +.112413826520E-0119
950 +.361123357200E-0119
951 +.395994306755E-0119
952 +.106761076638E-0118
953 +.198041266836E-0118
954 +.316083385547E-0118
955 +.269682117568E-0118
956 +.932474733080E-0118
957 +.162015678601E-0117
958 +.307055699109E-0117
959 +.838088573604E-0118
960 +.378222832538E-0117
961 +.110672601660E-0116
962 +.836913340036E-0117
963 +.108116972564E-0116
964 +.152497263689E-0116
965 +.430822512700E-0116
966 +.657908286257E-0117
967 +.104324660538E-0116
968 +.353711028027E-0116
969 +.930419978886E-0116
970 +.150612203050E-0115
971 +.108442473645E-0115
972 +.255428562106E-0115
973 +.337051893569E-0115
974 +.976885157816E-0115
975 +.298813691085E-0115
976 +.758008905657E-0115
977 +.257035238181E-0114
978 +.614424158565E-0114
979 +.631479772083E-0114
980 +.890690165810E-0114
981 +.115163580640E-0113
982 +.340796496867E-0113
983 +.168145284697E-0113
984 +.476397861207E-0113
985 +.152151258660E-0112
986 +.259487780637E-0112
987 +.871057846440E-0113
988 +.268231718304E-0112
989 +.177649912648E-0112
990 +.666032141650E-0112
991 +.158705804848E-0111
992 +.999966256497E-0112
993 +.225144645392E-0111
994 +.356636471743E-0111
995 +.880753586918E-0111
996 +.666737613991E-0111
997 +.245253648326E-0110
998 +.567499142098E-0110
999 +.445947986040E-0110
1000 +.911557585641E-0110
1001 +.167703894050E-0109
1002 +.340214163237E-0109
1003 +.583656332112E-0109
1004 +.134576363168E-0108
1005 +.152084136823E-0108
1006 +.487390329163E-0108
1007 +.548834605207E-0108
1008 +.146624495136E-0107
1009 +.259445709483E-0107
1010 +.451787320615E-0107
1011 +.262933865982E-0107
1012 +.100041512561E-0106
1013 +.240911972846E-0106
1014 +.137252348137E-0106
1015 +.321096261102E-0106
1016 +.479476668799E-0106
1017 +.125293854374E-0105
1018 +.519811175392E-0106
1019 +.218412234380E-0105
1020 +.674693104998E-0105
1021 +.841907385501E-0105
1022 +.799273560306E-0105
1023 +.164890291757E-0104
1024 +.292902542030E-0104
1025 +.633554430606E-0104
1026 +.912119093966E-0104
1027 +.251775085960E-0103
1028 +.107631819833E-0104
1029 +.113886178905E-0103
1030 +.403200409011E-0103
1031 +.104172494287E-0102
1032 +.157195831328E-0102
1033 +.138562349784E-0102
1034 +.296382974943E-0102
1035 +.488076371101E-0102
1036 +.116501967211E-0101
1037 +.110338451100E-0101
1038 +.379656423816E-0101
1039 +.663000528180E-0101
1040 +.124946574070E-0100
1041 +.368397682170E-0101
1042 +.163023013132E-0100
1043 +.472397363393E-0100
1044 +.320472341147E-0100
1045 +.417538951865E-0100
1046 +.557456609124E-0100
1047 +.163774902539E-0099
1048 +.732305088904E-0100
1049 +.204473369931E-0099
1050 +.665340923533E-0099
1051 +.126591480510E-0098
1052 +.628689834459E-0101
1053 +.365659083052E-0099
1054 +.117079571012E-0099
1055 +.510184290403E-0099
1056 +.147133335890E-0098
1057 +.937624253157E-0099
1058 +.122006837783E-0098
1059 +.158680969517E-0098
1060 +.474419702837E-0098
1061 +.277525722848E-0098
1062 +.799290865038E-0098
1063 +.244368325086E-0097
1064 +.312236518410E-0097
1065 +.287579938028E-0097
1066 +.605032491236E-0097
1067 +.103365238096E-0096
1068 +.235996683155E-0096
1069 +.278546569829E-0096
1070 +.873615934083E-0096
1071 +.823917603636E-0096
1072 +.231276728724E-0095
1073 +.529157282881E-0095
1074 +.390914307936E-0095
1075 +.824555178462E-0095
1076 +.144522330592E-0094
1077 +.315819272104E-0094
1078 +.439662194398E-0094
1079 +.124530103149E-0093
1080 +.176496993462E-0094
1081 +.253751942808E-0094
1082 +.858325102510E-0094
1083 +.229235499419E-0093
1084 +.395007919442E-0093
1085 +.218799175822E-0093
1086 +.567424275537E-0093
1087 +.584014498140E-0093
1088 +.192123837100E-0092
1089 +.255416637275E-0092
1090 +.629529000570E-0092
1091 +.707292261926E-0092
1092 +.181404845447E-0091
1093 +.265964428998E-0091
1094 +.582942497107E-0091
1095 +.238706929418E-0091
1096 +.629481600592E-0091
1097 +.184280307605E-0090
1098 +.168836887849E-0090
1099 +.207519547087E-0090
1100 +.329651738685E-0090
1101 +.841284416443E-0090
1102 +.444672801371E-0090
1103 +.177516327679E-0089
1104 +.508604956886E-0089
1105 +.305133089495E-0089
1106 +.395221583608E-0089
1107 +.502528018709E-0089
1108 +.152458917833E-0088
1109 +.107219370651E-0088
1110 +.309978229947E-0088
1111 +.880420241989E-0088
1112 +.566985820984E-0088
1113 +.740498382043E-0088
1114 +.961488140821E-0088
1115 +.287630806135E-0087
1116 +.169470096337E-0087
1117 +.488290941594E-0087
1118 +.148943589057E-0086
1119 +.187134565314E-0086
1120 +.176719461247E-0086
1121 +.365875821761E-0086
1122 +.645355839837E-0086
1123 +.141033904619E-0085
1124 +.196358430153E-0085
1125 +.556194192149E-0085
1126 +.790457476003E-0086
1127 +.114098925751E-0085
1128 +.386032978718E-0085
1129 +.103092108902E-0084
1130 +.177600726036E-0084
1131 +.984968134421E-0085
1132 +.255331623632E-0084
1133 +.263076303399E-0084
1134 +.865079917686E-0084
1135 +.114697114182E-0083
1136 +.283165251114E-0083
1137 +.321486691230E-0083
1138 +.821221505618E-0083
1139 +.117608525131E-0082
1140 +.262920911380E-0082
1141 +.136661987654E-0082
1142 +.374796191533E-0082
1143 +.104826864884E-0081
1144 +.560433939721E-0082
1145 +.714919537819E-0082
1146 +.872246592164E-0082
1147 +.271436439145E-0081
1148 +.248420200597E-0081
1149 +.700629064616E-0081
1150 +.164821959892E-0080
1151 +.978927235961E-0081
1152 +.225858557748E-0080
1153 +.343912804346E-0080
1154 +.883130985648E-0080
1155 +.462856146303E-0080
1156 +.185175963403E-0079
1157 +.533219440590E-0079
1158 +.341402123351E-0079
1159 +.444300089772E-0079
1160 +.579069109209E-0079
1161 +.172893123457E-0078
1162 +.992660068537E-0079
1163 +.285547024381E-0078
1164 +.878066651282E-0078
1165 +.116947961106E-0077
1166 +.100479824099E-0077
1167 +.220139104544E-0077
1168 +.344806522435E-0077
1169 +.869767992772E-0077
1170 +.548896796889E-0077
1171 +.210968830135E-0076
1172 +.557055417412E-0076
1173 +.922918290094E-0079
1174 +.168941973927E-0076
1175 +.148731863418E-0076
1176 +.497957073121E-0076
1177 +.681485522734E-0076
1178 +.164908669144E-0075
1179 +.164210384248E-0075
1180 +.437379188713E-0075
1181 +.795297264097E-0075
1182 +.132031842331E-0074
1183 +.971547135574E-0075
1184 +.349868716320E-0074
1185 +.716960817668E-0074
1186 +.959141101169E-0074
1187 +.123066385778E-0073
1188 +.359168786086E-0073
1189 +.137678062695E-0073
1190 +.372367313610E-0073
1191 +.123453665716E-0072
1192 +.260988364000E-0072
1193 +.108888693131E-0072
1194 +.156361979390E-0072
1195 +.944809130105E-0073
1196 +.365154986833E-0072
1197 +.977420283075E-0072
1198 +.926481105003E-0073
1199 +.110380812621E-0072
1200 +.668842098657E-0073
1201 +.235385473351E-0072
1202 +.336677727222E-0072
1203 +.790870243323E-0072
1204 +.633209668285E-0072
1205 +.174893308783E-0071
1206 +.400394091501E-0071
1207 +.294218151009E-0071
1208 +.621980168317E-0071
1209 +.108652560314E-0070
1210 +.238545925408E-0070
1211 +.326888085038E-0070
1212 +.936551789022E-0070
1213 +.211830461015E-0070
1214 +.468722404280E-0070
1215 +.160597492892E-0069
1216 +.412616272922E-0069
1217 +.604374721766E-0069
1218 +.569417911745E-0069
1219 +.117086518663E-0068
1220 +.208409192533E-0068
1221 +.449082883335E-0068
1222 +.654227358000E-0068
1223 +.178852440383E-0067
1224 +.196662300922E-0068
1225 +.123635258222E-0067
1226 +.430643464637E-0067
1227 +.105603952397E-0066
1228 +.124701358156E-0066
1229 +.159106126427E-0066
1230 +.246168778453E-0066
1231 +.638099297350E-0066
1232 +.276693364335E-0066
1233 +.115126274326E-0065
1234 +.351055509334E-0065
1235 +.396447349561E-0065
1236 +.422822954992E-0065
1237 +.796876495046E-0065
1238 +.165227102172E-0064
1239 +.263291780100E-0064
1240 +.661649487848E-0064
1241 +.431297118525E-0064
1242 +.164577913758E-0063
1243 +.426561209367E-0063
1244 +.534260236407E-0064
1245 +.233208013679E-0063
1246 +.233425073950E-0063
1247 +.760070694509E-0063
1248 +.910935867298E-0063
1249 +.237186423830E-0062
1250 +.366419824387E-0062
1251 +.763656706865E-0062
1252 +.114083960593E-0062
1253 +.163404851344E-0062
1254 +.489716282776E-0062
1255 +.689748639306E-0062
1256 +.530536541735E-0062
1257 +.122829253047E-0061
1258 +.168412318752E-0061
1259 +.475874352677E-0061
1260 +.567256444448E-0062
1261 +.589914293261E-0062
1262 +.194910264942E-0061
1263 +.521756162516E-0061
1264 +.904620789609E-0061
1265 +.484997314841E-0061
1266 +.127146254441E-0060
1267 +.127300259437E-0060
1268 +.423280734204E-0060
1269 +.601197740326E-0060
1270 +.141613506397E-0059
1271 +.116107058172E-0059
1272 +.319930651902E-0059
1273 +.718826253556E-0059
1274 +.595366770305E-0059
1275 +.118656650948E-0058
1276 +.226553361679E-0058
1277 +.430380439111E-0058
1278 +.846685678193E-0058
1279 +.155649885162E-0057
1280 +.324523553001E-0057
1281 +.520226294020E-0057
1282 +.130009868849E-0056
1283 +.890846526907E-0057
1284 +.336000341089E-0056
1285 +.842783159485E-0056
1286 +.279932334817E-0056
1287 +.790756302533E-0056
1288 +.945295463451E-0056
1289 +.286824151878E-0055
1290 +.185764857653E-0055
1291 +.537440147015E-0055
1292 +.158691416974E-0054
1293 +.153225999496E-0054
1294 +.183742600143E-0054
1295 +.303385983146E-0054
1296 +.744293642390E-0054
1297 +.567522817872E-0054
1298 +.208280069639E-0053
1299 +.477806331156E-0053
1300 +.396567137968E-0053
1301 +.788057733184E-0053
1302 +.151123626951E-0052
1303 +.284647043388E-0052
1304 +.568682880459E-0052
1305 +.101117848520E-0051
1306 +.221972890924E-0051
1307 +.304492021627E-0051
1308 +.872039264506E-0051
1309 +.194732382941E-0051
1310 +.427692913224E-0051
1311 +.146559814527E-0050
1312 +.377294481949E-0050
1313 +.557492028975E-0050
1314 +.515499435436E-0050
1315 +.107237044464E-0049
1316 +.186708059242E-0049
1317 +.415250565620E-0049
1318 +.543602685505E-0049
1319 +.160651516295E-0048
1320 +.742467338058E-0049
1321 +.208622541423E-0048
1322 +.676898218303E-0048
1323 +.126622075391E-0047
1324 +.674705944623E-0049
1325 +.531251788561E-0048
1326 +.204555525134E-0048
1327 +.857509852215E-0048
1328 +.244253896889E-0047
1329 +.133011689140E-0047
1330 +.169808232314E-0047
1331 +.209418545101E-0047
1332 +.647782730921E-0047
1333 +.560168275471E-0047
1334 +.159401998222E-0046
1335 +.395193030064E-0046
1336 +.117194783621E-0046
1337 +.345614467370E-0046
1338 +.397518473265E-0046
1339 +.122929895879E-0045
1340 +.980294761609E-0046
1341 +.281663675796E-0045
1342 +.744553334655E-0045
1343 +.848198052903E-0046
1344 +.557915196672E-0046
1345 +.218802697648E-0046
1346 +.830984707621E-0046
1347 +.121807127445E-0045
1348 +.281617384992E-0045
1349 +.197264262721E-0045
1350 +.548803874521E-0045
1351 +.136895680998E-0044
1352 +.351732104527E-0045
1353 +.109592385922E-0044
1354 +.121838808044E-0044
1355 +.382417717151E-0044
1356 +.349910587931E-0044
1357 +.987503410133E-0044
1358 +.232874500872E-0043
1359 +.135270714393E-0043
1360 +.314695618120E-0043
1361 +.473119834964E-0043
1362 +.122914206474E-0042
1363 +.555130095290E-0043
1364 +.229116835917E-0042
1365 +.692554087525E-0042
1366 +.727936770179E-0042
1367 +.824724167397E-0042
1368 +.146251680545E-0041
1369 +.330064869956E-0041
1370 +.398170864124E-0041
1371 +.123388238864E-0040
1372 +.104011484430E-0040
1373 +.297221632043E-0040
1374 +.754988098607E-0040
1375 +.111411602801E-0040
1376 +.446107513799E-0040
1377 +.451402928026E-0040
1378 +.146656106929E-0039
1379 +.173780743876E-0039
1380 +.454751419459E-0039
1381 +.721669388495E-0039
1382 +.146083077120E-0038
1383 +.169144588221E-0040
1384 +.379873735231E-0039
1385 +.122195803614E-0038
1386 +.169699399903E-0038
1387 +.133013259346E-0038
1388 +.305166669572E-0038
1389 +.428383172359E-0038
1390 +.118957385605E-0037
1391 +.593185470178E-0040
1392 +.378011181386E-0038
1393 +.135176407850E-0037
1394 +.354905131564E-0037
1395 +.574359597488E-0037
1396 +.414120312391E-0037
1397 +.974875875463E-0037
1398 +.128821911013E-0036
1399 +.373021336236E-0036
1400 +.111508530244E-0036
1401 +.280554992936E-0036
1402 +.952537251834E-0036
1403 +.229379241513E-0035
1404 +.245315048770E-0035
1405 +.337837692720E-0035
1406 +.459606715175E-0035
1407 +.131679853963E-0034
1408 +.328278538844E-0035
1409 +.764013326204E-0035
1410 +.260545342250E-0034
1411 +.649137284661E-0034
1412 +.824741258473E-0034
1413 +.974396190469E-0034
1414 +.166049181533E-0033
1415 +.390178653633E-0033
1416 +.390245653153E-0033
1417 +.131569001816E-0032
1418 +.206076390796E-0032
1419 +.445111517269E-0032
1420 +.143501431552E-0032
1421 +.354234743274E-0032
1422 +.106044342418E-0031
1423 +.120103087780E-0031
1424 +.128232564040E-0031
1425 +.241513253717E-0031
1426 +.501184416073E-0031
1427 +.796862970859E-0031
1428 +.200719523321E-0030
1429 +.128025527879E-0030
1430 +.490959630570E-0030
1431 +.128932396003E-0029
1432 +.494277960334E-0031
1433 +.484518548605E-0030
1434 +.446729632456E-0030
1435 +.148367541806E-0029
1436 +.197285411786E-0029
1437 +.486284805832E-0029
1438 +.546427570481E-0029
1439 +.140140756120E-0028
1440 +.205414160669E-0028
1441 +.450326465657E-0028
1442 +.184939483827E-0028
1443 +.487999523482E-0028
1444 +.142803632204E-0027
1445 +.130316447737E-0027
1446 +.160442003482E-0027
1447 +.254137738408E-0027
1448 +.650376445311E-0027
1449 +.332638043146E-0027
1450 +.133713191054E-0026
1451 +.387847698329E-0026
1452 +.271277657186E-0026
1453 +.352905723777E-0026
1454 +.478425471266E-0026
1455 +.139095018045E-0025
1456 +.510126403484E-0026
1457 +.136581006419E-0025
1458 +.455885074224E-0025
1459 +.999352420185E-0025
1460 +.581141864982E-0025
1461 +.903428724989E-0025
1462 +.647003873521E-0025
1463 +.239596918115E-0024
1464 +.564316273626E-0024
1465 +.389472595111E-0024
1466 +.845001742158E-0024
1467 +.141837677890E-0023
1468 +.328067815439E-0023
1469 +.365553892183E-0023
1470 +.117885028069E-0022
1471 +.139031268132E-0022
1472 +.364650758921E-0022
1473 +.585770462304E-0022
1474 +.116912305225E-0021
1475 +.609693620067E-0023
1476 +.561079402388E-0022
1477 +.176627588333E-0021
1478 +.232866146787E-0021
1479 +.202659309824E-0021
1480 +.440818187956E-0021
1481 +.701778327629E-0021
1482 +.174070455114E-0020
1483 +.127174357542E-0020
1484 +.472120331085E-0020
1485 +.112700102746E-0019
1486 +.698231210003E-0020
1487 +.158231088735E-0019
1488 +.248151036275E-0019
1489 +.619129604856E-0019
1490 +.431870177900E-0019
1491 +.162147605837E-0018
1492 +.400981151615E-0018
1493 +.167419469719E-0018
1494 +.436545422546E-0018
1495 +.564275246693E-0018
1496 +.163949303781E-0017
1497 +.519719081318E-0018
1498 +.133429506278E-0017
1499 +.451299689252E-0017
1500 +.106355340281E-0016
1501 +.100914566243E-0016
1502 +.147938114291E-0016
1503 +.173110198474E-0016
1504 +.540954796731E-0016
1505 +.502331880074E-0016
1506 +.141285258195E-0015
1507 +.327341196429E-0015
1508 +.220767785225E-0015
1509 +.484501759839E-0015
1510 +.797960742453E-0015
1511 +.188847673058E-0014
1512 +.187691320127E-0014
1513 +.634630827198E-0014
1514 +.101064401325E-0013
1515 +.214478097967E-0013
1516 +.498411088594E-0014
1517 +.106279119817E-0013
1518 +.322134971273E-0013
1519 +.419378550268E-0013
1520 +.375162756481E-0013
1521 +.803474692534E-0013
1522 +.132267774062E-0012
1523 +.316111238811E-0012
1524 +.297271689481E-0012
1525 +.102538220887E-0011
1526 +.181281905775E-0011
1527 +.335197337424E-0011
1528 +.123399577723E-0011
1529 +.518195472666E-0011
1530 +.144781160298E-0010
1531 +.575178753391E-0011
1532 +.657554275403E-0011
1533 +.771677676463E-0011
1534 +.247712672454E-0010
1535 +.296636471559E-0010
1536 +.772001664667E-0010
1537 +.119037312728E-0009
1538 +.248572325444E-0009
1539 +.395152305336E-0010
1540 +.613224138357E-0010
1541 +.184638269049E-0009
1542 +.258781987721E-0009
1543 +.201117788282E-0009
1544 +.463411932972E-0009
1545 +.643161374744E-0009
1546 +.180131570695E-0008
1547 +.100092757011E-0009
1548 +.183850628049E-0009
1549 +.690642383487E-0009
1550 +.184181289644E-0008
1551 +.319851911699E-0008
1552 +.170251077545E-0008
1553 +.447392878671E-0008
1554 +.445222828817E-0008
1555 +.148377704978E-0007
1556 +.213629861863E-0007
1557 +.497942681422E-0007
1558 +.375489223752E-0007
1559 +.104171104372E-0006
1560 +.248744699749E-0006
1561 +.127116039948E-0006
1562 +.309601591617E-0006
1563 +.435187384694E-0006
1564 +.119486382307E-0005
1565 +.105117208850E-0006
1566 +.732616981043E-0006
1567 +.256278945045E-0005
1568 +.637593397970E-0005
1569 +.808498123138E-0005
1570 +.957619296385E-0005
1571 +.162736560020E-0004
1572 +.383608356252E-0004
1573 +.377229043277E-0004
1574 +.127987319956E-0003
1575 +.207577706288E-0003
1576 +.431516522102E-0003
1577 +.565930009329E-0004
1578 +.652927520766E-0004
1579 +.192191321909E-0003
1580 +.269251598716E-0003
1581 +.210297112478E-0003
1582 +.483514302844E-0003
1583 +.674619385645E-0003
1584 +.188200851175E-0002
1585 +.519801792772E-0004
1586 +.379382720909E-0003
1587 +.137720709381E-0002
1588 +.365538163981E-0002
1589 +.620022259949E-0002
1590 +.371053680691E-0002
1591 +.937187750695E-0002
1592 +.103292352600E-0001
1593 +.330115250127E-0001
1594 +.358287292659E-0001
1595 +.968943026084E-0001
1596 +.182803779550E+0000
1597 +.279853192684E+0000
1598 +.261957327074E+0000
1599 +.858394849052E+0000
1600 +.113624792047E+0001
1601 +.197333263268E+0001
1602 +.127169300979E+0001
1603 +.155981859902E+0001
1604 +.679777659913E+0000
1605 +.437931242561E+0000
1606 +.132078349865E+0001
1607 +.731323444104E+0000
1608 +.804735174289E+0000
1609 +.808077135029E+0000
1610 +.217308737924E+0001
1611 +.795432454011E+0000
1612 +.162615318249E+0001
1613 +.185361838612E+0001
1614 +.134097216563E+0001
1615 +.145172879957E+0001
1616 +.350752619656E+0000
1617 +.575723429484E+0000
1618 +.169143572427E+0001
1619 +.185761963032E+0001
1620 +.317253849710E+0000
1621 +.857752260956E+0000
1622 +.186357915541E+0001
1623 +.125691347196E+0001
1624 +.871422920140E+0000
1625 +.474414865056E+0000
1626 +.974886006323E+0000
1627 +.184033623354E+0001
1628 +.177009579420E+0001
1629 +.123988560544E-0001
1630 +.532027490176E+0000
1631 +.143325057252E+0001
1632 +.148730472061E+0001
1633 +.963583984084E+0000
1634 +.300196529939E+0000
1635 +.937406230261E+0000
1636 +.403249367072E+0000
1637 +.130182113278E+0001
1638 +.480403037506E+0000
1639 +.470210292561E+0000
1640 +.534432986042E+0000
1641 +.162482517453E+0001
1642 +.160241882056E+0001
1643 +.245106621413E+0000
1644 +.444853761980E+0000
1645 +.134917745667E+0001
1646 +.195682015004E+0001
1647 +.918514998819E+0000
1648 +.924827266345E+0000
1649 +.484117150101E+0000
1650 +.824808444668E+0000
1651 +.194131750454E+0001
1652 +.444624614695E+0000
1653 +.473362090669E+0000
1654 +.136728446665E+0001
1655 +.107557568689E+0001
1656 +.104551593850E+0001
1657 +.827921432104E+0000
1658 +.198441392455E+0001
1659 +.718753388864E+0000
1660 +.249008200062E+0000
1661 +.775584945006E+0000
1662 +.126071344165E+0000
1663 +.596130641207E+0000
1664 +.767763236072E+0000
1665 +.166650589713E+0001
1666 +.155544197517E+0001
1667 +.149609653260E+0000
1668 +.454341746022E+0000
1669 +.124647492376E+0001
1670 +.162979766241E+0001
1671 +.146167255878E+0001
1672 +.771660010524E+0000
1673 +.802313773479E-0001
1674 +.370440492095E+0000
1675 +.578190160108E+0000
1676 +.130583331750E+0001
1677 +.120034378510E+0001
1678 +.211974864206E+0001
1679 +.160588365428E+0001
1680 +.152284634554E+0001
1681 +.117394483860E+0001
1682 +.432512394262E+0000
1683 +.215637159123E+0000
1684 +.509516032717E+0000
1685 +.878651361360E+0000
1686 +.173257453697E+0001
1687 +.183410582695E+0001
1688 +.495477512967E+0000
1689 +.438841033150E+0000
1690 +.125898447856E+0001
1691 +.695560327725E+0000
1692 +.867255659995E+0000
1693 +.665685895837E+0000
1694 +.189844136465E+0001
1695 +.758034356133E+0000
1696 +.661214109294E+0000
1697 +.114673537737E+0001
1698 +.399920524175E+0000
1699 +.119157860600E+0001
1700 +.656474410467E+0000
1701 +.163298608966E+0001
1702 +.121781928592E+0001
1703 +.118913007213E+0001
1704 +.199361047705E+0001
1705 +.165063722540E+0001
1706 +.878941767243E+0000
1707 +.561776943668E+0000
1708 +.731559418451E+0000
1709 +.825996359727E+0000
1710 +.220446852828E+0001
1711 +.824889032553E+0000
1712 +.178313064434E+0001
1713 +.164708297405E+0001
1714 +.158712890970E+0001
1715 +.108110889130E+0001
1716 +.609659255553E+0000
1717 +.612104502526E+0000
1718 +.929083083374E+0000
1719 +.218170043311E+0001
1720 +.294612848829E+0000
1721 +.295237877710E+0000
1722 +.671055700795E+0000
1723 +.357833844442E+0000
1724 +.122839258350E+0001
1725 +.151941308376E+0001
1726 +.161495440003E+0001
1727 +.693692796141E+0000
1728 +.219229532012E+0000
1729 +.239507855383E+0000
1730 +.253353290836E+0000
1731 +.844480123043E+0000
1732 +.134102386054E+0001
1733 +.190325246572E+0001
1734 +.104203933457E+0001
1735 +.114974834237E+0001
1736 +.124409986590E+0001
1737 +.869049245042E+0000
1738 +.176424484365E+0001
1739 +.185781091934E+0001
1740 +.195110269485E+0000
1741 +.493536096325E+0000
1742 +.136899864420E+0001
1743 +.130583310788E+0001
1744 +.115103464402E+0001
1745 +.501248665819E+0000
1746 +.127556889613E+0001
1747 +.124757371044E+0001
1748 +.211965342843E+0001
1749 +.156870552587E+0001
1750 +.147268558705E+0001
1751 +.980078220351E+0000
1752 +.234530430947E+0000
1753 +.112303061463E+0000
1754 +.217335211008E+0000
1755 +.566376621213E+0000
1756 +.146003152249E+0000
1757 +.638692958031E+0000
1758 +.144598635327E+0001
1759 +.738227990688E+0000
1760 +.318942365017E+0000
1761 +.100183434535E+0001
1762 +.244548587493E+0000
1763 +.309049059360E+0000
1764 +.710851387330E-0001
1765 +.145064596064E+0000
1766 +.405115390266E+0000
1767 +.261444009895E+0000
1768 +.300064668804E+0000
1769 +.459943787856E+0000
1770 +.118803006823E+0001
1771 +.285986238673E+0000
1772 +.964196808655E+0000
1773 +.566843891715E+0000
1774 +.165083645893E+0001
1775 +.242808642042E+0000
1776 +.296492442792E+0000
1777 +.618624648811E+0000
1778 +.237383012748E+0000
1779 +.920482076242E+0000
1780 +.174700048875E+0001
1781 +.137918468224E+0001
1782 +.117568920550E+0001
1783 +.127852033474E+0000
1784 +.476666013410E+0000
1785 +.120722003727E+0001
1786 +.240321304113E-0001
1787 +.311750315060E+0000
1788 +.166574932072E+0000
1789 +.623022668942E+0000
1790 +.126593620869E+0001
1791 +.125963660113E+0001
1792 +.307947245640E+0000
1793 +.866364087703E+0000
1794 +.133293499272E+0001
1795 +.227946096282E+0001
1796 +.117626741239E+0001
1797 +.154576842222E+0001
1798 +.739630795695E+0000
1799 +.568432543845E+0000
1800 +.101661607818E+0001
1801 +.238924511518E+0000
1802 +.887612087476E+0000
1803 +.113835121141E+0000
1804 +.453540629368E-0001
1805 +.122326409719E-0001
1806 +.242699893586E-0001
1807 +.521648247105E-0001
1808 +.491627384681E-0001
1809 +.904640097743E-0001
1810 +.192451056592E+0000
1811 +.281019233792E+0000
1812 +.755469871805E+0000
1813 +.111533513886E+0000
1814 +.559556438093E+0000
1815 +.893259617005E+0000
1816 +.163399795709E+0001
1817 +.570771798841E+0000
1818 +.115282672780E+0000
1819 +.721313062972E-0001
1820 +.891054223897E-0001
1821 +.301657426423E+0000
1822 +.552097115608E+0000
1823 +.910254110823E+0000
1824 +.423059173113E+0000
1825 +.132725869751E+0001
1826 +.397496827187E+0000
1827 +.294700245548E+0000
1828 +.416135747894E+0000
1829 +.122461580759E+0001
1830 +.848664752384E+0000
1831 +.118860028547E+0001
1832 +.462506591261E+0000
1833 +.125857057243E+0001
1834 +.107155219116E+0001
1835 +.204714459738E+0001
1836 +.172021328467E+0001
1837 +.123162083845E+0001
1838 +.109568927970E+0001
1839 +.595608537823E+0000
1840 +.980526488017E+0000
1841 +.225520156584E+0001
1842 +.167093606315E+0000
1843 +.417486025350E+0000
1844 +.698796606047E+0000
1845 +.793980706853E+0000
1846 +.205935065108E+0001
1847 +.265070277008E+0000
1848 +.799926223240E+0000
1849 +.185773899524E+0001
1850 +.155414889031E+0001
1851 +.105771918569E+0001
1852 +.369603726196E+0000
1853 +.275099494034E+0000
1854 +.498493294486E+0000
1855 +.118622414509E+0001
1856 +.776039442412E+0000
1857 +.186585954811E+0001
1858 +.111954993057E+0001
1859 +.401899882585E+0000
1860 +.102082626024E+0001
1861 +.129153249338E+0001
1862 +.241423475956E+0001
1863 +.815877284705E+0000
1864 +.126488422111E+0001
1865 +.122019779931E+0001
1866 +.131396780198E+0000
1867 +.222984063832E+0000
1868 +.462571907500E+0000
1869 +.318484682729E+0000
1870 +.113173339445E+0001
1871 +.216393688723E+0001
1872 +.714667768520E+0000
1873 +.114218914191E+0001
1874 +.100919494575E+0001
1875 +.189610430497E+0000
1876 +.578462437510E+0000
1877 +.113620989836E+0001
1878 +.150015857564E+0001
1879 +.246055307733E+0001
1880 +.318546454805E+0000
1881 +.125340226007E+0000
1882 +.219602167722E+0000
1883 +.287783954421E+0000
1884 +.456728152911E+0000
1885 +.110990532777E+0001
1886 +.682827222133E+0000
1887 +.179706313992E+0001
1888 +.549681551878E+0000
1889 +.682031067815E+0000
1890 +.188884830428E+0001
1891 +.125434233936E+0001
1892 +.863177825952E+0000
1893 +.485520005069E+0000
1894 +.987463982448E+0000
1895 +.186660952777E+0001
1896 +.174450583512E+0001
1897 +.125087516029E+0000
1898 +.526701298788E+0000
1899 +.136692119187E+0001
1900 +.125675640466E+0001
1901 +.113979332978E+0001
1902 +.583583952264E+0000
1903 +.143931031845E+0001
1904 +.125837593007E+0001
1905 +.175396317107E+0001
1906 +.199462363379E+0001
1907 +.121404868108E+0000
1908 +.704624309002E+0000
1909 +.158793829783E+0001
1910 +.751307194079E+0000
1911 +.152234400552E+0000
1912 +.486462001511E+0000
1913 +.803491272351E+0000
1914 +.164779218948E+0001
1915 +.170392597246E+0001
1916 +.101532269310E+0001
1917 +.688143041234E+0000
1918 +.158886084752E+0001
1919 +.123400287015E+0001
1920 +.131178823404E+0001
1921 +.203972026850E+0001
1922 +.142720128938E+0001
1923 +.849316786973E+0000
1924 +.614800403598E-0001
1925 +.150725531342E+0000
1926 +.206610031804E+0000
1927 +.493732153246E+0000
1928 +.481588219945E+0000
1929 +.152123237131E+0001
1930 +.173736382659E+0001
1931 +.624885755512E+0000
1932 +.695156889394E-0001
1933 +.350325944423E+0000
1934 +.372664132767E-0001
1935 +.204452728957E-0001
1936 +.486334610302E-0001
1937 +.289500107956E-0001
1938 +.378086124739E-0001
1939 +.472663376828E-0001
1940 +.144678252844E+0000
1941 +.112401892234E+0000
1942 +.321119009945E+0000
1943 +.844049463466E+0000
1944 +.150424949543E+0000
1945 +.607109496376E-0001
1946 +.726360153408E-0001
1947 +.112568270097E+0000
1948 +.306930387708E+0000
1949 +.243007981006E-0001
1950 +.176332728971E+0000
1951 +.560548899956E+0000
1952 +.823884103973E+0000
1953 +.309780662356E+0000
1954 +.728534229723E+0000
1955 +.131154041387E+0001
1956 +.198532468964E+0001
1957 +.180054499753E+0001
1958 +.104238372834E+0001
1959 +.114296391232E+0001
1960 +.116747272103E+0001
1961 +.935620985073E+0000
1962 +.196315704821E+0001
1963 +.147530722378E+0001
1964 +.362456292663E+0000
1965 +.210034039305E+0000
1966 +.368450208899E+0000
1967 +.198736904210E+0000
1968 +.762530431423E+0000
1969 +.185408479601E+0001
1970 +.107977922901E+0000
1971 +.699177740770E+0000
1972 +.131824832397E+0001
1973 +.286097615308E+0000
1974 +.874638546391E+0000
1975 +.125315360116E+0001
1976 +.234529379754E+0001
1977 +.103279096959E+0001
1978 +.149726444862E+0001
1979 +.956404325927E+0000
1980 +.573030915673E+0000
1981 +.724851044755E+0000
1982 +.810207903958E+0000
1983 +.218388858959E+0001
1984 +.902322950726E+0000
1985 +.181320329321E+0001
1986 +.158095457818E+0001
1987 +.155617894011E+0001
1988 +.825034839138E+0000
1989 +.464526691029E+0000
1990 +.711881139175E+0000
1991 +.464420183937E+0000
1992 +.152262592124E+0001
1993 +.175927036098E+0001
1994 +.592055057625E+0000
1995 +.630629234678E-0001
1996 +.324381772964E+0000
1997 +.289265056636E-0001
1998 +.578203386216E-0003
1999 +.695985873893E-0002
