0 +.114042438596E-0450
1 +.353531559647E-0450
2 +.430168078384E-0450
3 +.140206985445E-0449
4 +.303761898715E-0449
5 +.513531662127E-0449
6 +.590869093595E-0449
7 +.180384021165E-0448
8 +.163122679659E-0448
9 +.594506064233E-0448
10 +.179030094679E-0447
11 +.106626842513E-0447
12 +.245454366011E-0447
13 +.285861411779E-0447
14 +.875362459504E-0447
15 +.805825611947E-0447
16 +.292429056383E-0446
17 +.872758771989E-0446
18 +.453798170075E-0446
19 +.109748859508E-0445
20 +.121018678040E-0445
21 +.380680950560E-0445
22 +.430358128340E-0445
23 +.145964594359E-0444
24 +.362862057103E-0444
25 +.357257303931E-0444
26 +.718913482863E-0444
27 +.125830364741E-0443
28 +.277047882536E-0443
29 +.375522422356E-0443
30 +.108421877581E-0442
31 +.533061878060E-0443
32 +.220409262867E-0442
33 +.793531424902E-0442
34 +.194281212237E-0441
35 +.228750819885E-0441
36 +.409213421228E-0441
37 +.603379615296E-0441
38 +.157472970738E-0440
39 +.648209949999E-0441
40 +.272683219024E-0440
41 +.880828070662E-0440
42 +.109122043964E-0439
43 +.156900600252E-0439
44 +.305958840027E-0439
45 +.549613291290E-0439
46 +.117643718409E-0438
47 +.174771979606E-0438
48 +.469938317024E-0438
49 +.104703292203E-0438
50 +.511619843099E-0438
51 +.178731507457E-0437
52 +.377728631896E-0437
53 +.161277502967E-0437
54 +.460247502376E-0437
55 +.232857388241E-0437
56 +.921642321316E-0437
57 +.259645737473E-0436
58 +.411086268012E-0437
59 +.159133955175E-0436
60 +.149633737878E-0436
61 +.499732237982E-0436
62 +.796157932901E-0436
63 +.220096595770E-0435
64 +.237236334364E-0435
65 +.802180467189E-0435
66 +.192036071342E-0434
67 +.230297894377E-0434
68 +.410376640364E-0434
69 +.868914263024E-0434
70 +.130503601134E-0433
71 +.347052536560E-0433
72 +.102759573386E-0433
73 +.465940469307E-0433
74 +.158894146395E-0432
75 +.289644635331E-0432
76 +.132199542782E-0432
77 +.382616029225E-0432
78 +.187196567212E-0432
79 +.750642651028E-0432
80 +.219792054467E-0431
81 +.777881385745E-0432
82 +.214700649565E-0431
83 +.215686899118E-0431
84 +.705518976126E-0431
85 +.101632773154E-0430
86 +.303913732625E-0430
87 +.478631284940E-0430
88 +.131045943824E-0429
89 +.130609811678E-0429
90 +.453446046369E-0429
91 +.116961805118E-0428
92 +.888958618697E-0429
93 +.199093060964E-0428
94 +.283753924010E-0428
95 +.774721980189E-0428
96 +.950185969743E-0429
97 +.570288365778E-0428
98 +.203489406999E-0427
99 +.489633585165E-0427
100 +.526962109482E-0427
101 +.101671187918E-0426
102 +.132957990474E-0426
103 +.380362663232E-0426
104 +.160225139241E-0426
105 +.681203759961E-0426
106 +.247210306721E-0425
107 +.630923353385E-0425
108 +.904941914089E-0425
109 +.126815882585E-0424
110 +.242010672770E-0424
111 +.454874331716E-0424
112 +.902759525061E-0424
113 +.162723675030E-0423
114 +.349930468038E-0423
115 +.513255369577E-0423
116 +.139552757422E-0422
117 +.205571546900E-0423
118 +.114918713370E-0422
119 +.408740570368E-0422
120 +.962239731280E-0422
121 +.918352952217E-0422
122 +.192070233850E-0421
123 +.214400660436E-0421
124 +.670795673475E-0421
125 +.733642119094E-0421
126 +.251967898590E-0420
127 +.650091148773E-0420
128 +.492469196035E-0420
129 +.110441094389E-0419
130 +.156961509208E-0419
131 +.429493039074E-0419
132 +.479932443268E-0420
133 +.299586789814E-0419
134 +.107156513628E-0418
135 +.261745533605E-0418
136 +.304501339218E-0418
137 +.550809938185E-0418
138 +.799150098471E-0418
139 +.211490654693E-0417
140 +.682832370074E-0418
141 +.303118274554E-0417
142 +.101987787731E-0416
143 +.170463529858E-0416
144 +.125908235366E-0416
145 +.324235323945E-0416
146 +.237318938641E-0416
147 +.871243990293E-0416
148 +.210422463662E-0415
149 +.248308928161E-0415
150 +.446158580640E-0415
151 +.934241378881E-0415
152 +.144748362114E-0414
153 +.373909717748E-0414
154 +.180601218150E-0414
155 +.735168690693E-0414
156 +.228886568519E-0413
157 +.201728633957E-0413
158 +.387394894102E-0413
159 +.570454732861E-0413
160 +.148967135126E-0412
161 +.612850018243E-0413
162 +.257859748050E-0412
163 +.833336510378E-0412
164 +.103627819759E-0411
165 +.148297713945E-0411
166 +.290159080217E-0411
167 +.517739461421E-0411
168 +.111942267913E-0410
169 +.161199657218E-0410
170 +.444890933561E-0410
171 +.771933458809E-0411
172 +.408535228097E-0410
173 +.148090264478E-0409
174 +.382051854467E-0409
175 +.574796894621E-0409
176 +.739593059331E-0409
177 +.149810305022E-0408
178 +.249869408256E-0408
179 +.590366005194E-0408
180 +.590682302357E-0408
181 +.199245019520E-0407
182 +.348566706651E-0407
183 +.876590456574E-0407
184 +.493614592706E-0407
185 +.194349865235E-0406
186 +.622837466641E-0406
187 +.726290545328E-0406
188 +.112109801880E-0405
189 +.206874792908E-0405
190 +.410787115051E-0405
191 +.733053364671E-0405
192 +.159879085647E-0404
193 +.224105635632E-0404
194 +.631715455335E-0404
195 +.201949447993E-0404
196 +.908192653149E-0404
197 +.332659005797E-0403
198 +.891683215985E-0403
199 +.157564807448E-0402
200 +.129278538335E-0402
201 +.317688292079E-0402
202 +.295315139181E-0402
203 +.101122707887E-0401
204 +.187584735627E-0401
205 +.437129638844E-0401
206 +.919435828389E-0402
207 +.448090997000E-0401
208 +.144634213258E-0400
209 +.183869828787E-0400
210 +.255925050125E-0400
211 +.510310914469E-0400
212 +.875580870597E-0400
213 +.199917766644E-0399
214 +.235561224541E-0399
215 +.739457358494E-0399
216 +.844266324436E-0399
217 +.285436227292E-0398
218 +.703293863955E-0398
219 +.728911054512E-0398
220 +.142763828128E-0397
221 +.261909916987E-0397
222 +.537103774977E-0397
223 +.896941745534E-0397
224 +.213922244882E-0396
225 +.203450874296E-0396
226 +.699163229720E-0396
227 +.133560432591E-0395
228 +.298069253978E-0395
229 +.701630664088E-0396
230 +.329189381420E-0395
231 +.101148009781E-0394
232 +.807741609749E-0395
233 +.163761816542E-0394
234 +.224939762888E-0394
235 +.621479840518E-0394
236 +.110655212679E-0394
237 +.580479029668E-0394
238 +.210024713636E-0393
239 +.536567382555E-0393
240 +.773070255187E-0393
241 +.107537424785E-0392
242 +.206378217509E-0392
243 +.383919796551E-0392
244 +.775740530293E-0392
245 +.134291192199E-0391
246 +.306006543098E-0391
247 +.364189531329E-0391
248 +.113754435070E-0390
249 +.125248002360E-0390
250 +.429461934196E-0390
251 +.110392792024E-0389
252 +.862161234600E-0390
253 +.191278135198E-0389
254 +.277712729498E-0389
255 +.747095431672E-0389
256 +.166241522473E-0389
257 +.812441236859E-0389
258 +.283542217327E-0388
259 +.596004523239E-0388
260 +.240491948178E-0388
261 +.698548880354E-0388
262 +.342070143290E-0388
263 +.136360709170E-0387
264 +.388664195700E-0387
265 +.557649113598E-0388
266 +.226275843458E-0387
267 +.210070046605E-0387
268 +.703342708329E-0387
269 +.113136392370E-0386
270 +.310038363189E-0386
271 +.318204664001E-0386
272 +.109403422443E-0385
273 +.274656004741E-0385
274 +.254668152148E-0385
275 +.527255920307E-0385
276 +.876052686680E-0385
277 +.206268210828E-0384
278 +.210259100243E-0384
279 +.704099218218E-0384
280 +.118762869773E-0383
281 +.311009273006E-0383
282 +.240304059880E-0383
283 +.890083079230E-0383
284 +.264836563698E-0382
285 +.131079591308E-0382
286 +.322473722805E-0382
287 +.349894925559E-0382
288 +.110878941682E-0381
289 +.131815570229E-0381
290 +.437824423840E-0381
291 +.101942359214E-0380
292 +.137125009294E-0380
293 +.221037620318E-0380
294 +.527495806980E-0380
295 +.486157035984E-0380
296 +.168641350422E-0379
297 +.335267631439E-0379
298 +.699344423126E-0379
299 +.350501101600E-0379
300 +.137229404115E-0378
301 +.366335230742E-0378
302 +.199963131695E-0378
303 +.495466939317E-0378
304 +.590677156896E-0378
305 +.180539645465E-0377
306 +.164362651509E-0377
307 +.598462318693E-0377
308 +.180098500142E-0376
309 +.106216066631E-0376
310 +.245412167905E-0376
311 +.284563915883E-0376
312 +.873365963907E-0376
313 +.819262663426E-0376
314 +.295743977223E-0375
315 +.871696743993E-0375
316 +.363547036657E-0375
317 +.948973304362E-0375
318 +.979741028360E-0375
319 +.317140110474E-0374
320 +.430697790065E-0374
321 +.133697967986E-0373
322 +.245070209467E-0373
323 +.568848987324E-0373
324 +.101007781282E-0373
325 +.518735929824E-0373
326 +.166548310674E-0372
327 +.204509021258E-0372
328 +.297583386499E-0372
329 +.575171852038E-0372
330 +.105130606510E-0371
331 +.219021860685E-0371
332 +.351336095778E-0371
333 +.877220385275E-0371
334 +.605821070238E-0371
335 +.228068660480E-0370
336 +.605237272868E-0370
337 +.362670335195E-0370
338 +.874126395726E-0370
339 +.109006565985E-0369
340 +.325207301412E-0369
341 +.235863420379E-0369
342 +.906032942825E-0369
343 +.302624079368E-0368
344 +.478701604123E-0368
345 +.429870800223E-0368
346 +.104699327840E-0367
347 +.971063598362E-0368
348 +.333119540086E-0367
349 +.623897489500E-0367
350 +.143395316054E-0366
351 +.218115551657E-0367
352 +.118077106863E-0366
353 +.375829132674E-0366
354 +.433143248154E-0366
355 +.676617954252E-0366
356 +.123633120237E-0365
357 +.249470449190E-0365
358 +.429395299295E-0365
359 +.985001539457E-0365
360 +.113878391983E-0364
361 +.360961767141E-0364
362 +.441003897512E-0364
363 +.144800945199E-0363
364 +.324916370153E-0363
365 +.496602969675E-0363
366 +.684282595126E-0363
367 +.187355845310E-0362
368 +.245359879551E-0363
369 +.143453108429E-0362
370 +.513529431086E-0362
371 +.125407245878E-0361
372 +.145733617827E-0361
373 +.263875921855E-0361
374 +.382293074307E-0361
375 +.101295647370E-0360
376 +.319047795237E-0361
377 +.142452092141E-0360
378 +.480812744620E-0360
379 +.820656735285E-0360
380 +.553531190003E-0360
381 +.145857125800E-0359
382 +.969749382859E-0360
383 +.364285429933E-0359
384 +.938749344463E-0359
385 +.741841739016E-0359
386 +.163463120938E-0358
387 +.241122270665E-0358
388 +.639975747305E-0358
389 +.199390150640E-0358
390 +.892954017618E-0358
391 +.302433827571E-0357
392 +.527686180287E-0357
393 +.318950868371E-0357
394 +.863062303767E-0357
395 +.517346269920E-0357
396 +.198868413266E-0356
397 +.541138459465E-0356
398 +.227531609331E-0356
399 +.608068890285E-0356
400 +.660692417112E-0356
401 +.210706669439E-0355
402 +.262284066395E-0355
403 +.853172245685E-0355
404 +.185399540445E-0354
405 +.310854425038E-0354
406 +.364010902394E-0354
407 +.110137682829E-0353
408 +.921340877583E-0354
409 +.342517504305E-0353
410 +.107662592037E-0352
411 +.105232995614E-0352
412 +.189335139411E-0352
413 +.300797499589E-0352
414 +.729591974396E-0352
415 +.619334152326E-0352
416 +.220573581300E-0351
417 +.488016101266E-0351
418 +.797068501508E-0351
419 +.975346589749E-0351
420 +.288086543894E-0350
421 +.189448467324E-0350
422 +.741532069966E-0350
423 +.253768367454E-0349
424 +.468634042552E-0349
425 +.192924336501E-0349
426 +.572978599695E-0349
427 +.265985359321E-0349
428 +.107794912999E-0348
429 +.319814938835E-0348
430 +.148236318047E-0348
431 +.372624488420E-0348
432 +.398244521646E-0348
433 +.127038163653E-0347
434 +.157667090289E-0347
435 +.513463305364E-0347
436 +.111990095420E-0346
437 +.185921113121E-0346
438 +.222147767163E-0346
439 +.665025280146E-0346
440 +.503244954838E-0346
441 +.191419108828E-0345
442 +.627953556608E-0345
443 +.875706997329E-0345
444 +.105575793363E-0344
445 +.228823149011E-0344
446 +.319243157351E-0344
447 +.894168305010E-0344
448 +.244510082754E-0344
449 +.113917739476E-0343
450 +.416705763153E-0343
451 +.111272070288E-0342
452 +.193610841885E-0342
453 +.168702395943E-0342
454 +.406868440166E-0342
455 +.405598305681E-0342
456 +.135492541348E-0341
457 +.223251758754E-0341
458 +.598411059814E-0341
459 +.538686014940E-0341
460 +.192423139630E-0340
461 +.532136542227E-0340
462 +.151658961390E-0340
463 +.459922826260E-0340
464 +.456113656495E-0340
465 +.150424453511E-0339
466 +.227065875792E-0339
467 +.656505497000E-0339
468 +.888999707020E-0339
469 +.270929321552E-0338
470 +.451579723027E-0338
471 +.117318134307E-0337
472 +.832076457615E-0338
473 +.313866649957E-0337
474 +.962289430767E-0337
475 +.723998177641E-0337
476 +.151216083817E-0336
477 +.199517907224E-0336
478 +.567249336043E-0336
479 +.212036691678E-0336
480 +.922636062166E-0336
481 +.336409335479E-0335
482 +.880029825095E-0335
483 +.140593216240E-0334
484 +.158611973710E-0334
485 +.345597602601E-0334
486 +.480406811525E-0334
487 +.134776439412E-0333
488 +.383248161714E-0334
489 +.176913545335E-0333
490 +.647349495950E-0333
491 +.173008127292E-0332
492 +.302077802133E-0332
493 +.259794833980E-0332
494 +.629191182603E-0332
495 +.617591320963E-0332
496 +.207494087636E-0331
497 +.351855571784E-0331
498 +.915813339549E-0331
499 +.677408658300E-0331
500 +.253242433359E-0330
501 +.765150450742E-0330
502 +.477971211950E-0330
503 +.108015961270E-0329
504 +.128710054542E-0329
505 +.389359783656E-0329
506 +.322074600291E-0329
507 +.120123040953E-0328
508 +.380448686535E-0328
509 +.398920003482E-0328
510 +.680237286819E-0328
511 +.114475653360E-0327
512 +.259693752865E-0327
513 +.311550173807E-0327
514 +.968122630036E-0327
515 +.102485053203E-0326
516 +.356425846179E-0326
517 +.954185580781E-0326
518 +.490626802005E-0326
519 +.123900329616E-0325
520 +.142974359309E-0325
521 +.444189621517E-0325
522 +.461137758851E-0325
523 +.161385143024E-0324
524 +.439392382426E-0324
525 +.174333559235E-0324
526 +.474882564980E-0324
527 +.503308508230E-0324
528 +.162187440607E-0323
529 +.215405351979E-0323
530 +.677459617311E-0323
531 +.130523005255E-0322
532 +.281236958763E-0322
533 +.110212918088E-0322
534 +.455543653109E-0322
535 +.130638374490E-0321
536 +.262261031960E-0322
537 +.905115053467E-0322
538 +.853970987550E-0322
539 +.285069271957E-0321
540 +.454310862818E-0321
541 +.125551979810E-0320
542 +.135075667438E-0320
543 +.457043680652E-0320
544 +.109627985971E-0319
545 +.130295049252E-0319
546 +.233744397384E-0319
547 +.490413961800E-0319
548 +.755904832973E-0319
549 +.196245379172E-0318
550 +.885830120019E-0319
551 +.365731133547E-0318
552 +.116002363905E-0317
553 +.122692259303E-0317
554 +.207366481236E-0317
555 +.352411809811E-0317
556 +.789504041494E-0317
557 +.995519986646E-0317
558 +.300840658413E-0316
559 +.251674182853E-0316
560 +.936734587696E-0316
561 +.295824472222E-0315
562 +.302121321298E-0315
563 +.526147098350E-0315
564 +.866232789905E-0315
565 +.201836914896E-0314
566 +.214832524712E-0314
567 +.706476145625E-0314
568 +.108125676616E-0313
569 +.309484399693E-0313
570 +.399555845857E-0313
571 +.125008297834E-0312
572 +.230772923121E-0312
573 +.530742431203E-0312
574 +.740939508963E-0313
575 +.414191847502E-0312
576 +.131597229362E-0311
577 +.150063023030E-0311
578 +.236960198421E-0311
579 +.428970105019E-0311
580 +.878443584051E-0311
581 +.145952038951E-0310
582 +.349933791826E-0310
583 +.322640168767E-0310
584 +.112052316613E-0309
585 +.224218783125E-0309
586 +.462179004633E-0309
587 +.251654705955E-0309
588 +.967560447669E-0309
589 +.249919391163E-0308
590 +.191659972535E-0308
591 +.427013015810E-0308
592 +.616177229926E-0308
593 +.166556102167E-0307
594 +.317441538862E-0308
595 +.162511845112E-0307
596 +.571971814014E-0307
597 +.126450380736E-0306
598 +.800373423083E-0307
599 +.201107696247E-0306
600 +.139178116968E-0306
601 +.512332770855E-0306
602 +.122103327219E-0305
603 +.152758842453E-0305
604 +.262170819169E-0305
605 +.582651940962E-0305
606 +.746704981272E-0305
607 +.223343694517E-0304
608 +.169017932174E-0304
609 +.643627842231E-0304
610 +.212094062470E-0303
611 +.305525946171E-0303
612 +.346085822222E-0303
613 +.772688481984E-0303
614 +.985628127952E-0303
615 +.293159841039E-0302
616 +.208141652529E-0302
617 +.803169959306E-0302
618 +.270211520948E-0301
619 +.448299236164E-0301
620 +.341857943525E-0301
621 +.872841108507E-0301
622 +.663020167733E-0301
623 +.241122519654E-0300
624 +.565302689138E-0300
625 +.758773358845E-0300
626 +.121986135702E-0299
627 +.291903964324E-0299
628 +.264666558416E-0299
629 +.923034973131E-0299
630 +.187735403693E-0298
631 +.374982168717E-0298
632 +.245528866961E-0298
633 +.904980536736E-0298
634 +.211669696904E-0297
635 +.285394049120E-0297
636 +.456914135835E-0297
637 +.109809040142E-0296
638 +.969931507764E-0297
639 +.341103235279E-0296
640 +.717976976066E-0296
641 +.133281882967E-0295
642 +.118239462156E-0295
643 +.400727276388E-0295
644 +.691257717770E-0295
645 +.176281002550E-0294
646 +.111380859718E-0294
647 +.429426430383E-0294
648 +.135120798194E-0293
649 +.133728084871E-0293
650 +.238380258676E-0293
651 +.382744466705E-0293
652 +.917726394786E-0293
653 +.837200983314E-0293
654 +.291541332429E-0292
655 +.589561102354E-0292
656 +.119103575640E-0291
657 +.733387299408E-0292
658 +.274257408329E-0291
659 +.666191575060E-0291
660 +.759904509230E-0291
661 +.139901063623E-0290
662 +.283021258257E-0290
663 +.478813950834E-0290
664 +.112240982946E-0289
665 +.117120674282E-0289
666 +.388662566790E-0289
667 +.625424077564E-0289
668 +.171516209694E-0288
669 +.176920193940E-0288
670 +.607274976473E-0288
671 +.151757733208E-0287
672 +.144874921260E-0287
673 +.295906643216E-0287
674 +.504178577109E-0287
675 +.115077596649E-0286
676 +.135797976297E-0286
677 +.425909318998E-0286
678 +.483140551540E-0286
679 +.163766663626E-0285
680 +.406706193267E-0285
681 +.402830673270E-0285
682 +.808174613153E-0285
683 +.142216872152E-0284
684 +.310761077584E-0284
685 +.432257233247E-0284
686 +.122511399388E-0283
687 +.438763138427E-0284
688 +.192678362411E-0283
689 +.704919812156E-0283
690 +.187558271867E-0282
691 +.321601076543E-0282
692 +.295318045289E-0282
693 +.699864105170E-0282
694 +.743479658515E-0282
695 +.242192566226E-0281
696 +.348065813592E-0281
697 +.104305296887E-0280
698 +.165845283760E-0280
699 +.450300505286E-0280
700 +.427366628395E-0280
701 +.150537422010E-0279
702 +.402997780924E-0279
703 +.207549243840E-0279
704 +.523803868674E-0279
705 +.605273038559E-0279
706 +.187916652211E-0278
707 +.194071530529E-0278
708 +.680382377801E-0278
709 +.186128006334E-0277
710 +.675349420576E-0278
711 +.189080151392E-0277
712 +.196053191762E-0277
713 +.636979551989E-0277
714 +.887492661707E-0277
715 +.271305827296E-0276
716 +.468266814220E-0276
717 +.117131702993E-0275
718 +.605668582752E-0276
719 +.242242304683E-0275
720 +.784944516585E-0275
721 +.100189283430E-0274
722 +.138736802487E-0274
723 +.277555491730E-0274
724 +.472854617253E-0274
725 +.108960339957E-0273
726 +.123304366261E-0273
727 +.394834272210E-0273
728 +.515758702482E-0273
729 +.163783942201E-0272
730 +.327157831717E-0272
731 +.661910120746E-0272
732 +.412541501900E-0272
733 +.153896351485E-0271
734 +.371854454658E-0271
735 +.435367621821E-0271
736 +.787036063756E-0271
737 +.163415784641E-0270
738 +.259036937935E-0270
739 +.653972726338E-0270
740 +.408105986874E-0270
741 +.157273022162E-0269
742 +.442695563603E-0269
743 +.765683527471E-0270
744 +.284161653337E-0269
745 +.269121125381E-0269
746 +.897410350121E-0269
747 +.142126921192E-0268
748 +.394982851415E-0268
749 +.438136665550E-0268
750 +.146602435502E-0267
751 +.340071038193E-0267
752 +.464367763458E-0267
753 +.736779322952E-0267
754 +.178719396302E-0266
755 +.148793980529E-0266
756 +.532691638897E-0266
757 +.120092698620E-0265
758 +.185317478345E-0265
759 +.250010810803E-0265
760 +.694714945778E-0265
761 +.159136247451E-0265
762 +.774872265226E-0265
763 +.281529538466E-0264
764 +.729993872114E-0264
765 +.112287952337E-0263
766 +.138131619760E-0263
767 +.287504444661E-0263
768 +.450362119747E-0263
769 +.113999012698E-0262
770 +.693087457554E-0263
771 +.268611755325E-0262
772 +.765547185240E-0262
773 +.102806786059E-0262
774 +.431967025819E-0262
775 +.400251162746E-0262
776 +.134021919298E-0261
777 +.215422143068E-0261
778 +.590736680506E-0261
779 +.608603396624E-0261
780 +.208987811139E-0260
781 +.522865649612E-0260
782 +.495540029679E-0260
783 +.101562548147E-0259
784 +.171955246448E-0259
785 +.395653934506E-0259
786 +.450769232671E-0259
787 +.143861979045E-0258
788 +.183910257435E-0258
789 +.590672310539E-0258
790 +.122871305925E-0257
791 +.228992465978E-0257
792 +.203039526160E-0257
793 +.688480591538E-0257
794 +.119087441998E-0256
795 +.302763155317E-0256
796 +.186582684193E-0256
797 +.722699044350E-0256
798 +.228464354820E-0255
799 +.236206454568E-0255
800 +.407260791202E-0255
801 +.677728029670E-0255
802 +.155894673147E-0254
803 +.176208071535E-0254
804 +.564134979899E-0254
805 +.735697835574E-0254
806 +.233828784326E-0253
807 +.468524318045E-0253
808 +.942418670365E-0253
809 +.606270962327E-0253
810 +.224487334062E-0252
811 +.532030229041E-0252
812 +.679852150437E-0252
813 +.114581006623E-0251
814 +.260241380377E-0251
815 +.306157783708E-0251
816 +.960614369764E-0251
817 +.109232188711E-0250
818 +.369888942166E-0250
819 +.915787558413E-0250
820 +.923495634022E-0250
821 +.183564866693E-0249
822 +.328338057818E-0249
823 +.700567478073E-0249
824 +.105045643862E-0248
825 +.280119617612E-0248
826 +.779190711966E-0249
827 +.358797962321E-0248
828 +.123163451630E-0247
829 +.233962690265E-0247
830 +.715009743440E-0248
831 +.230739266017E-0247
832 +.960542175325E-0248
833 +.397857776864E-0247
834 +.120482507705E-0246
835 +.772521323472E-0247
836 +.172594836305E-0246
837 +.209140237325E-0246
838 +.626793859904E-0246
839 +.474188421408E-0246
840 +.180472539089E-0245
841 +.593335999947E-0245
842 +.840646882975E-0245
843 +.983998476934E-0245
844 +.216380646787E-0244
845 +.289305693391E-0244
846 +.835073197671E-0244
847 +.406786680842E-0244
848 +.168453021666E-0243
849 +.606591613691E-0243
850 +.148671753153E-0242
851 +.175994586654E-0242
852 +.313248715205E-0242
853 +.465209038779E-0242
854 +.120641530706E-0241
855 +.544773992239E-0242
856 +.224737286020E-0241
857 +.710422782820E-0241
858 +.728702632858E-0241
859 +.126264687866E-0240
860 +.209184787268E-0240
861 +.483772127753E-0240
862 +.533596989788E-0240
863 +.172769677348E-0239
864 +.241667960214E-0239
865 +.737385457775E-0239
866 +.126370958267E-0238
867 +.318611797740E-0238
868 +.177124848485E-0238
869 +.699295791785E-0238
870 +.224869902615E-0237
871 +.269743439626E-0237
872 +.403613072168E-0237
873 +.763684929012E-0237
874 +.145223279534E-0236
875 +.282621741849E-0236
876 +.530752084043E-0236
877 +.106707780858E-0235
878 +.187134936426E-0235
879 +.419011096800E-0235
880 +.535068582580E-0235
881 +.160633749643E-0234
882 +.126208205260E-0234
883 +.476669829717E-0234
884 +.154834192743E-0233
885 +.200440810777E-0233
886 +.272290899534E-0233
887 +.551506500897E-0233
888 +.914317573276E-0233
889 +.217852647681E-0232
890 +.208057281436E-0232
891 +.713826721458E-0232
892 +.135333898304E-0231
893 +.305587118802E-0231
894 +.567694450802E-0232
895 +.286312230643E-0231
896 +.893591886182E-0231
897 +.852598242896E-0231
898 +.155844104869E-0230
899 +.243344523467E-0230
900 +.601033799657E-0230
901 +.448712059602E-0230
902 +.165565322640E-0229
903 +.413761613655E-0229
904 +.406977210243E-0229
905 +.816722024815E-0229
906 +.143783828069E-0228
907 +.313919468029E-0228
908 +.437883924465E-0228
909 +.123846593478E-0227
910 +.425169439022E-0228
911 +.188336938532E-0227
912 +.689473782841E-0227
913 +.184122833319E-0226
914 +.320472265830E-0226
915 +.278903534638E-0226
916 +.672911180580E-0226
917 +.669836466018E-0226
918 +.223884530935E-0225
919 +.369917025226E-0225
920 +.988843269855E-0225
921 +.875092796343E-0225
922 +.313975186765E-0224
923 +.876979240502E-0224
924 +.185298451334E-0224
925 +.630307798401E-0224
926 +.602389048369E-0224
927 +.200724383545E-0223
928 +.318077671011E-0223
929 +.883571218689E-0223
930 +.977785165554E-0223
931 +.327462279285E-0222
932 +.761672456766E-0222
933 +.102947481734E-0221
934 +.165090428827E-0221
935 +.396108718996E-0221
936 +.353515140403E-0221
937 +.123919347484E-0220
938 +.257414335003E-0220
939 +.492116195029E-0220
940 +.392540776010E-0220
941 +.137429841658E-0219
942 +.271571101459E-0219
943 +.570984894822E-0219
944 +.270041624641E-0219
945 +.107071728239E-0218
946 +.291587896832E-0218
947 +.117913414292E-0218
948 +.318872773610E-0218
949 +.342355432499E-0218
950 +.109716255872E-0217
951 +.140827435308E-0217
952 +.451117124064E-0217
953 +.929266272257E-0217
954 +.176877484850E-0216
955 +.145543085458E-0216
956 +.505129276028E-0216
957 +.965141968157E-0216
958 +.214734227255E-0215
959 +.535736905683E-0216
960 +.247309778613E-0215
961 +.756170713223E-0215
962 +.568487854209E-0215
963 +.118678327437E-0214
964 +.156888517139E-0214
965 +.445462732456E-0214
966 +.162396917780E-0214
967 +.710182367888E-0214
968 +.259094044469E-0213
969 +.679914582584E-0213
970 +.110079990945E-0212
971 +.120057125726E-0212
972 +.265787025341E-0212
973 +.352885536313E-0212
974 +.102228393289E-0211
975 +.524380828882E-0212
976 +.215118999784E-0211
977 +.770624645647E-0211
978 +.183847997454E-0210
979 +.188997092238E-0210
980 +.376898933608E-0210
981 +.463854281563E-0210
982 +.137809982238E-0209
983 +.958803970260E-0210
984 +.371295316570E-0209
985 +.125391648029E-0208
986 +.213210872179E-0208
987 +.146693887196E-0208
988 +.384589178462E-0208
989 +.261254104414E-0208
990 +.976512214823E-0208
991 +.248340244959E-0207
992 +.217034334743E-0207
993 +.459822432558E-0207
994 +.732215850357E-0207
995 +.180756114216E-0206
996 +.136842684888E-0206
997 +.503360444255E-0206
998 +.124684486013E-0205
999 +.129244762010E-0205
1000 +.252251378852E-0205
1001 +.465831568373E-0205
1002 +.944728151372E-0205
1003 +.162077596846E-0204
1004 +.373709137000E-0204
1005 +.422327094600E-0204
1006 +.135344909779E-0203
1007 +.177747183981E-0203
1008 +.562820158912E-0203
1009 +.111241138812E-0202
1010 +.229455238141E-0202
1011 +.127381619417E-0202
1012 +.487838050078E-0202
1013 +.125145185400E-0201
1014 +.101523245892E-0201
1015 +.221593485377E-0201
1016 +.332935233722E-0201
1017 +.869595557551E-0201
1018 +.360819349739E-0201
1019 +.151604264516E-0200
1020 +.489966785973E-0200
1021 +.609296487772E-0200
1022 +.871916583929E-0200
1023 +.170602699162E-0199
1024 +.304398362824E-0199
1025 +.658192376624E-0199
1026 +.947621575310E-0199
1027 +.261574288663E-0198
1028 +.456751329782E-0199
1029 +.241231608986E-0198
1030 +.874593740776E-0198
1031 +.225789522420E-0197
1032 +.340735598538E-0197
1033 +.435823642853E-0197
1034 +.886111902779E-0197
1035 +.146569474884E-0196
1036 +.349737932490E-0196
1037 +.331249915388E-0196
1038 +.113977167077E-0195
1039 +.218915236855E-0195
1040 +.484360003186E-0195
1041 +.131380911337E-0195
1042 +.593015312960E-0195
1043 +.179801772937E-0194
1044 +.121152482258E-0194
1045 +.265364438766E-0194
1046 +.329531735554E-0194
1047 +.973692512170E-0194
1048 +.633665138596E-0194
1049 +.248656444426E-0193
1050 +.854835567165E-0193
1051 +.162224210474E-0192
1052 +.504180095213E-0193
1053 +.161865892911E-0192
1054 +.677877884506E-0193
1055 +.280437100049E-0192
1056 +.848402791998E-0192
1057 +.536530647278E-0192
1058 +.120525211967E-0191
1059 +.145062761903E-0191
1060 +.436401133630E-0191
1061 +.342593900092E-0191
1062 +.129330687613E-0190
1063 +.419154018655E-0190
1064 +.533234858185E-0190
1065 +.742071807749E-0190
1066 +.147948871670E-0189
1067 +.253925027364E-0189
1068 +.579540178869E-0189
1069 +.684057391994E-0189
1070 +.214542772446E-0188
1071 +.243381224843E-0188
1072 +.824961521703E-0188
1073 +.204867966430E-0187
1074 +.202957065201E-0187
1075 +.407138288190E-0187
1076 +.716584763936E-0187
1077 +.156541580507E-0186
1078 +.217933587408E-0186
1079 +.617274491668E-0186
1080 +.218246543343E-0186
1081 +.960919516516E-0186
1082 +.351632897722E-0185
1083 +.936757654941E-0185
1084 +.161444208165E-0184
1085 +.145635772680E-0184
1086 +.347241918794E-0184
1087 +.360916217221E-0184
1088 +.118628320872E-0183
1089 +.179354552549E-0183
1090 +.518119231063E-0183
1091 +.698991264363E-0183
1092 +.213483619512E-0182
1093 +.358937051741E-0182
1094 +.924211004383E-0182
1095 +.612632715496E-0182
1096 +.234163536216E-0181
1097 +.730530412150E-0181
1098 +.664695744267E-0181
1099 +.125379357404E-0180
1100 +.188507763993E-0180
1101 +.483092818100E-0180
1102 +.255108866383E-0180
1103 +.101854583118E-0179
1104 +.307132786747E-0179
1105 +.182658806762E-0179
1106 +.420065776129E-0179
1107 +.491621031609E-0179
1108 +.150152578643E-0178
1109 +.135193807789E-0178
1110 +.493570955526E-0178
1111 +.149364718781E-0177
1112 +.952206982139E-0178
1113 +.213527994606E-0177
1114 +.256769855883E-0177
1115 +.772863716516E-0177
1116 +.609902485687E-0177
1117 +.229970406033E-0176
1118 +.743721362431E-0176
1119 +.930266202899E-0176
1120 +.132373241710E-0175
1121 +.259918006865E-0175
1122 +.460510023135E-0175
1123 +.100603459805E-0174
1124 +.140072788740E-0174
1125 +.396761519467E-0174
1126 +.140430903869E-0174
1127 +.618170691957E-0174
1128 +.226207482500E-0173
1129 +.602586038005E-0173
1130 +.103826799567E-0172
1131 +.937401435947E-0173
1132 +.223441852566E-0172
1133 +.232482798379E-0172
1134 +.763819513027E-0172
1135 +.115214400755E-0171
1136 +.333426361605E-0171
1137 +.453630747816E-0171
1138 +.137867202134E-0170
1139 +.227242300349E-0170
1140 +.596976690650E-0170
1141 +.458582433574E-0170
1142 +.170143456386E-0169
1143 +.508244071860E-0169
1144 +.268249613717E-0169
1145 +.645191753260E-0169
1146 +.715917164252E-0169
1147 +.224540057529E-0168
1148 +.248624302320E-0168
1149 +.850064553123E-0168
1150 +.216477322903E-0167
1151 +.181680542165E-0167
1152 +.392348760192E-0167
1153 +.600913991037E-0167
1154 +.154239509843E-0166
1155 +.808462125532E-0167
1156 +.323438777020E-0166
1157 +.979858518244E-0166
1158 +.622316129238E-0166
1159 +.139542823728E-0165
1160 +.168372072889E-0165
1161 +.505816826781E-0165
1162 +.391748464567E-0165
1163 +.148333677059E-0164
1164 +.483353245156E-0164
1165 +.641112831913E-0164
1166 +.840247666792E-0164
1167 +.173982654197E-0163
1168 +.273894868448E-0163
1169 +.690629641059E-0163
1170 +.435876942478E-0163
1171 +.167528079399E-0162
1172 +.468504216376E-0162
1173 +.104264409764E-0162
1174 +.346765517323E-0162
1175 +.335993832251E-0162
1176 +.111444842806E-0161
1177 +.172585121278E-0161
1178 +.488894076497E-0161
1179 +.599210135701E-0161
1180 +.192320950663E-0160
1181 +.389339778248E-0160
1182 +.768297518930E-0160
1183 +.543312515618E-0160
1184 +.196553308946E-0159
1185 +.435456157385E-0159
1186 +.705263018862E-0159
1187 +.877396548643E-0159
1188 +.256711278037E-0158
1189 +.151113559659E-0158
1190 +.603984281862E-0158
1191 +.211476208666E-0157
1192 +.446056800198E-0157
1193 +.186246567002E-0157
1194 +.535184130261E-0157
1195 +.267447366820E-0157
1196 +.106141613362E-0156
1197 +.300374550223E-0156
1198 +.370355877807E-0157
1199 +.163203786965E-0156
1200 +.151097986791E-0156
1201 +.505911672462E-0156
1202 +.812073580512E-0156
1203 +.222969511904E-0155
1204 +.231358377274E-0155
1205 +.792594646510E-0155
1206 +.197003237715E-0154
1207 +.194355513288E-0154
1208 +.390622445371E-0154
1209 +.685244366531E-0154
1210 +.150395570542E-0153
1211 +.206099217059E-0153
1212 +.590483767276E-0153
1213 +.257215736474E-0153
1214 +.108745583310E-0152
1215 +.395053127827E-0152
1216 +.101302653694E-0151
1217 +.148404806047E-0151
1218 +.200607422373E-0151
1219 +.393143475681E-0151
1220 +.702603122533E-0151
1221 +.151350254988E-0150
1222 +.220494828196E-0150
1223 +.602786605604E-0150
1224 +.662812698484E-0151
1225 +.416688599697E-0150
1226 +.149116881088E-0149
1227 +.365327303157E-0149
1228 +.431434950852E-0149
1229 +.769673717434E-0149
1230 +.113929625892E-0148
1231 +.296318783453E-0148
1232 +.128374432994E-0148
1233 +.534218968113E-0148
1234 +.170602878848E-0147
1235 +.191904159213E-0147
1236 +.306831929283E-0147
1237 +.549536829059E-0147
1238 +.114400273269E-0146
1239 +.182232308547E-0146
1240 +.457960344118E-0146
1241 +.298520585695E-0146
1242 +.113912017082E-0145
1243 +.313154062956E-0145
1244 +.109642373436E-0145
1245 +.309921960944E-0145
1246 +.321802969382E-0145
1247 +.104436922700E-0144
1248 +.144442600754E-0144
1249 +.443582069506E-0144
1250 +.779713495892E-0144
1251 +.190949236345E-0143
1252 +.794041661926E-0144
1253 +.330472018530E-0143
1254 +.108344704477E-0142
1255 +.151668477968E-0142
1256 +.181467861448E-0142
1257 +.394855283361E-0142
1258 +.544665102564E-0142
1259 +.153831656062E-0141
1260 +.510094903230E-0142
1261 +.227572824847E-0141
1262 +.832863036427E-0141
1263 +.222214449048E-0140
1264 +.385357767319E-0140
1265 +.339946048118E-0140
1266 +.816584383382E-0140
1267 +.826111845282E-0140
1268 +.274431130813E-0139
1269 +.439326016495E-0139
1270 +.120996572682E-0138
1271 +.127793439166E-0138
1272 +.435191357289E-0138
1273 +.106351523018E-0137
1274 +.115341510110E-0137
1275 +.220003326920E-0137
1276 +.421542526104E-0137
1277 +.800565292074E-0137
1278 +.157498569976E-0136
1279 +.289535861440E-0136
1280 +.603670350678E-0136
1281 +.967711533275E-0136
1282 +.241841004769E-0135
1283 +.165712973200E-0135
1284 +.625019168147E-0135
1285 +.166715127956E-0134
1286 +.940651518263E-0135
1287 +.230771269947E-0134
1288 +.279582616341E-0134
1289 +.847385917606E-0134
1290 +.716476415848E-0134
1291 +.265894408614E-0133
1292 +.834179683025E-0133
1293 +.800464931936E-0133
1294 +.145884502399E-0132
1295 +.228394007615E-0132
1296 +.562584623617E-0132
1297 +.428692613132E-0132
1298 +.157340493169E-0131
1299 +.386670492975E-0131
1300 +.418694793240E-0131
1301 +.796690839253E-0131
1302 +.153312672422E-0130
1303 +.288686732589E-0130
1304 +.576766877801E-0130
1305 +.102555069388E-0129
1306 +.225127897494E-0129
1307 +.308819907358E-0129
1308 +.884433962324E-0129
1309 +.382792148981E-0129
1310 +.162032015281E-0128
1311 +.588859908825E-0128
1312 +.151298139460E-0127
1313 +.223593109451E-0127
1314 +.297537003243E-0127
1315 +.589498555754E-0127
1316 +.103061067466E-0126
1317 +.229141159672E-0126
1318 +.299977554936E-0126
1319 +.886524797466E-0126
1320 +.589702763913E-0126
1321 +.230572773599E-0125
1322 +.790426766903E-0125
1323 +.147467785750E-0124
1324 +.552206925081E-0125
1325 +.168140468183E-0124
1326 +.749014477086E-0125
1327 +.306075768062E-0124
1328 +.916203416837E-0124
1329 +.494257089190E-0124
1330 +.117813643965E-0123
1331 +.132437937479E-0123
1332 +.412790575607E-0123
1333 +.436725578719E-0123
1334 +.151809729029E-0122
1335 +.405476501237E-0122
1336 +.214852231106E-0122
1337 +.537903867809E-0122
1338 +.628421835330E-0122
1339 +.194081249968E-0121
1340 +.192449236915E-0121
1341 +.683580046276E-0121
1342 +.193609235346E-0120
1343 +.205907949786E-0121
1344 +.987630311223E-0121
1345 +.899548468564E-0121
1346 +.302454381477E-0120
1347 +.494220496659E-0120
1348 +.133452046160E-0119
1349 +.125622127803E-0119
1350 +.443327735316E-0119
1351 +.119134529011E-0118
1352 +.582376164335E-0119
1353 +.149197613119E-0118
1354 +.168975711922E-0118
1355 +.529529050859E-0118
1356 +.585822151490E-0118
1357 +.200421585948E-0117
1358 +.511516916695E-0117
1359 +.422325855351E-0117
1360 +.917843876610E-0117
1361 +.138824352178E-0116
1362 +.360492454500E-0116
1363 +.162832135070E-0116
1364 +.672038417784E-0116
1365 +.212907658599E-0115
1366 +.222815497012E-0115
1367 +.379909170075E-0115
1368 +.639955766975E-0115
1369 +.144998001373E-0114
1370 +.174841165640E-0114
1371 +.541830079505E-0114
1372 +.561648201626E-0114
1373 +.196739039197E-0113
1374 +.537250898378E-0113
1375 +.201753445601E-0113
1376 +.558865382743E-0113
1377 +.584153716479E-0113
1378 +.189232386065E-0112
1379 +.259229830271E-0112
1380 +.800755624216E-0112
1381 +.144033224753E-0111
1382 +.342808479077E-0111
1383 +.979847826343E-0112
1384 +.441009455209E-0111
1385 +.144212068309E-0110
1386 +.200055276529E-0110
1387 +.243286596323E-0110
1388 +.525062577885E-0110
1389 +.741394123319E-0110
1390 +.205784653137E-0109
1391 +.434475016568E-0110
1392 +.216566869607E-0109
1393 +.788494666280E-0109
1394 +.206901065919E-0108
1395 +.334851157700E-0108
1396 +.365574927424E-0108
1397 +.808942055619E-0108
1398 +.107553371011E-0107
1399 +.311285945838E-0107
1400 +.157570300602E-0107
1401 +.647964520118E-0107
1402 +.232449456063E-0106
1403 +.558658101656E-0106
1404 +.597607189474E-0106
1405 +.115823310661E-0105
1406 +.150267537157E-0105
1407 +.432135142758E-0105
1408 +.198060653536E-0105
1409 +.828933202369E-0105
1410 +.299311459429E-0104
1411 +.744258671460E-0104
1412 +.945770913433E-0104
1413 +.156398429283E-0103
1414 +.255182142771E-0103
1415 +.601617653843E-0103
1416 +.601466081887E-0103
1417 +.202788358634E-0102
1418 +.353715840548E-0102
1419 +.892588295490E-0102
1420 +.517854514898E-0102
1421 +.202798864166E-0101
1422 +.647284226974E-0101
1423 +.729070663906E-0101
1424 +.116572353988E-0100
1425 +.208669902409E-0100
1426 +.434761857328E-0100
1427 +.691003191381E-0100
1428 +.174059536066E-0099
1429 +.111020346121E-0099
1430 +.425747449987E-0099
1431 +.118468050532E-0098
1432 +.308474181927E-0099
1433 +.965273884523E-0099
1434 +.952990302745E-0099
1435 +.314456591766E-0098
1436 +.475129496147E-0098
1437 +.137266967892E-0097
1438 +.185204500370E-0097
1439 +.565614879201E-0097
1440 +.950785095682E-0097
1441 +.244867444613E-0096
1442 +.162593912044E-0096
1443 +.621271074132E-0096
1444 +.193744174985E-0095
1445 +.175578402971E-0095
1446 +.332011326219E-0095
1447 +.497673240598E-0095
1448 +.127896639796E-0094
1449 +.653506566101E-0095
1450 +.262732054258E-0094
1451 +.801292194277E-0094
1452 +.556403134509E-0094
1453 +.120286188533E-0093
1454 +.152021975623E-0093
1455 +.444425668207E-0093
1456 +.254457089095E-0093
1457 +.102275665432E-0092
1458 +.360473072344E-0092
1459 +.788482251073E-0092
1460 +.458751828629E-0092
1461 +.118637472190E-0091
1462 +.758320263592E-0092
1463 +.284644694703E-0091
1464 +.716225222415E-0091
1465 +.670936867444E-0091
1466 +.137889463743E-0090
1467 +.232515790319E-0090
1468 +.537614810715E-0090
1469 +.599069005289E-0090
1470 +.193189091444E-0089
1471 +.263787468232E-0089
1472 +.816917498142E-0089
1473 +.148486281783E-0088
1474 +.348597655454E-0088
1475 +.787644265531E-0089
1476 +.376314227108E-0088
1477 +.122053271194E-0087
1478 +.160573170767E-0087
1479 +.212898124990E-0087
1480 +.437871965203E-0087
1481 +.700565957846E-0087
1482 +.173704196185E-0086
1483 +.126914698892E-0086
1484 +.471153122887E-0086
1485 +.120084075577E-0085
1486 +.103624032463E-0085
1487 +.220677692505E-0085
1488 +.347958419507E-0085
1489 +.867787737521E-0085
1490 +.605363273497E-0085
1491 +.227284517641E-0084
1492 +.598382414854E-0084
1493 +.390616344496E-0084
1494 +.917378963735E-0084
1495 +.119743471660E-0083
1496 +.347642710117E-0083
1497 +.182020888337E-0083
1498 +.743861723105E-0083
1499 +.265749784658E-0082
1500 +.625022734678E-0082
1501 +.593208518256E-0082
1502 +.124469233573E-0081
1503 +.137972629283E-0081
1504 +.433120643541E-0081
1505 +.485169325818E-0081
1506 +.165125938036E-0080
1507 +.414745188264E-0080
1508 +.382956221067E-0080
1509 +.794520231237E-0080
1510 +.131483010755E-0079
1511 +.311057106760E-0079
1512 +.309166935710E-0079
1513 +.104536558644E-0078
1514 +.185023527979E-0078
1515 +.458871968813E-0078
1516 +.227008831035E-0078
1517 +.914787668494E-0078
1518 +.296955035959E-0077
1519 +.384649605135E-0077
1520 +.521819498386E-0077
1521 +.105796389591E-0076
1522 +.174996591857E-0076
1523 +.418078142867E-0076
1524 +.393180683998E-0076
1525 +.135619596934E-0075
1526 +.263358737795E-0075
1527 +.572335456642E-0075
1528 +.196847862169E-0075
1529 +.837916913532E-0075
1530 +.246001205388E-0074
1531 +.964531766354E-0075
1532 +.256903451803E-0074
1533 +.263010982804E-0074
1534 +.854116107303E-0074
1535 +.118153181865E-0073
1536 +.362719136675E-0073
1537 +.636545475166E-0073
1538 +.156188965565E-0072
1539 +.663644475710E-0073
1540 +.275086096765E-0072
1541 +.901356174436E-0072
1542 +.125602438229E-0071
1543 +.151540036546E-0071
1544 +.328359702250E-0071
1545 +.458434942110E-0071
1546 +.128336263801E-0070
1547 +.346310149978E-0071
1548 +.161861288923E-0070
1549 +.591991470995E-0070
1550 +.158001106092E-0069
1551 +.274372607386E-0069
1552 +.240841482566E-0069
1553 +.579463887930E-0069
1554 +.582752846656E-0069
1555 +.194027926825E-0068
1556 +.314304332868E-0068
1557 +.856300299600E-0068
1558 +.850223485491E-0068
1559 +.295389420036E-0067
1560 +.762793919361E-0067
1561 +.574261753795E-0067
1562 +.129038002189E-0066
1563 +.182714254549E-0066
1564 +.501381324100E-0066
1565 +.654896727542E-0067
1566 +.383520616433E-0066
1567 +.137776074409E-0065
1568 +.342461910518E-0065
1569 +.434298039067E-0065
1570 +.719882710699E-0065
1571 +.117132363001E-0064
1572 +.277024472505E-0064
1573 +.272315931798E-0064
1574 +.923937716125E-0064
1575 +.166172448437E-0063
1576 +.403946255805E-0063
1577 +.161367525771E-0063
1578 +.676468661678E-0063
1579 +.221545609148E-0062
1580 +.308030547973E-0062
1581 +.373126440576E-0062
1582 +.806871668249E-0062
1583 +.113298430276E-0061
1584 +.315810574881E-0061
1585 +.758413318609E-0062
1586 +.364992445824E-0061
1587 +.133252456105E-0060
1588 +.353359164109E-0060
1589 +.597592129315E-0060
1590 +.574519655278E-0060
1591 +.133938171136E-0059
1592 +.150704451347E-0059
1593 +.478622224396E-0059
1594 +.587487081105E-0059
1595 +.192422817821E-0058
1596 +.428103708424E-0058
1597 +.671619959264E-0058
1598 +.888626459236E-0058
1599 +.250268629427E-0057
1600 +.800880599691E-0058
1601 +.359721240278E-0057
1602 +.131177284328E-0056
1603 +.344167913645E-0056
1604 +.556759967220E-0056
1605 +.608529840498E-0056
1606 +.134586159648E-0055
1607 +.179210425100E-0055
1608 +.518158068641E-0055
1609 +.258492024078E-0055
1610 +.106579340027E-0054
1611 +.382905223254E-0054
1612 +.927352455128E-0054
1613 +.103294141259E-0053
1614 +.193963531199E-0053
1615 +.265578421534E-0053
1616 +.735717519961E-0053
1617 +.146865210403E-0053
1618 +.743727591176E-0053
1619 +.269795694079E-0052
1620 +.696339937924E-0052
1621 +.104971497584E-0051
1622 +.134546806091E-0051
1623 +.273200387602E-0051
1624 +.453217349970E-0051
1625 +.107773158916E-0050
1626 +.104092669349E-0050
1627 +.355705670746E-0050
1628 +.662092321186E-0050
1629 +.153631797532E-0049
1630 +.295713070899E-0050
1631 +.147985485154E-0049
1632 +.475858265774E-0049
1633 +.589375708691E-0049
1634 +.848537964400E-0049
1635 +.165277110028E-0048
1636 +.297580257686E-0048
1637 +.634741730860E-0048
1638 +.952902645357E-0048
1639 +.253866316000E-0047
1640 +.721976085255E-0048
1641 +.330622945042E-0047
1642 +.113243348670E-0046
1643 +.212197479671E-0046
1644 +.757328547259E-0047
1645 +.233661790298E-0046
1646 +.102060106879E-0046
1647 +.418713630272E-0046
1648 +.125825223351E-0045
1649 +.721192852489E-0046
1650 +.168168081191E-0045
1651 +.193645382641E-0045
1652 +.596417270882E-0045
1653 +.575604679141E-0045
1654 +.206079179706E-0044
1655 +.595260692845E-0044
1656 +.152535544239E-0044
1657 +.475561148760E-0044
1658 +.454232752519E-0044
1659 +.151227784536E-0043
1660 +.238666537993E-0043
1661 +.665273273987E-0043
1662 +.749903598366E-0043
1663 +.249386122897E-0042
1664 +.567639901294E-0042
1665 +.829019408057E-0042
1666 +.121613504049E-0041
1667 +.317090215871E-0041
1668 +.128949549021E-0041
1669 +.543657365856E-0041
1670 +.175769722671E-0040
1671 +.219399810440E-0040
1672 +.312479535955E-0040
1673 +.613457263508E-0040
1674 +.108720631947E-0039
1675 +.237417027741E-0039
1676 +.331004526076E-0039
1677 +.936653283766E-0039
1678 +.324936310538E-0039
1679 +.143625832929E-0038
1680 +.525727574068E-0038
1681 +.140289008064E-0037
1682 +.243431142641E-0037
1683 +.214271647637E-0037
1684 +.515073732565E-0037
1685 +.519706569834E-0037
1686 +.172819533190E-0036
1687 +.278128924666E-0036
1688 +.762326755329E-0036
1689 +.783623142009E-0036
1690 +.269283604793E-0035
1691 +.675074251016E-0035
1692 +.631692197175E-0035
1693 +.130237925917E-0034
1694 +.218092015599E-0034
1695 +.508695525778E-0034
1696 +.543754755235E-0034
1697 +.178600208576E-0033
1698 +.271650971443E-0033
1699 +.781388649676E-0033
1700 +.103320201587E-0032
1701 +.319147988643E-0032
1702 +.561107541666E-0032
1703 +.137457364809E-0031
1704 +.574507022078E-0032
1705 +.238872062648E-0031
1706 +.782990523183E-0031
1707 +.109446274382E-0030
1708 +.131306178305E-0030
1709 +.285322268138E-0030
1710 +.395121453683E-0030
1711 +.111277766961E-0029
1712 +.346749144280E-0030
1713 +.156786772410E-0029
1714 +.573940506174E-0029
1715 +.153458687416E-0028
1716 +.268438650969E-0028
1717 +.229241066419E-0028
1718 +.556434944469E-0028
1719 +.541667120552E-0028
1720 +.182533264540E-0027
1721 +.314131603822E-0027
1722 +.804560834384E-0027
1723 +.527274978752E-0027
1724 +.201893165888E-0026
1725 +.630391546641E-0026
1726 +.578597468226E-0026
1727 +.108544652608E-0025
1728 +.164278926228E-0025
1729 +.418403447820E-0025
1730 +.236685263041E-0025
1731 +.931268866272E-0025
1732 +.273467940184E-0024
1733 +.101572534009E-0024
1734 +.275604129403E-0024
1735 +.279461371711E-0024
1736 +.910894717351E-0024
1737 +.128663070040E-0023
1738 +.389807483617E-0023
1739 +.648524893596E-0023
1740 +.168706379487E-0022
1741 +.120710911896E-0022
1742 +.454535771877E-0022
1743 +.139009843032E-0021
1744 +.101517906415E-0021
1745 +.214951300770E-0021
1746 +.278538002334E-0021
1747 +.801486075092E-0021
1748 +.367539547100E-0021
1749 +.153823491241E-0020
1750 +.555613893651E-0020
1751 +.138390067464E-0019
1752 +.177286840363E-0019
1753 +.290457580571E-0019
1754 +.478987973997E-0019
1755 +.111538907504E-0018
1756 +.118724671071E-0018
1757 +.390389348259E-0018
1758 +.597148046113E-0018
1759 +.170996561953E-0017
1760 +.221246321164E-0017
1761 +.691419801030E-0017
1762 +.127094917107E-0016
1763 +.294045666137E-0016
1764 +.483412440173E-0017
1765 +.254725719580E-0016
1766 +.815042338608E-0016
1767 +.977115943384E-0016
1768 +.146254441778E-0015
1769 +.276705559633E-0015
1770 +.526271007126E-0015
1771 +.102388985687E-0014
1772 +.192394146028E-0014
1773 +.386412327135E-0014
1774 +.679243534565E-0014
1775 +.151589797547E-0013
1776 +.195996043352E-0013
1777 +.583926576252E-0013
1778 +.424413050251E-0013
1779 +.163013150037E-0012
1780 +.544800946556E-0012
1781 +.865165124287E-0012
1782 +.767670733948E-0012
1783 +.187675324534E-0011
1784 +.171398651319E-0011
1785 +.590980503912E-0011
1786 +.113200904114E-0010
1787 +.251398777519E-0010
1788 +.643788947631E-0011
1789 +.295076556317E-0010
1790 +.899930660995E-0010
1791 +.655158721951E-0010
1792 +.138798396316E-0009
1793 +.179980399545E-0009
1794 +.517654277495E-0009
1795 +.235686908588E-0009
1796 +.987706254508E-0009
1797 +.356942577070E-0008
1798 +.891388851571E-0008
1799 +.115628574021E-0007
1800 +.186656253778E-0007
1801 +.312907069000E-0007
1802 +.714368018289E-0007
1803 +.832282321878E-0007
1804 +.262542609170E-0006
1805 +.310138671909E-0006
1806 +.103374096116E-0005
1807 +.243610241392E-0005
1808 +.312396064155E-0005
1809 +.526977642052E-0005
1810 +.119562453965E-0004
1811 +.141321358069E-0004
1812 +.442351090014E-0004
1813 +.494309806928E-0004
1814 +.168535159357E-0003
1815 +.425978799799E-0003
1816 +.377122670952E-0003
1817 +.796916978301E-0003
1818 +.127340000448E-0002
1819 +.313275513857E-0002
1820 +.243356425296E-0002
1821 +.889097466057E-0002
1822 +.215449160808E-0001
1823 +.250672068459E-0001
1824 +.454865215741E-0001
1825 +.939252030059E-0001
1826 +.150852044225E+0000
1827 +.374270799104E+0000
1828 +.263879728061E+0000
1829 +.951522697381E+0000
1830 +.212536804308E+0001
