0 +.315544362088E-0029
1 +.978187522474E-0029
2 +.119023333380E-0028
3 +.387939124481E-0028
4 +.840479699810E-0028
5 +.142089228127E-0027
6 +.163487745011E-0027
7 +.499105083952E-0027
8 +.451344626869E-0027
9 +.164494059497E-0026
10 +.495358900737E-0026
11 +.295026127260E-0026
12 +.679148414384E-0026
13 +.790950789338E-0026
14 +.242204298927E-0025
15 +.222964127922E-0025
16 +.809122824700E-0025
17 +.241483883855E-0024
18 +.125561550469E-0024
19 +.303664445358E-0024
20 +.334846939726E-0024
21 +.105330725283E-0023
22 +.119075918359E-0023
23 +.403869869687E-0023
24 +.100400410360E-0022
25 +.988496295400E-0023
26 +.198916385111E-0022
27 +.348160409953E-0022
28 +.766564609097E-0022
29 +.103903410582E-0021
30 +.299992815122E-0021
31 +.147493049374E-0021
32 +.609851044104E-0021
33 +.219562445657E-0020
34 +.537557263207E-0020
35 +.632931322992E-0020
36 +.113225383067E-0019
37 +.166949284977E-0019
38 +.435712430473E-0019
39 +.179353403601E-0019
40 +.754488008661E-0019
41 +.243716580502E-0018
42 +.301930107567E-0018
43 +.434128736877E-0018
44 +.846558423254E-0018
45 +.152072664817E-0017
46 +.325508753900E-0017
47 +.483577109492E-0017
48 +.130027372522E-0016
49 +.289703850195E-0017
50 +.141560246352E-0016
51 +.494532738864E-0016
52 +.104513847355E-0015
53 +.446239201999E-0016
54 +.127346018138E-0015
55 +.644293799176E-0016
56 +.255009487638E-0015
57 +.718414562233E-0015
58 +.113743581600E-0015
59 +.440308213245E-0015
60 +.414022033788E-0015
61 +.138271061362E-0014
62 +.220289174935E-0014
63 +.608985924584E-0014
64 +.656409918208E-0014
65 +.221955551736E-0013
66 +.531345176197E-0013
67 +.637211927999E-0013
68 +.113547234516E-0012
69 +.240420145528E-0012
70 +.361090801610E-0012
71 +.960260694248E-0012
72 +.284325768826E-0012
73 +.128921206850E-0011
74 +.439644685619E-0011
75 +.801418601822E-0011
76 +.365783307593E-0011
77 +.105866142774E-0010
78 +.517954737844E-0011
79 +.207695538074E-0010
80 +.608143288348E-0010
81 +.215232231674E-0010
82 +.594055865001E-0010
83 +.596784721818E-0010
84 +.195210255063E-0009
85 +.281208021916E-0009
86 +.840899809507E-0009
87 +.132432632397E-0008
88 +.362591411209E-0008
89 +.361384675880E-0008
90 +.125464121256E-0007
91 +.323621965989E-0007
92 +.245966224253E-0007
93 +.550871181742E-0007
94 +.785119575171E-0007
95 +.214358054812E-0006
96 +.262907238200E-0007
97 +.157793257318E-0006
98 +.563035444646E-0006
99 +.135476862114E-0005
100 +.145805302595E-0005
101 +.281314311841E-0005
102 +.367881858764E-0005
103 +.105242658267E-0004
104 +.443327413672E-0005
105 +.188482470672E-0004
106 +.684006931851E-0004
107 +.174570369962E-0003
108 +.250388647264E-0003
109 +.350887234362E-0003
110 +.669620027910E-0003
111 +.125859303952E-0002
112 +.249784745724E-0002
113 +.450240262974E-0002
114 +.968220915473E-0002
115 +.142011311021E-0001
116 +.386114057875E-0001
117 +.601760556645E-0002
118 +.329617194597E-0001
119 +.117155430512E+0000
120 +.274494859193E+0000
121 +.258565091097E+0000
122 +.526393719988E+0000
123 +.612210725035E+0000
124 +.170550362490E+0001
125 +.261004832680E+0001
