0 +.373305447401E-0300
1 +.115724688694E-0299
2 +.140810814760E-0299
3 +.458952229317E-0299
4 +.994331346289E-0299
5 +.168098971966E-0298
6 +.193414534147E-0298
7 +.590467360697E-0298
8 +.533964247532E-0298
9 +.194605056700E-0297
10 +.586035430454E-0297
11 +.349031304831E-0297
12 +.803468016369E-0297
13 +.935736060476E-0297
14 +.286540325344E-0296
15 +.263778198975E-0296
16 +.957234526639E-0296
17 +.285688036719E-0295
18 +.148545866780E-0295
19 +.359250885942E-0295
20 +.396141404075E-0295
21 +.124611744817E-0294
22 +.140873025534E-0294
23 +.477799132260E-0294
24 +.118778924968E-0293
25 +.116944270329E-0293
26 +.235328464269E-0293
27 +.411891934131E-0293
28 +.906885936631E-0293
29 +.122923157040E-0292
30 +.354907155764E-0292
31 +.174491974507E-0292
32 +.721485610963E-0292
33 +.259753831335E-0291
34 +.635958295427E-0291
35 +.748790785359E-0291
36 +.133951536967E-0290
37 +.197509716571E-0290
38 +.515470543411E-0290
39 +.212184436227E-0290
40 +.892598688083E-0290
41 +.288329433368E-0289
42 +.357199073827E-0289
43 +.513596951240E-0289
44 +.100152279335E-0288
45 +.179909898568E-0288
46 +.385093842917E-0288
47 +.572096956565E-0288
48 +.153829167324E-0287
49 +.342734773314E-0288
50 +.167473158921E-0287
51 +.585058037844E-0287
52 +.123645335598E-0286
53 +.527924263478E-0287
54 +.150656985158E-0286
55 +.762233187648E-0287
56 +.301689531844E-0286
57 +.849921918423E-0286
58 +.134564592875E-0286
59 +.520907594267E-0286
60 +.489809672194E-0286
61 +.163581881427E-0285
62 +.260613589996E-0285
63 +.720462129424E-0285
64 +.776567188758E-0285
65 +.262585000713E-0284
66 +.628609072309E-0284
67 +.753854964471E-0284
68 +.134332304027E-0283
69 +.284429578765E-0283
70 +.427189262250E-0283
71 +.113603851362E-0282
72 +.336372222393E-0283
73 +.152520515607E-0282
74 +.520122606458E-0282
75 +.948120028920E-0282
76 +.432740741711E-0282
77 +.125245171650E-0281
78 +.612767484942E-0282
79 +.245714660376E-0281
80 +.719465246782E-0281
81 +.254630962215E-0281
82 +.702799089795E-0281
83 +.706027469818E-0281
84 +.230943919014E-0280
85 +.332683765095E-0280
86 +.994828357985E-0280
87 +.156674715277E-0279
88 +.428964561716E-0279
89 +.427536930847E-0279
90 +.148430602937E-0278
91 +.382861674355E-0278
92 +.290990879325E-0278
93 +.651709355856E-0278
94 +.928837429809E-0278
95 +.253596765368E-0277
96 +.311032982911E-0278
97 +.186677658033E-0277
98 +.666100313678E-0277
99 +.160276197899E-0276
100 +.172495281989E-0276
101 +.332809511624E-0276
102 +.435223437262E-0276
103 +.124507556942E-0275
104 +.524479465941E-0276
105 +.222984598992E-0275
106 +.809215896194E-0275
107 +.206525857927E-0274
108 +.296222836227E-0274
109 +.415117918986E-0274
110 +.792195463255E-0274
111 +.148898136521E-0273
112 +.295508455052E-0273
113 +.532658149526E-0273
114 +.114545910749E-0272
115 +.168008530623E-0272
116 +.456810685451E-0272
117 +.672915970873E-0273
118 +.376173837018E-0272
119 +.133796754411E-0271
120 +.314978649892E-0271
121 +.300612792852E-0271
122 +.628720899540E-0271
123 +.701817108197E-0271
124 +.219577625737E-0270
125 +.240149722220E-0270
126 +.824789352735E-0270
127 +.212800226067E-0269
128 +.161204404098E-0269
129 +.361516841100E-0269
130 +.513796330042E-0269
131 +.140589848026E-0268
132 +.157100635222E-0269
133 +.980664584026E-0269
134 +.350765125286E-0268
135 +.856795371360E-0268
136 +.996751823887E-0268
137 +.180301607839E-0267
138 +.261593042663E-0267
139 +.692291522731E-0267
140 +.223517706697E-0267
141 +.992224513007E-0267
142 +.333845866478E-0266
143 +.557993717627E-0266
144 +.412146835104E-0266
145 +.106134886415E-0265
146 +.776837584825E-0266
147 +.285192189501E-0265
148 +.688794916243E-0265
149 +.812812113299E-0265
150 +.146045130750E-0264
151 +.305813695514E-0264
152 +.473817929053E-0264
153 +.122395255828E-0263
154 +.591178331268E-0264
155 +.240649428733E-0263
156 +.749235143663E-0263
157 +.660336615739E-0263
158 +.126809480790E-0262
159 +.186732116478E-0262
160 +.487627621005E-0262
161 +.200609749376E-0262
162 +.844075677421E-0262
163 +.272783590629E-0261
164 +.339214331915E-0261
165 +.485436344000E-0261
166 +.949804007980E-0261
167 +.169476349035E-0260
168 +.366430768414E-0260
169 +.527669443934E-0260
170 +.145630180346E-0259
171 +.252683973399E-0260
172 +.133729537865E-0259
173 +.484757280862E-0259
174 +.125060495214E-0258
175 +.188153475630E-0258
176 +.242097697408E-0258
177 +.490387645426E-0258
178 +.817920174185E-0258
179 +.193249853662E-0257
180 +.193353390078E-0257
181 +.652206775566E-0257
182 +.114099498378E-0256
183 +.286942296752E-0256
184 +.161579337168E-0256
185 +.636183023505E-0256
186 +.203879031355E-0255
187 +.237743264968E-0255
188 +.366979172527E-0255
189 +.677182004115E-0255
190 +.134466668425E-0254
191 +.239956999900E-0254
192 +.523346697355E-0254
193 +.733585282854E-0254
194 +.206785143836E-0253
195 +.661059426329E-0254
196 +.297286930098E-0253
197 +.108892286521E-0252
198 +.291882746442E-0252
199 +.515771160837E-0252
200 +.423179153188E-0252
201 +.103991787153E-0251
202 +.966681802964E-0252
203 +.331014122243E-0251
204 +.614038111787E-0251
205 +.143089605422E-0250
206 +.300967260521E-0251
207 +.146677686106E-0250
208 +.473444275260E-0250
209 +.601877770626E-0250
210 +.837742655405E-0250
211 +.167044695453E-0249
212 +.286611819826E-0249
213 +.654408939686E-0249
214 +.771083899996E-0249
215 +.242053277224E-0248
216 +.276361345697E-0248
217 +.934344265572E-0248
218 +.230215552886E-0247
219 +.238601059983E-0247
220 +.467321774142E-0247
221 +.857333462380E-0247
222 +.175815045247E-0246
223 +.293604068566E-0246
224 +.700251067218E-0246
225 +.665974181088E-0246
226 +.228863434955E-0245
227 +.437195465629E-0245
228 +.975697096474E-0245
229 +.229671122604E-0245
230 +.107756542936E-0244
231 +.331096945225E-0244
232 +.264405379896E-0244
233 +.536056392199E-0244
234 +.736315707181E-0244
235 +.203434627295E-0243
236 +.362217733899E-0244
237 +.190013460380E-0243
238 +.687492925043E-0243
239 +.175639463056E-0242
240 +.253056091257E-0242
241 +.352011996289E-0242
242 +.675556518868E-0242
243 +.125671945621E-0241
244 +.253930176603E-0241
245 +.439587527268E-0241
246 +.100167894413E-0240
247 +.119213459135E-0240
248 +.372362699364E-0240
249 +.409985634583E-0240
250 +.140579666185E-0239
251 +.361358728592E-0239
252 +.282219048783E-0239
253 +.626128051252E-0239
254 +.909062240432E-0239
255 +.244553516924E-0238
256 +.544173438304E-0239
257 +.265943751420E-0238
258 +.928144431141E-0238
259 +.195095560864E-0237
260 +.787224084440E-0238
261 +.228662334411E-0237
262 +.111972919429E-0237
263 +.446361864683E-0237
264 +.127224972783E-0236
265 +.182540337095E-0237
266 +.740689220769E-0237
267 +.687641317558E-0237
268 +.230231541558E-0236
269 +.370339604196E-0236
270 +.101487666615E-0235
271 +.104160815853E-0235
272 +.358120135495E-0235
273 +.899056386321E-0235
274 +.833628337372E-0235
275 +.172591457749E-0234
276 +.286766263660E-0234
277 +.675196424032E-0234
278 +.688260163959E-0234
279 +.230479176794E-0233
280 +.388757262482E-0233
281 +.101805483323E-0232
282 +.786609052652E-0233
283 +.291358959180E-0232
284 +.866913520235E-0232
285 +.429074703074E-0232
286 +.105558245552E-0231
287 +.114534276308E-0231
288 +.362950086315E-0231
289 +.431483849564E-0231
290 +.143317035690E-0230
291 +.333697161198E-0230
292 +.448863717532E-0230
293 +.723542470342E-0230
294 +.172669982027E-0229
295 +.159138187555E-0229
296 +.552029012575E-0229
297 +.109746191589E-0228
298 +.228922746635E-0228
299 +.114732701403E-0228
300 +.449205442556E-0228
301 +.119915830365E-0227
302 +.654557437216E-0228
303 +.162185682568E-0227
304 +.193351705768E-0227
305 +.590976779817E-0227
306 +.538023159738E-0227
307 +.195900093319E-0226
308 +.589532738862E-0226
309 +.347686674918E-0226
310 +.803329885483E-0226
311 +.931488849598E-0226
312 +.285886794351E-0225
313 +.268176670786E-0225
314 +.968085557382E-0225
315 +.285340393472E-0224
316 +.119003145532E-0224
317 +.310636030164E-0224
318 +.320707508040E-0224
319 +.103812345901E-0223
320 +.140984210084E-0223
321 +.437645672699E-0223
322 +.802210521945E-0223
323 +.186206493242E-0222
324 +.330637922574E-0223
325 +.169802532066E-0222
326 +.545177675923E-0222
327 +.669437909415E-0222
328 +.974106662432E-0222
329 +.188276213839E-0221
330 +.344133539951E-0221
331 +.716944101690E-0221
332 +.115006027613E-0220
333 +.287148497021E-0220
334 +.198308900138E-0220
335 +.746557811172E-0220
336 +.198117800455E-0219
337 +.118716166899E-0219
338 +.286135713388E-0219
339 +.356821069294E-0219
340 +.106453052606E-0218
341 +.772073105014E-0219
342 +.296579972549E-0218
343 +.990606819126E-0218
344 +.156697733492E-0217
345 +.140713504006E-0217
346 +.342721796405E-0217
347 +.317867046255E-0217
348 +.109043037383E-0216
349 +.204226018242E-0216
350 +.469388880787E-0216
351 +.713977398231E-0217
352 +.386512492614E-0216
353 +.123023555307E-0215
354 +.141784704038E-0215
355 +.221483485658E-0215
356 +.404699494610E-0215
357 +.816614225325E-0215
358 +.140557853979E-0214
359 +.322429478802E-0214
360 +.372768458759E-0214
361 +.118156885837E-0213
362 +.144357801616E-0213
363 +.473990054030E-0213
364 +.106357819441E-0212
365 +.162557549679E-0212
366 +.223992422003E-0212
367 +.613288864371E-0212
368 +.803158725276E-0213
369 +.469578057806E-0212
370 +.168098241660E-0211
371 +.410506900819E-0211
372 +.477043055850E-0211
373 +.863768964250E-0211
374 +.125139455890E-0210
375 +.331580220720E-0210
376 +.104436805640E-0210
377 +.466301340490E-0210
378 +.157388792240E-0209
379 +.268633004959E-0209
380 +.181192379853E-0209
381 +.477447345690E-0209
382 +.317436852186E-0209
383 +.119244850494E-0208
384 +.307289328733E-0208
385 +.242833778104E-0208
386 +.535078644815E-0208
387 +.789287376149E-0208
388 +.209489060051E-0207
389 +.652681846411E-0208
390 +.292298729455E-0207
391 +.989984050681E-0207
392 +.172732298647E-0206
393 +.104405077691E-0206
394 +.282514003918E-0206
395 +.169347642099E-0206
396 +.650973996191E-0206
397 +.177135755078E-0205
398 +.744799832984E-0206
399 +.199044699441E-0205
400 +.216270435288E-0205
401 +.689725232762E-0205
402 +.858558199537E-0205
403 +.279276601594E-0204
404 +.606885114400E-0204
405 +.101754795534E-0203
406 +.119154986907E-0203
407 +.360523656546E-0203
408 +.301590857535E-0203
409 +.112119358163E-0202
410 +.352421717594E-0202
411 +.344468699482E-0202
412 +.619767867093E-0202
413 +.984627710035E-0202
414 +.238823951658E-0201
415 +.202732259737E-0201
416 +.722023489377E-0201
417 +.159746732239E-0200
418 +.260911654668E-0200
419 +.319269036633E-0200
420 +.943019787044E-0200
421 +.620138833618E-0200
422 +.242732411328E-0199
423 +.830682990606E-0199
424 +.153402227343E-0198
425 +.631516711138E-0199
426 +.187558276677E-0198
427 +.870673977040E-0199
428 +.352854855791E-0198
429 +.104687921705E-0197
430 +.485235371245E-0198
431 +.121974550066E-0197
432 +.130360987680E-0197
433 +.415845531746E-0197
434 +.516105972525E-0197
435 +.168076596128E-0196
436 +.366587326524E-0196
437 +.608592425500E-0196
438 +.727176414595E-0196
439 +.217688750604E-0195
440 +.164731730864E-0195
441 +.626589513009E-0195
442 +.205553727440E-0194
443 +.286653106033E-0194
444 +.345590810417E-0194
445 +.749027546841E-0194
446 +.104500755291E-0193
447 +.292696213150E-0193
448 +.800377008424E-0194
449 +.372897258473E-0193
450 +.136404073136E-0192
451 +.364236949803E-0192
452 +.633763911415E-0192
453 +.552228838409E-0192
454 +.133183933069E-0191
455 +.132768168439E-0191
456 +.443520012289E-0191
457 +.730790210303E-0191
458 +.195883314286E-0190
459 +.176332974191E-0190
460 +.629876098006E-0190
461 +.174189075945E-0189
462 +.496439019816E-0190
463 +.150550705984E-0189
464 +.149303815930E-0189
465 +.492397993320E-0189
466 +.743275305192E-0189
467 +.214899892791E-0188
468 +.291004329138E-0188
469 +.886857496571E-0188
470 +.147819682407E-0187
471 +.384028078977E-0187
472 +.272371126141E-0187
473 +.102740814410E-0186
474 +.314994918475E-0186
475 +.236992883483E-0186
476 +.494989308529E-0186
477 +.653100043615E-0186
478 +.185682864894E-0185
479 +.694078915067E-0186
480 +.302014822040E-0185
481 +.110119915916E-0184
482 +.288068136414E-0184
483 +.460216513574E-0184
484 +.519198945041E-0184
485 +.113127594647E-0183
486 +.157255914481E-0183
487 +.441175930938E-0183
488 +.125452093305E-0183
489 +.579107137708E-0183
490 +.211902776007E-0182
491 +.566323178969E-0182
492 +.988818640355E-0182
493 +.850409969528E-0182
494 +.205958850770E-0181
495 +.202161762956E-0181
496 +.679209197662E-0181
497 +.115176072401E-0180
498 +.299781478427E-0180
499 +.221742313979E-0180
500 +.828961402878E-0180
501 +.250463629909E-0179
502 +.156458647604E-0179
503 +.353578433125E-0179
504 +.421318283679E-0179
505 +.127452665891E-0178
506 +.105427597164E-0178
507 +.393209634048E-0178
508 +.124535715729E-0177
509 +.130582099270E-0177
510 +.222668234582E-0177
511 +.374723528540E-0177
512 +.850079091558E-0177
513 +.101982541283E-0176
514 +.316904352445E-0176
515 +.335473610605E-0176
516 +.116672101729E-0175
517 +.312342211832E-0175
518 +.160601316567E-0175
519 +.405574175279E-0175
520 +.468010924932E-0175
521 +.145400613520E-0174
522 +.150948400877E-0174
523 +.528276611430E-0174
524 +.143830289781E-0173
525 +.570661835441E-0174
526 +.155447612806E-0173
527 +.164752534371E-0173
528 +.530902844802E-0173
529 +.705105856059E-0173
530 +.221758994853E-0172
531 +.427252779515E-0172
532 +.920598419408E-0172
533 +.360769930939E-0172
534 +.149117231557E-0171
535 +.427630428087E-0171
536 +.858482798836E-0172
537 +.296279511508E-0171
538 +.279538061006E-0171
539 +.933143077423E-0171
540 +.148713691141E-0170
541 +.410980671512E-0170
542 +.442155421146E-0170
543 +.149608249164E-0169
544 +.358855219641E-0169
545 +.426506590476E-0169
546 +.765136715044E-0169
547 +.160531645654E-0168
548 +.247437178072E-0168
549 +.642387781025E-0168
550 +.289966799506E-0168
551 +.119718085757E-0167
552 +.379721048499E-0167
553 +.401619689264E-0167
554 +.678791492070E-0167
555 +.115358150835E-0166
556 +.258435511432E-0166
557 +.325872577426E-0166
558 +.984768985723E-0166
559 +.823827906400E-0166
560 +.306629820146E-0165
561 +.968349048956E-0165
562 +.988961095583E-0165
563 +.172228497011E-0164
564 +.283551827873E-0164
565 +.660691061548E-0164
566 +.703230768663E-0164
567 +.231257237979E-0163
568 +.353937574306E-0163
569 +.101306332725E-0162
570 +.130790235316E-0162
571 +.409200988039E-0162
572 +.755409919102E-0162
573 +.173732728951E-0161
574 +.242538442966E-0162
575 +.135581170348E-0161
576 +.430769134620E-0161
577 +.491214890178E-0161
578 +.775663287958E-0161
579 +.140418671284E-0160
580 +.287548897760E-0160
581 +.477758033507E-0160
582 +.114546998755E-0159
583 +.105612729817E-0159
584 +.366791000792E-0159
585 +.733955658794E-0159
586 +.151289241293E-0158
587 +.823764150907E-0159
588 +.316720328197E-0158
589 +.818083787764E-0158
590 +.627377954006E-0158
591 +.139778039540E-0157
592 +.201698875724E-0157
593 +.545203180522E-0157
594 +.103911015187E-0157
595 +.531964747462E-0157
596 +.187228716397E-0156
597 +.413921488665E-0156
598 +.261993484593E-0156
599 +.658304044071E-0156
600 +.455584340909E-0156
601 +.167706528024E-0155
602 +.399691884510E-0155
603 +.500039360160E-0155
604 +.858187497132E-0155
605 +.190724739122E-0154
606 +.244425707257E-0154
607 +.731091151964E-0154
608 +.553261711743E-0154
609 +.210684533374E-0153
610 +.694266712078E-0153
611 +.100010576266E-0152
612 +.113287407999E-0152
613 +.252931121976E-0152
614 +.322634585692E-0152
615 +.959626670271E-0152
616 +.681328930501E-0152
617 +.262908900134E-0151
618 +.884507854815E-0151
619 +.146745850919E-0150
620 +.111903458157E-0150
621 +.285714988677E-0150
622 +.217032398990E-0150
623 +.789288191188E-0150
624 +.185045651324E-0149
625 +.248376158637E-0149
626 +.399308270900E-0149
627 +.955515695225E-0149
628 +.866357026544E-0149
629 +.302145401181E-0148
630 +.614531307218E-0148
631 +.122746310921E-0147
632 +.803711887077E-0148
633 +.296235478928E-0147
634 +.692877597822E-0147
635 +.934206199938E-0147
636 +.149565844086E-0146
637 +.359447880664E-0146
638 +.317496468782E-0146
639 +.111656412668E-0145
640 +.235021909014E-0145
641 +.436283663908E-0145
642 +.387043944904E-0145
643 +.131173690286E-0144
644 +.226275652098E-0144
645 +.577036578097E-0144
646 +.364593060099E-0144
647 +.140568044400E-0143
648 +.442303151741E-0143
649 +.437744257030E-0143
650 +.780311699859E-0143
651 +.125287214253E-0142
652 +.300407696131E-0142
653 +.274048583570E-0142
654 +.954328659387E-0142
655 +.192986377523E-0141
656 +.389872525867E-0141
657 +.240066309783E-0141
658 +.897751624570E-0141
659 +.218070524486E-0140
660 +.248746428341E-0140
661 +.457950827699E-0140
662 +.926439128613E-0140
663 +.156734508959E-0139
664 +.367408579398E-0139
665 +.383381715185E-0139
666 +.127224439577E-0138
667 +.204725730145E-0138
668 +.561439549913E-0138
669 +.579128901189E-0138
670 +.198784820440E-0137
671 +.496762338560E-0137
672 +.474232206574E-0137
673 +.968618026719E-0137
674 +.165037341901E-0136
675 +.376693924050E-0136
676 +.444519820181E-0136
677 +.139416756462E-0135
678 +.158150774370E-0135
679 +.536072258599E-0135
680 +.133130823321E-0134
681 +.131862214246E-0134
682 +.264547118824E-0134
683 +.465531373585E-0134
684 +.101724239266E-0133
685 +.141494676751E-0133
686 +.401027664118E-0133
687 +.143624313642E-0133
688 +.630711541860E-0133
689 +.230747789243E-0132
690 +.613951485562E-0132
691 +.105272594345E-0131
692 +.966691315791E-0132
693 +.229092858867E-0131
694 +.243369933135E-0131
695 +.792790871586E-0131
696 +.113935536514E-0130
697 +.341431979184E-0130
698 +.542876394224E-0130
699 +.147400944474E-0129
700 +.139893790752E-0129
701 +.492767783343E-0129
702 +.131916915108E-0128
703 +.679389745461E-0129
704 +.171461466410E-0128
705 +.198129507963E-0128
706 +.615124604414E-0128
707 +.635271925295E-0128
708 +.222715728527E-0127
709 +.609269667800E-0127
710 +.221068245036E-0127
711 +.618933191707E-0127
712 +.641758676561E-0127
713 +.208508288290E-0126
714 +.290511014341E-0126
715 +.888089946940E-0126
716 +.153282019166E-0125
717 +.383417816465E-0125
718 +.198258985028E-0125
719 +.792953684986E-0125
720 +.256943000831E-0124
721 +.327958659391E-0124
722 +.454139746230E-0124
723 +.908547539799E-0124
724 +.154783786302E-0123
725 +.356669753449E-0123
726 +.403623354433E-0123
727 +.129244679833E-0122
728 +.168827969265E-0122
729 +.536128818127E-0122
730 +.107091537364E-0121
731 +.216669037252E-0121
732 +.135040947769E-0121
733 +.503762871541E-0121
734 +.121722487938E-0120
735 +.142512828425E-0120
736 +.257627645917E-0120
737 +.534923694625E-0120
738 +.847929079735E-0120
739 +.214070818022E-0119
740 +.133589030446E-0119
741 +.514816033622E-0119
742 +.144911550006E-0118
743 +.250638126744E-0119
744 +.930172087158E-0119
745 +.880938564209E-0119
746 +.293757461152E-0118
747 +.465236928957E-0118
748 +.129293315610E-0117
749 +.143419244599E-0117
750 +.479887035467E-0117
751 +.111318534244E-0116
752 +.152005707551E-0116
753 +.241176651584E-0116
754 +.585018393303E-0116
755 +.487060818376E-0116
756 +.174370780767E-0115
757 +.393110311740E-0115
758 +.606616493094E-0115
759 +.818383039956E-0115
760 +.227407337868E-0114
761 +.520915097783E-0115
762 +.253645959531E-0114
763 +.921556147060E-0114
764 +.238955508480E-0113
765 +.367562328561E-0113
766 +.452158746775E-0113
767 +.941114348883E-0113
768 +.147421113293E-0112
769 +.373163297474E-0112
770 +.226874597401E-0112
771 +.879271197051E-0112
772 +.250593496606E-0111
773 +.336526767914E-0112
774 +.141399680524E-0111
775 +.131017839693E-0111
776 +.438706091882E-0111
777 +.705160819853E-0111
778 +.193371190171E-0110
779 +.199219664244E-0110
780 +.684098738148E-0110
781 +.171154350663E-0109
782 +.162209607899E-0109
783 +.332453891217E-0109
784 +.562876688701E-0109
785 +.129512987319E-0108
786 +.147554377255E-0108
787 +.470916451038E-0108
788 +.602010109384E-0108
789 +.193350119366E-0107
790 +.402205778795E-0107
791 +.749581787411E-0107
792 +.664627677964E-0107
793 +.225366590206E-0106
794 +.389819714154E-0106
795 +.991062069030E-0106
796 +.610758006034E-0106
797 +.236567626411E-0105
798 +.747853073305E-0105
799 +.773195989907E-0105
800 +.133312364888E-0104
801 +.221846856703E-0104
802 +.510304158901E-0104
803 +.576797846399E-0104
804 +.184663414479E-0103
805 +.240822638522E-0103
806 +.765412946469E-0103
807 +.153366310226E-0102
808 +.308490442428E-0102
809 +.198456167392E-0102
810 +.734834730909E-0102
811 +.174154275486E-0101
812 +.222542164400E-0101
813 +.375068390922E-0101
814 +.851871690314E-0101
815 +.100217401373E-0100
816 +.314446605580E-0100
817 +.357559620607E-0100
818 +.121079098925E-0099
819 +.299773039254E-0099
820 +.302296193484E-0099
821 +.600879510573E-0099
822 +.107477871468E-0098
823 +.229323100292E-0098
824 +.343855424020E-0098
825 +.916940925377E-0098
826 +.255059555831E-0098
827 +.117448587999E-0097
828 +.403162085801E-0097
829 +.765851272913E-0097
830 +.234050617873E-0097
831 +.755299746253E-0097
832 +.314422973520E-0097
833 +.130234391007E-0096
834 +.394386309136E-0096
835 +.252876404465E-0096
836 +.564970316131E-0096
837 +.684597688594E-0096
838 +.205174113410E-0095
839 +.155220392501E-0095
840 +.590757114436E-0095
841 +.194222048955E-0094
842 +.275176561129E-0094
843 +.322101137258E-0094
844 +.708298376923E-0094
845 +.947010539557E-0094
846 +.273352076216E-0093
847 +.133157170049E-0093
848 +.551412538995E-0093
849 +.198561129108E-0092
850 +.486660720432E-0092
851 +.576099026994E-0092
852 +.102538540229E-0091
853 +.152281089825E-0091
854 +.394906853535E-0091
855 +.178325806962E-0091
856 +.735652921303E-0091
857 +.232549126492E-0090
858 +.238532835435E-0090
859 +.413313643371E-0090
860 +.684743517959E-0090
861 +.158357513935E-0089
862 +.174667137477E-0089
863 +.565542639159E-0089
864 +.791073631192E-0089
865 +.241375063188E-0088
866 +.413661507902E-0088
867 +.104294086629E-0087
868 +.579798815456E-0088
869 +.228906827697E-0087
870 +.736087027217E-0087
871 +.882975641814E-0087
872 +.132118323966E-0086
873 +.249983907402E-0086
874 +.475372519276E-0086
875 +.925131355355E-0086
876 +.173735888703E-0085
877 +.349296247651E-0085
878 +.612565743306E-0085
879 +.137158698887E-0084
880 +.175148847280E-0084
881 +.525817007393E-0084
882 +.413128753738E-0084
883 +.156032654366E-0083
884 +.506832792307E-0083
885 +.656121067436E-0083
886 +.891314473150E-0083
887 +.180529620023E-0082
888 +.299291855700E-0082
889 +.713116810824E-0082
890 +.681052750957E-0082
891 +.233663368569E-0081
892 +.443000711637E-0081
893 +.100030600458E-0080
894 +.185828568341E-0081
895 +.937211766714E-0081
896 +.292507528752E-0080
897 +.279088708061E-0080
898 +.510138629173E-0080
899 +.796561677600E-0080
900 +.196741839483E-0079
901 +.146880984155E-0079
902 +.541959972125E-0079
903 +.135440338005E-0078
904 +.133219537764E-0078
905 +.267345020529E-0078
906 +.470660632369E-0078
907 +.102758103828E-0077
908 +.143336512569E-0077
909 +.405398275912E-0077
910 +.139174564846E-0077
911 +.616500365711E-0077
912 +.225691700514E-0076
913 +.602705953285E-0076
914 +.104903090506E-0075
915 +.912960210794E-0076
916 +.220270113846E-0075
917 +.219263639669E-0075
918 +.732861520816E-0075
919 +.121088291608E-0074
920 +.323687027223E-0074
921 +.286452054059E-0074
922 +.102776342747E-0073
923 +.287069560918E-0073
924 +.606554210255E-0074
925 +.206324362737E-0073
926 +.197185465323E-0073
927 +.657049311873E-0073
928 +.104119246087E-0072
929 +.289227372867E-0072
930 +.320067277746E-0072
931 +.107191194945E-0071
932 +.249325146627E-0071
933 +.336987319815E-0071
934 +.540405459176E-0071
935 +.129661856047E-0070
936 +.115719314034E-0070
937 +.405636428191E-0070
938 +.842617666537E-0070
939 +.161088853080E-0069
940 +.128493928941E-0069
941 +.449861552928E-0069
942 +.888958292893E-0069
943 +.186905659196E-0068
944 +.883951717842E-0069
945 +.350487589588E-0068
946 +.954481082866E-0068
947 +.385976662889E-0068
948 +.104379514225E-0067
949 +.112066305731E-0067
950 +.359144161506E-0067
951 +.460983204072E-0067
952 +.147668255697E-0066
953 +.304185148784E-0066
954 +.578989097657E-0066
955 +.476419368982E-0066
956 +.165348542792E-0065
957 +.315928665385E-0065
958 +.702909002691E-0065
959 +.175367615537E-0065
960 +.809541506551E-0065
961 +.247524211063E-0064
962 +.186088280267E-0064
963 +.388480522393E-0064
964 +.513557398491E-0064
965 +.145817352459E-0063
966 +.531588545414E-0064
967 +.232470429294E-0063
968 +.848116011726E-0063
969 +.222562600880E-0062
970 +.360334808478E-0062
971 +.392993867764E-0062
972 +.870024752451E-0062
973 +.115513220023E-0061
974 +.334633462454E-0061
975 +.171650328022E-0061
976 +.704168513473E-0061
977 +.252255547727E-0060
978 +.601806308145E-0060
979 +.618661306652E-0060
980 +.123373742940E-0059
981 +.151837624870E-0059
982 +.451105901531E-0059
983 +.313853991106E-0059
984 +.121539460202E-0058
985 +.410455842966E-0058
986 +.697922466492E-0058
987 +.480186392584E-0058
988 +.125891060468E-0057
989 +.855186731663E-0058
990 +.319650591250E-0057
991 +.812914625411E-0057
992 +.710438152938E-0057
993 +.150517843203E-0056
994 +.239682848751E-0056
995 +.591685366594E-0056
996 +.447939559472E-0056
997 +.164769535061E-0055
998 +.408141025464E-0055
999 +.423068590084E-0055
1000 +.825717294362E-0055
1001 +.152484868077E-0054
1002 +.309246425772E-0054
1003 +.530543283266E-0054
1004 +.122329597914E-0053
1005 +.138244154492E-0053
1006 +.443036756497E-0053
1007 +.581835962622E-0053
1008 +.184233022212E-0052
1009 +.364135698998E-0052
1010 +.751096621464E-0052
1011 +.416969796617E-0052
1012 +.159688449130E-0051
1013 +.409649074511E-0051
1014 +.332325239585E-0051
1015 +.725362033803E-0051
1016 +.108982706710E-0050
1017 +.284652593075E-0050
1018 +.118110267058E-0050
1019 +.496259975582E-0050
1020 +.160385267538E-0049
1021 +.199446540050E-0049
1022 +.285412355670E-0049
1023 +.558449273119E-0049
1024 +.996414741927E-0049
1025 +.215452074383E-0048
1026 +.310193556446E-0048
1027 +.856234819777E-0048
1028 +.149512551305E-0048
1029 +.789645283182E-0048
1030 +.286288693678E-0047
1031 +.739097302050E-0047
1032 +.111536070803E-0046
1033 +.142662101921E-0046
1034 +.290059038010E-0046
1035 +.479779142488E-0046
1036 +.114482886344E-0045
1037 +.108431036190E-0045
1038 +.373091788223E-0045
1039 +.716595080245E-0045
1040 +.158549948527E-0044
1041 +.430061041227E-0045
1042 +.194117075578E-0044
1043 +.588561434816E-0044
1044 +.396579397546E-0044
1045 +.868641461527E-0044
1046 +.107868608817E-0043
1047 +.318727592432E-0043
1048 +.207423351323E-0043
1049 +.813949669777E-0043
1050 +.279821071685E-0042
1051 +.531023206940E-0042
1052 +.165037838836E-0042
1053 +.529850293592E-0042
1054 +.221895910044E-0042
1055 +.917980169407E-0042
1056 +.277715373104E-0041
1057 +.175627438165E-0041
1058 +.394526096868E-0041
1059 +.474847082369E-0041
1060 +.142851137210E-0040
1061 +.112144365488E-0040
1062 +.423349858146E-0040
1063 +.137205482793E-0039
1064 +.174548597658E-0039
1065 +.242909088587E-0039
1066 +.484294446973E-0039
1067 +.831195799682E-0039
1068 +.189706137841E-0038
1069 +.223918704221E-0038
1070 +.702282296317E-0038
1071 +.796681815538E-0038
1072 +.270042129702E-0037
1073 +.670612877169E-0037
1074 +.664357751035E-0037
1075 +.133272264868E-0036
1076 +.234566183603E-0036
1077 +.512421739378E-0036
1078 +.713381758166E-0036
1079 +.202058052352E-0035
1080 +.714406185185E-0036
1081 +.314546492031E-0035
1082 +.115103182483E-0034
1083 +.306637370956E-0034
1084 +.528469954707E-0034
1085 +.476722770465E-0034
1086 +.113665843565E-0033
1087 +.118141975569E-0033
1088 +.388316831374E-0033
1089 +.587097507797E-0033
1090 +.169600662473E-0032
1091 +.228807143977E-0032
1092 +.698815275051E-0032
1093 +.117494117400E-0031
1094 +.302530362146E-0031
1095 +.200538617700E-0031
1096 +.766508720160E-0031
1097 +.239131138991E-0030
1098 +.217580880639E-0030
1099 +.410415610952E-0030
1100 +.617059544170E-0030
1101 +.158135149351E-0029
1102 +.835070967210E-0030
1103 +.333409835750E-0029
1104 +.100536557951E-0028
1105 +.597913622504E-0029
1106 +.137503936628E-0028
1107 +.160926766751E-0028
1108 +.491508040682E-0028
1109 +.442542140662E-0028
1110 +.161565053015E-0027
1111 +.488929067608E-0027
1112 +.311694539211E-0027
1113 +.698960532067E-0027
1114 +.840508034638E-0027
1115 +.252988483083E-0026
1116 +.199644906838E-0026
1117 +.752782967204E-0026
1118 +.243449052267E-0025
1119 +.304512465141E-0025
1120 +.433309326151E-0025
1121 +.850813162496E-0025
1122 +.150742918457E-0024
1123 +.329314420448E-0024
1124 +.458512951082E-0024
1125 +.129875543140E-0023
1126 +.459685201783E-0024
1127 +.202351413713E-0023
1128 +.740465448651E-0023
1129 +.197249947726E-0022
1130 +.339865670552E-0022
1131 +.306848105626E-0022
1132 +.731412461600E-0022
1133 +.761007008711E-0022
1134 +.250027962007E-0021
1135 +.377141737326E-0021
1136 +.109143472050E-0020
1137 +.148491062935E-0020
1138 +.451293204601E-0020
1139 +.743852811678E-0020
1140 +.195413789231E-0019
1141 +.150111943101E-0019
1142 +.556945992128E-0019
1143 +.166368137135E-0018
1144 +.878085766113E-0019
1145 +.211196462541E-0018
1146 +.234347652150E-0018
1147 +.735007315413E-0018
1148 +.813844456109E-0018
1149 +.278259332430E-0017
1150 +.708614835612E-0017
1151 +.594711380360E-0017
1152 +.128431074663E-0016
1153 +.196702621442E-0016
1154 +.504886162886E-0016
1155 +.264641232856E-0016
1156 +.105874145493E-0015
1157 +.320745967069E-0015
1158 +.203708377259E-0015
1159 +.456778168590E-0015
1160 +.551147562026E-0015
1161 +.165573605010E-0014
1162 +.128234574457E-0014
1163 +.485554065319E-0014
1164 +.158220397299E-0013
1165 +.209861272259E-0013
1166 +.275045882078E-0013
1167 +.569513186184E-0013
1168 +.896564889928E-0013
1169 +.226070058058E-0012
1170 +.142679548971E-0012
1171 +.548384841663E-0012
1172 +.153359730164E-0011
1173 +.341298139659E-0012
1174 +.113509898755E-0011
1175 +.109983905480E-0011
1176 +.364802501739E-0011
1177 +.564938515054E-0011
1178 +.160034127826E-0010
1179 +.196144883036E-0010
1180 +.629541593603E-0010
1181 +.127446117340E-0009
1182 +.251493788254E-0009
1183 +.177847408578E-0009
1184 +.643395755454E-0009
1185 +.142541809574E-0008
1186 +.230860134204E-0008
1187 +.287206162173E-0008
1188 +.840316286469E-0008
1189 +.494653706913E-0008
1190 +.197707647556E-0007
1191 +.692244235241E-0007
1192 +.146011814036E-0006
1193 +.609657763179E-0007
1194 +.175186670549E-0006
1195 +.875459698655E-0007
1196 +.347442960287E-0006
1197 +.983243231551E-0006
1198 +.121231945200E-0006
1199 +.534229743424E-0006
1200 +.494602730835E-0006
1201 +.165604651707E-0005
1202 +.265823403136E-0005
1203 +.729866306115E-0005
1204 +.757326339244E-0005
1205 +.259447187176E-0004
1206 +.644868548019E-0004
1207 +.636201511563E-0004
1208 +.127865984111E-0003
1209 +.224307247200E-0003
1210 +.492303442988E-0003
1211 +.674643232053E-0003
1212 +.193288383226E-0002
1213 +.841967169320E-0003
1214 +.355966312267E-0002
1215 +.129315715233E-0001
1216 +.331597696478E-0001
1217 +.485807370360E-0001
1218 +.656113925008E-0001
1219 +.128531323633E+0000
1220 +.229343239609E+0000
1221 +.491389410288E+0000
1222 +.701986789979E+0000
1223 +.177989689695E+0001
1224 +.242854828172E+0001
