0 +.348392392649E-0601
1 +.108001641721E-0600
2 +.131413610507E-0600
3 +.428323418252E-0600
4 +.927973270229E-0600
5 +.156880654844E-0599
6 +.180506748009E-0599
7 +.551061705652E-0599
8 +.498329405803E-0599
9 +.181617819395E-0598
10 +.546925546397E-0598
11 +.325738218517E-0598
12 +.749847468308E-0598
13 +.873288421764E-0598
14 +.267417660878E-0597
15 +.246174596458E-0597
16 +.893352158088E-0597
17 +.266622250911E-0596
18 +.138632453145E-0596
19 +.335275781765E-0596
20 +.369704360206E-0596
21 +.116295607876E-0595
22 +.131471669559E-0595
23 +.445912547090E-0595
24 +.110852049318E-0594
25 +.109139832891E-0594
26 +.219623494101E-0594
27 +.384403756880E-0594
28 +.846363650790E-0594
29 +.114719710337E-0593
30 +.331221936421E-0593
31 +.162847011528E-0593
32 +.673336271985E-0593
33 +.242418800551E-0592
34 +.593516740007E-0592
35 +.698819197846E-0592
36 +.125012096094E-0591
37 +.184328632776E-0591
38 +.481069904576E-0591
39 +.198024014743E-0591
40 +.833029881512E-0591
41 +.269087370306E-0590
42 +.333360900166E-0590
43 +.479321349166E-0590
44 +.934684786134E-0590
45 +.167903362942E-0589
46 +.359394073304E-0589
47 +.533917275819E-0589
48 +.143563165328E-0588
49 +.319861894730E-0589
50 +.156296606297E-0588
51 +.546013381433E-0588
52 +.115393693311E-0587
53 +.492692508429E-0588
54 +.140602683122E-0587
55 +.711364502848E-0588
56 +.281555864153E-0587
57 +.793201205033E-0587
58 +.125584238869E-0587
59 +.486144106331E-0587
60 +.457121547049E-0587
61 +.152665018583E-0586
62 +.243221182031E-0586
63 +.672381093901E-0586
64 +.724741904591E-0586
65 +.245061027930E-0585
66 +.586657977447E-0585
67 +.703545411968E-0585
68 +.125367452138E-0584
69 +.265447777888E-0584
70 +.398680196673E-0584
71 +.106022341398E-0583
72 +.313923957434E-0584
73 +.142341848291E-0583
74 +.485411505768E-0583
75 +.884845928965E-0583
76 +.403861190483E-0583
77 +.116886762094E-0582
78 +.571873600298E-0583
79 +.229316553062E-0582
80 +.671450739599E-0582
81 +.237637813180E-0582
82 +.655896821622E-0582
83 +.658909751245E-0582
84 +.215531557531E-0581
85 +.310481654430E-0581
86 +.928437113162E-0581
87 +.146218811707E-0580
88 +.400337019076E-0580
89 +.399004663126E-0580
90 +.138524881594E-0579
91 +.357310871595E-0579
92 +.271571200990E-0579
93 +.608216631659E-0579
94 +.866850180744E-0579
95 +.236672634888E-0578
96 +.290275767105E-0579
97 +.174219466629E-0578
98 +.621647189029E-0578
99 +.149579944411E-0577
100 +.160983571044E-0577
101 +.310599009090E-0577
102 +.406178199917E-0577
103 +.116198373123E-0576
104 +.489477604215E-0577
105 +.208103413726E-0576
106 +.755211755432E-0576
107 +.192743069484E-0575
108 +.276453996021E-0575
109 +.387414451178E-0575
110 +.739327204599E-0575
111 +.138961213678E-0574
112 +.275787290061E-0574
113 +.497110472052E-0574
114 +.106901531151E-0573
115 +.156796249228E-0573
116 +.426324793275E-0573
117 +.628007993926E-0574
118 +.351069356322E-0573
119 +.124867643166E-0572
120 +.293958114549E-0572
121 +.280550982825E-0572
122 +.586762341733E-0572
123 +.654980373923E-0572
124 +.204923809538E-0571
125 +.224122998742E-0571
126 +.769745895836E-0571
127 +.198598708998E-0570
128 +.150446205487E-0570
129 +.337390515275E-0570
130 +.479507422148E-0570
131 +.131207390294E-0569
132 +.146616307296E-0570
133 +.915218578226E-0570
134 +.327356330069E-0569
135 +.799615948593E-0569
136 +.930232213910E-0569
137 +.168268930954E-0568
138 +.244135269571E-0568
139 +.646090491563E-0568
140 +.208600943751E-0568
141 +.926007039377E-0568
142 +.311566201371E-0567
143 +.520755236015E-0567
144 +.384641646684E-0567
145 +.990518281449E-0567
146 +.724994255403E-0567
147 +.266159494743E-0566
148 +.642827235939E-0566
149 +.758567974021E-0566
150 +.136298607188E-0565
151 +.285404796063E-0565
152 +.442197034980E-0565
153 +.114227039342E-0564
154 +.551725228620E-0565
155 +.224589356650E-0564
156 +.699233901285E-0564
157 +.616268139435E-0564
158 +.118346674903E-0563
159 +.174270290715E-0563
160 +.455085118062E-0563
161 +.187221780610E-0563
162 +.787745121001E-0563
163 +.254579000859E-0562
164 +.316576394851E-0562
165 +.453040078954E-0562
166 +.886417525356E-0562
167 +.158166110751E-0561
168 +.341976504861E-0561
169 +.492454694619E-0561
170 +.135911349073E-0560
171 +.235820759352E-0561
172 +.124804912409E-0560
173 +.452406334033E-0560
174 +.116714410295E-0559
175 +.175596793501E-0559
176 +.225940973114E-0559
177 +.457660948440E-0559
178 +.763335141406E-0559
179 +.180353057704E-0558
180 +.180449684475E-0558
181 +.608680855377E-0558
182 +.106484910725E-0557
183 +.267792806168E-0557
184 +.150796116881E-0557
185 +.593726470547E-0557
186 +.190272882539E-0556
187 +.221877139739E-0556
188 +.342488310468E-0556
189 +.631989327545E-0556
190 +.125492849543E-0555
191 +.223943138012E-0555
192 +.488420432506E-0555
193 +.684628455557E-0555
194 +.192985051589E-0554
195 +.616942712261E-0555
196 +.277447076117E-0554
197 +.101625209346E-0553
198 +.272403548123E-0553
199 +.481350459882E-0553
200 +.394937707779E-0553
201 +.970517515729E-0553
202 +.902168957375E-0553
203 +.308923437500E-0552
204 +.573059430105E-0552
205 +.133540322927E-0551
206 +.280881794605E-0552
207 +.136888948089E-0551
208 +.441848317489E-0551
209 +.561710626111E-0551
210 +.781834741958E-0551
211 +.155896736930E-0550
212 +.267484384077E-0550
213 +.610736055032E-0550
214 +.719624550680E-0550
215 +.225899517372E-0549
216 +.257917989500E-0549
217 +.871989510216E-0549
218 +.214851799922E-0548
219 +.222677688619E-0548
220 +.436134409941E-0548
221 +.800118129365E-0548
222 +.164081785315E-0547
223 +.274009995437E-0547
224 +.653518844852E-0547
225 +.621529474072E-0547
226 +.213589917449E-0546
227 +.408018622246E-0546
228 +.910582602819E-0546
229 +.214343702947E-0546
230 +.100565261178E-0545
231 +.309000733176E-0545
232 +.246759921594E-0545
233 +.500281928305E-0545
234 +.687176661244E-0545
235 +.189858136398E-0544
236 +.338044633025E-0545
237 +.177332649598E-0544
238 +.641612134921E-0544
239 +.163917920843E-0543
240 +.236168043411E-0543
241 +.328519989413E-0543
242 +.630472321302E-0543
243 +.117285054715E-0542
244 +.236983795463E-0542
245 +.410251046347E-0542
246 +.934830515979E-0542
247 +.111257584246E-0541
248 +.347512560204E-0541
249 +.382624676866E-0541
250 +.131197887951E-0540
251 +.337242954623E-0540
252 +.263384770678E-0540
253 +.584342530758E-0540
254 +.848394715950E-0540
255 +.228232900122E-0539
256 +.507857272125E-0540
257 +.248195627769E-0539
258 +.866203430300E-0539
259 +.182075589085E-0538
260 +.734687597617E-0539
261 +.213402237627E-0538
262 +.104500251961E-0538
263 +.416573288996E-0538
264 +.118734438463E-0537
265 +.170358255520E-0538
266 +.691258302362E-0538
267 +.641750624256E-0538
268 +.214866721568E-0537
269 +.345624479087E-0537
270 +.947147469785E-0537
271 +.972094999091E-0537
272 +.334220493511E-0536
273 +.839056616337E-0536
274 +.777994998622E-0536
275 +.161073328382E-0535
276 +.267628520888E-0535
277 +.630136257892E-0535
278 +.642328171088E-0535
279 +.215097830525E-0534
280 +.362813009504E-0534
281 +.950113537490E-0534
282 +.734113610825E-0534
283 +.271914716527E-0533
284 +.809058848824E-0533
285 +.400439809999E-0533
286 +.985136702069E-0533
287 +.106890673149E-0532
288 +.338728110890E-0532
289 +.402688178769E-0532
290 +.133752575322E-0531
291 +.311427420144E-0531
292 +.418908177238E-0531
293 +.675255864012E-0531
294 +.161146612234E-0530
295 +.148517880760E-0530
296 +.515188593794E-0530
297 +.102422127879E-0529
298 +.213645270882E-0529
299 +.107075856072E-0529
300 +.419227096771E-0529
301 +.111913081763E-0528
302 +.610874642374E-0529
303 +.151361996983E-0528
304 +.180448112569E-0528
305 +.551537127984E-0528
306 +.502117440896E-0528
307 +.182826429956E-0527
308 +.550189457097E-0527
309 +.324483324340E-0527
310 +.749718555778E-0527
311 +.869324654371E-0527
312 +.266807744178E-0526
313 +.250279530176E-0526
314 +.903479030303E-0526
315 +.266297808117E-0525
316 +.111061306212E-0525
317 +.289905305548E-0525
318 +.299304649435E-0525
319 +.968842855810E-0525
320 +.131575434055E-0524
321 +.408438784125E-0524
322 +.748673894511E-0524
323 +.173779745672E-0523
324 +.308572344036E-0524
325 +.158470525507E-0523
326 +.508794490559E-0523
327 +.624762045704E-0523
328 +.909098308589E-0523
329 +.175711340605E-0522
330 +.321167312743E-0522
331 +.669097846608E-0522
332 +.107330941480E-0521
333 +.267985245378E-0521
334 +.185074481724E-0521
335 +.696735244276E-0521
336 +.184896135343E-0520
337 +.110793479495E-0520
338 +.267040051260E-0520
339 +.333008122288E-0520
340 +.993487610758E-0520
341 +.720547739735E-0520
342 +.276787298356E-0519
343 +.924497304531E-0519
344 +.146240293770E-0518
345 +.131322793921E-0518
346 +.319849783853E-0518
347 +.296653749791E-0518
348 +.101765899640E-0517
349 +.190596712777E-0517
350 +.438063565368E-0517
351 +.666329130202E-0518
352 +.360718047453E-0517
353 +.114813408387E-0516
354 +.132322505939E-0516
355 +.206702479264E-0516
356 +.377691314746E-0516
357 +.762116346848E-0516
358 +.131177531413E-0515
359 +.300911702099E-0515
360 +.347891240685E-0515
361 +.110271522827E-0514
362 +.134723884296E-0514
363 +.442357672958E-0514
364 +.992598834277E-0514
365 +.151709047028E-0513
366 +.209043978276E-0513
367 +.572360184751E-0513
368 +.749558818183E-0514
369 +.438240117397E-0513
370 +.156879973275E-0512
371 +.383111155679E-0512
372 +.445206928484E-0512
373 +.806124149127E-0512
374 +.116788101422E-0511
375 +.309451756614E-0511
376 +.974670711363E-0512
377 +.435182076338E-0511
378 +.146885233757E-0510
379 +.250705410257E-0510
380 +.169100256067E-0510
381 +.445584237483E-0510
382 +.296252265318E-0510
383 +.111286880660E-0509
384 +.286781950861E-0509
385 +.226627930448E-0509
386 +.499369432244E-0509
387 +.736613192703E-0509
388 +.195508518220E-0508
389 +.609124221713E-0509
390 +.272791769935E-0508
391 +.923916097399E-0508
392 +.161204770068E-0507
393 +.974374605957E-0508
394 +.263660041574E-0507
395 +.158045993250E-0507
396 +.607530347237E-0507
397 +.165314355751E-0506
398 +.695094587191E-0507
399 +.185761176444E-0506
400 +.201837329013E-0506
401 +.643695466501E-0506
402 +.801261131996E-0506
403 +.260638691767E-0505
404 +.566383797881E-0505
405 +.949640486804E-0505
406 +.111203014243E-0504
407 +.336463612265E-0504
408 +.281463775011E-0504
409 +.104636917904E-0503
410 +.328902367401E-0503
411 +.321480104940E-0503
412 +.578406802275E-0503
413 +.918917219546E-0503
414 +.222885705310E-0502
415 +.189202642310E-0502
416 +.673838254340E-0502
417 +.149085813373E-0501
418 +.243499354946E-0501
419 +.297962176404E-0501
420 +.880086058777E-0501
421 +.578753011837E-0501
422 +.226533328524E-0500
423 +.775246213642E-0500
424 +.143164717776E-0499
425 +.589371570982E-0500
426 +.175041315971E-0499
427 +.812568346349E-0500
428 +.329306599522E-0499
429 +.977014286236E-0499
430 +.452852518394E-0499
431 +.113834409960E-0498
432 +.121661167074E-0498
433 +.388093505696E-0498
434 +.481662927450E-0498
435 +.156859772288E-0497
436 +.342122614849E-0497
437 +.567977169216E-0497
438 +.678647291975E-0497
439 +.203160991096E-0496
440 +.153738131228E-0496
441 +.584773196227E-0496
442 +.191835815467E-0495
443 +.267522914991E-0495
444 +.322527330251E-0495
445 +.699040158724E-0495
446 +.975267530189E-0495
447 +.273162727006E-0494
448 +.746962743048E-0495
449 +.348011444773E-0494
450 +.127300958874E-0493
451 +.339929093766E-0493
452 +.591468801244E-0493
453 +.515375083976E-0493
454 +.124295719302E-0492
455 +.123907701300E-0492
456 +.413921091547E-0492
457 +.682019916034E-0492
458 +.182810770695E-0491
459 +.164565149555E-0491
460 +.587840446434E-0491
461 +.162564327320E-0490
462 +.463308476000E-0491
463 +.140503496634E-0490
464 +.139339819511E-0490
465 +.459537132989E-0490
466 +.693671800867E-0490
467 +.200558251562E-0489
468 +.271583753211E-0489
469 +.827671836346E-0489
470 +.137954731690E-0488
471 +.358399434593E-0488
472 +.254194062758E-0488
473 +.958842642245E-0488
474 +.293973297426E-0487
475 +.221176835998E-0487
476 +.461955513198E-0487
477 +.609514509949E-0487
478 +.173291062385E-0486
479 +.647758599802E-0487
480 +.281859445659E-0486
481 +.102770911197E-0485
482 +.268843511365E-0485
483 +.429503328753E-0485
484 +.484549486172E-0485
485 +.105577868332E-0484
486 +.146761223780E-0484
487 +.411733445704E-0484
488 +.117079874546E-0484
489 +.540459622839E-0484
490 +.197761151507E-0483
491 +.528528819246E-0483
492 +.922828462341E-0483
493 +.793656685373E-0483
494 +.192213902333E-0482
495 +.188670218419E-0482
496 +.633881233531E-0482
497 +.107489638094E-0481
498 +.279775147317E-0481
499 +.206944034319E-0481
500 +.773639518449E-0481
501 +.233748593552E-0480
502 +.146017163609E-0480
503 +.329981887923E-0480
504 +.393201025968E-0480
505 +.118946936158E-0479
506 +.983917408190E-0480
507 +.366968245902E-0479
508 +.116224652694E-0478
509 +.121867522476E-0478
510 +.207808162331E-0478
511 +.349715836184E-0478
512 +.793347889001E-0478
513 +.951765955016E-0478
514 +.295755302682E-0477
515 +.313085315746E-0477
516 +.108885827838E-0476
517 +.291497622825E-0476
518 +.149883365835E-0476
519 +.378507622393E-0476
520 +.436777569301E-0476
521 +.135697102706E-0475
522 +.140874650810E-0475
523 +.493021341954E-0475
524 +.134231576692E-0474
525 +.532577929486E-0475
526 +.145073601615E-0474
527 +.153757546385E-0474
528 +.495472310013E-0474
529 +.658049642654E-0474
530 +.206959601973E-0473
531 +.398739475026E-0473
532 +.859161012085E-0473
533 +.336693451195E-0473
534 +.139165687105E-0472
535 +.399091920699E-0472
536 +.801190763265E-0473
537 +.276506888999E-0472
538 +.260882702324E-0472
539 +.870868485017E-0472
540 +.138789077516E-0471
541 +.383553308630E-0471
542 +.412647568280E-0471
543 +.139623935973E-0470
544 +.334906520801E-0470
545 +.398043083943E-0470
546 +.714074259331E-0470
547 +.149818344507E-0469
548 +.230924116160E-0469
549 +.599517145001E-0469
550 +.270615464553E-0469
551 +.111728533914E-0468
552 +.354379839744E-0468
553 +.374817044465E-0468
554 +.633491404099E-0468
555 +.107659565272E-0467
556 +.241188460549E-0467
557 +.304125020780E-0467
558 +.919049067006E-0467
559 +.768848612951E-0467
560 +.286166455490E-0466
561 +.903724937403E-0466
562 +.922961410622E-0466
563 +.160734590330E-0465
564 +.264628604914E-0465
565 +.616598930813E-0465
566 +.656299691805E-0465
567 +.215823966722E-0464
568 +.330317061321E-0464
569 +.945455146558E-0464
570 +.122061768276E-0463
571 +.381892394793E-0463
572 +.704996594554E-0463
573 +.162138435274E-0462
574 +.226352304908E-0463
575 +.126532973640E-0462
576 +.402021161315E-0462
577 +.458432985870E-0462
578 +.723898326860E-0462
579 +.131047637268E-0461
580 +.268358924820E-0461
581 +.445874191119E-0461
582 +.106902546547E-0460
583 +.985645183893E-0461
584 +.342312696634E-0460
585 +.684974113947E-0460
586 +.141192744770E-0459
587 +.768789112269E-0460
588 +.295583559547E-0459
589 +.763487836007E-0459
590 +.585509019525E-0459
591 +.130449758969E-0458
592 +.188238222606E-0458
593 +.508818293073E-0458
594 +.969763700356E-0459
595 +.496463345133E-0458
596 +.174733749353E-0457
597 +.386297866288E-0457
598 +.244508987455E-0457
599 +.614371214245E-0457
600 +.425180290530E-0457
601 +.156514401190E-0456
602 +.373017894425E-0456
603 +.466668542657E-0456
604 +.800915168927E-0456
605 +.177996460171E-0455
606 +.228113620010E-0455
607 +.682300773938E-0455
608 +.516339027081E-0455
609 +.196624209979E-0454
610 +.647933863921E-0454
611 +.933362322949E-0454
612 +.105727016320E-0453
613 +.236051414127E-0453
614 +.301103120897E-0453
615 +.895584658709E-0453
616 +.635859503070E-0453
617 +.245363311476E-0452
618 +.825479001180E-0452
619 +.136952563829E-0451
620 +.104435426283E-0451
621 +.266647404194E-0451
622 +.202548442014E-0451
623 +.736613953350E-0451
624 +.172696374143E-0450
625 +.231800432559E-0450
626 +.372659881798E-0450
627 +.891748035262E-0450
628 +.808539493508E-0450
629 +.281981310420E-0449
630 +.573519711458E-0449
631 +.114554666288E-0448
632 +.750075063968E-0449
633 +.276465794994E-0448
634 +.646637454123E-0448
635 +.871860658582E-0448
636 +.139584360856E-0447
637 +.335459629772E-0447
638 +.296307903317E-0447
639 +.104204867716E-0446
640 +.219337397234E-0446
641 +.407167670873E-0446
642 +.361214032541E-0446
643 +.122419632848E-0445
644 +.211174833856E-0445
645 +.538527244883E-0445
646 +.340261438550E-0445
647 +.131187041762E-0444
648 +.412785439869E-0444
649 +.408530789295E-0444
650 +.728236520570E-0444
651 +.116925998926E-0443
652 +.280359573518E-0443
653 +.255759572748E-0443
654 +.890640217901E-0443
655 +.180107165009E-0442
656 +.363853844245E-0442
657 +.224045152949E-0442
658 +.837838929663E-0442
659 +.203517286771E-0441
660 +.232145991803E-0441
661 +.427388846555E-0441
662 +.864611933492E-0441
663 +.146274614975E-0440
664 +.342889060278E-0440
665 +.357796206782E-0440
666 +.118733940842E-0439
667 +.191063075716E-0439
668 +.523971105923E-0439
669 +.540479933903E-0439
670 +.185518640827E-0438
671 +.463610217620E-0438
672 +.442583665118E-0438
673 +.903975964563E-0438
674 +.154023346891E-0437
675 +.351554734627E-0437
676 +.414854175879E-0437
677 +.130112586616E-0436
678 +.147596363958E-0436
679 +.500296735839E-0436
680 +.124246153907E-0435
681 +.123062207211E-0435
682 +.246892201378E-0435
683 +.434463494239E-0435
684 +.949355316271E-0435
685 +.132051834023E-0434
686 +.374264528935E-0434
687 +.134039346654E-0434
688 +.588620135788E-0434
689 +.215348516751E-0433
690 +.572978585001E-0433
691 +.982470823272E-0433
692 +.902177835350E-0433
693 +.213804030439E-0432
694 +.227128304432E-0432
695 +.739882877532E-0432
696 +.106331891083E-0431
697 +.318646044366E-0431
698 +.506646788074E-0431
699 +.137563938810E-0430
700 +.130557785363E-0430
701 +.459882244564E-0430
702 +.123113257535E-0429
703 +.634049732222E-0430
704 +.160018748575E-0429
705 +.184907061534E-0429
706 +.574073414146E-0429
707 +.592876175734E-0429
708 +.207852486703E-0428
709 +.568609214815E-0428
710 +.206314950299E-0428
711 +.577627830104E-0428
712 +.598930024693E-0428
713 +.194593199618E-0427
714 +.271123360459E-0427
715 +.828822037437E-0427
716 +.143052531858E-0426
717 +.357829898792E-0426
718 +.185027897768E-0426
719 +.740034825355E-0426
720 +.239795554705E-0425
721 +.306071885182E-0425
722 +.423832102873E-0425
723 +.847914364575E-0425
724 +.144454076489E-0424
725 +.332866904715E-0424
726 +.376686992270E-0424
727 +.120619357573E-0423
728 +.157561001500E-0423
729 +.500349520789E-0423
730 +.999446356716E-0423
731 +.202209329724E-0422
732 +.126028803561E-0422
733 +.470143560361E-0422
734 +.113599169546E-0421
735 +.133002037939E-0421
736 +.240434509055E-0421
737 +.499224822869E-0421
738 +.791341361187E-0421
739 +.199784506243E-0420
740 +.124673781946E-0420
741 +.480459074401E-0420
742 +.135240677521E-0419
743 +.233911445100E-0420
744 +.868095767892E-0420
745 +.822147912113E-0420
746 +.274153151157E-0419
747 +.434188699780E-0419
748 +.120664747575E-0418
749 +.133847963177E-0418
750 +.447861111193E-0418
751 +.103889538075E-0417
752 +.141861396663E-0417
753 +.225081394556E-0417
754 +.545976382625E-0417
755 +.454556141789E-0417
756 +.162733905820E-0416
757 +.366875552005E-0416
758 +.566133103389E-0416
759 +.763767117191E-0416
760 +.212230995012E-0415
761 +.486151109090E-0416
762 +.236718546011E-0415
763 +.860054824460E-0415
764 +.223008482505E-0414
765 +.343032548778E-0414
766 +.421983308153E-0414
767 +.878307782664E-0414
768 +.137582761636E-0413
769 +.348259729293E-0413
770 +.211733807717E-0413
771 +.820591819005E-0413
772 +.233869793416E-0412
773 +.314068189146E-0413
774 +.131963177501E-0412
775 +.122274183161E-0412
776 +.409428434769E-0412
777 +.658100938362E-0412
778 +.180466296653E-0411
779 +.185924464730E-0411
780 +.638444463777E-0411
781 +.159732128623E-0410
782 +.151384325624E-0410
783 +.310267121503E-0410
784 +.525312335268E-0410
785 +.120869759189E-0409
786 +.137707132043E-0409
787 +.439489191108E-0409
788 +.561834133060E-0409
789 +.180446632038E-0408
790 +.375364020501E-0408
791 +.699557411284E-0408
792 +.620272831694E-0408
793 +.210326439465E-0407
794 +.363804556995E-0407
795 +.924922172704E-0407
796 +.569998226741E-0407
797 +.220779959045E-0406
798 +.697944065302E-0406
799 +.721595687352E-0406
800 +.124415580047E-0405
801 +.207041600240E-0405
802 +.476248305873E-0405
803 +.538304445275E-0405
804 +.172339646402E-0404
805 +.224751007044E-0404
806 +.714332056071E-0404
807 +.143131197638E-0403
808 +.287902906574E-0403
809 +.185211920895E-0403
810 +.685794519970E-0403
811 +.162531849318E-0402
812 +.207690505617E-0402
813 +.350037683698E-0402
814 +.795020856203E-0402
815 +.935292546419E-0402
816 +.293461576949E-0401
817 +.333697385358E-0401
818 +.112998717988E-0400
819 +.279767271344E-0400
820 +.282122039391E-0400
821 +.560778986322E-0400
822 +.100305187235E-0399
823 +.214018906385E-0399
824 +.320907757263E-0399
825 +.855747605971E-0399
826 +.238037804009E-0399
827 +.109610494224E-0398
828 +.376256507038E-0398
829 +.714741130194E-0398
830 +.218430926549E-0398
831 +.704893774243E-0398
832 +.293439522008E-0398
833 +.121543019004E-0397
834 +.368066393953E-0397
835 +.236000348265E-0397
836 +.527266241579E-0397
837 +.638910116076E-0397
838 +.191481535504E-0396
839 +.144861545171E-0396
840 +.551332122275E-0396
841 +.181260372201E-0395
842 +.256812273166E-0395
843 +.300605272882E-0395
844 +.661029106227E-0395
845 +.883810482907E-0395
846 +.255109547775E-0394
847 +.124270742349E-0394
848 +.514613261430E-0394
849 +.185309877846E-0393
850 +.454182744934E-0393
851 +.537652262548E-0393
852 +.956954890899E-0393
853 +.142118400920E-0392
854 +.368552199102E-0392
855 +.166424987878E-0392
856 +.686558107297E-0392
857 +.217029639270E-0391
858 +.222614017130E-0391
859 +.385730586389E-0391
860 +.639046213317E-0391
861 +.147789306472E-0390
862 +.163010484756E-0390
863 +.527800369839E-0390
864 +.738280239549E-0390
865 +.225266564887E-0389
866 +.386055235700E-0389
867 +.973338766756E-0389
868 +.541105140516E-0389
869 +.213630414317E-0388
870 +.686963242554E-0388
871 +.824049042530E-0388
872 +.123301225095E-0387
873 +.233300885990E-0387
874 +.443647877477E-0387
875 +.863391436289E-0387
876 +.162141384154E-0386
877 +.325985480012E-0386
878 +.571685322169E-0386
879 +.128005223633E-0385
880 +.163460046989E-0385
881 +.490725882990E-0385
882 +.385558035622E-0385
883 +.145619599619E-0384
884 +.473008605724E-0384
885 +.612333921571E-0384
886 +.831831370436E-0384
887 +.168481726430E-0383
888 +.279318200239E-0383
889 +.665525975285E-0383
890 +.635601754750E-0383
891 +.218069520862E-0382
892 +.413436447142E-0382
893 +.933549201447E-0382
894 +.173427042111E-0382
895 +.874665644707E-0382
896 +.272986634723E-0381
897 +.260463337568E-0381
898 +.476093823000E-0381
899 +.743402033598E-0381
900 +.183612001026E-0380
901 +.137078678762E-0380
902 +.505791524669E-0380
903 +.126401539938E-0379
904 +.124328947869E-0379
905 +.249503381248E-0379
906 +.439250444852E-0379
907 +.959003998091E-0379
908 +.133770752384E-0378
909 +.378343461913E-0378
910 +.129886557992E-0378
911 +.575357362112E-0378
912 +.210629853088E-0377
913 +.562483538856E-0377
914 +.979022378377E-0377
915 +.852032549875E-0377
916 +.205570083496E-0376
917 +.204630777764E-0376
918 +.683952994779E-0376
919 +.113007297184E-0375
920 +.302085326288E-0375
921 +.267335280499E-0375
922 +.959174215286E-0375
923 +.267911577184E-0374
924 +.566074977081E-0375
925 +.192555021353E-0374
926 +.184026020884E-0374
927 +.613200218334E-0374
928 +.971707043590E-0374
929 +.269925384572E-0373
930 +.298707145794E-0373
931 +.100037642466E-0372
932 +.232686088525E-0372
933 +.314498005480E-0372
934 +.504340754289E-0372
935 +.121008692956E-0371
936 +.107996625747E-0371
937 +.378565720770E-0371
938 +.786384412487E-0371
939 +.150338365926E-0370
940 +.119918709079E-0370
941 +.419839420711E-0370
942 +.829632433124E-0370
943 +.174432251820E-0369
944 +.824959978776E-0370
945 +.327097316100E-0369
946 +.890782469189E-0369
947 +.360217977066E-0369
948 +.974136031430E-0369
949 +.104587405998E-0368
950 +.335176179731E-0368
951 +.430218853101E-0368
952 +.137813410650E-0367
953 +.283884932649E-0367
954 +.540349460354E-0367
955 +.444624864221E-0367
956 +.154313779361E-0366
957 +.294844729446E-0366
958 +.655999399330E-0366
959 +.163664215444E-0366
960 +.755515635733E-0366
961 +.231005340884E-0365
962 +.173669421803E-0365
963 +.362554738046E-0365
964 +.479284436025E-0365
965 +.136086029996E-0364
966 +.496112249448E-0365
967 +.216956194038E-0364
968 +.791515818014E-0364
969 +.207709578241E-0363
970 +.336287367233E-0363
971 +.366766879079E-0363
972 +.811962448660E-0363
973 +.107804285704E-0362
974 +.312301236042E-0362
975 +.160195006247E-0362
976 +.657174854920E-0362
977 +.235420925260E-0361
978 +.561643932778E-0361
979 +.577374089674E-0361
980 +.115140225764E-0360
981 +.141704531211E-0360
982 +.421000725991E-0360
983 +.292908511421E-0360
984 +.113428356419E-0359
985 +.383063505243E-0359
986 +.651345646513E-0359
987 +.448140490299E-0359
988 +.117489546629E-0358
989 +.798114663688E-0359
990 +.298318267446E-0358
991 +.758663644845E-0358
992 +.663026081334E-0358
993 +.140472826997E-0357
994 +.223687282719E-0357
995 +.552198426243E-0357
996 +.418045694144E-0357
997 +.153773412510E-0356
998 +.380903170284E-0356
999 +.394834523257E-0356
1000 +.770611909997E-0356
1001 +.142308579749E-0355
1002 +.288608438325E-0355
1003 +.495136744313E-0355
1004 +.114165763199E-0354
1005 +.129018239859E-0354
1006 +.413470086498E-0354
1007 +.543006335852E-0354
1008 +.171937976957E-0353
1009 +.339834600073E-0353
1010 +.700971150793E-0353
1011 +.389142741198E-0353
1012 +.149031419868E-0352
1013 +.382310577595E-0352
1014 +.310147055615E-0352
1015 +.676953996392E-0352
1016 +.101709595219E-0351
1017 +.265655909030E-0351
1018 +.110228015217E-0351
1019 +.463141380530E-0351
1020 +.149681735137E-0350
1021 +.186136199665E-0350
1022 +.266364967818E-0350
1023 +.521180389382E-0350
1024 +.929917627581E-0350
1025 +.201073582553E-0349
1026 +.289492360925E-0349
1027 +.799092806194E-0349
1028 +.139534624643E-0349
1029 +.736947214317E-0349
1030 +.267182822199E-0348
1031 +.689772622537E-0348
1032 +.104092557031E-0347
1033 +.133141349462E-0347
1034 +.270701547393E-0347
1035 +.447760418601E-0347
1036 +.106842712766E-0346
1037 +.101194741192E-0346
1038 +.348192992311E-0346
1039 +.668772117591E-0346
1040 +.147968898676E-0345
1041 +.401360323512E-0346
1042 +.181162404367E-0345
1043 +.549282974368E-0345
1044 +.370113123578E-0345
1045 +.810671473567E-0345
1046 +.100669848187E-0344
1047 +.297456866230E-0344
1048 +.193580667418E-0344
1049 +.759629614095E-0344
1050 +.261146825895E-0343
1051 +.495584639618E-0343
1052 +.154023810662E-0343
1053 +.494490002263E-0343
1054 +.207087379939E-0343
1055 +.856717494615E-0343
1056 +.259181654017E-0342
1057 +.163906698450E-0342
1058 +.368196852757E-0342
1059 +.443157506328E-0342
1060 +.133317769220E-0341
1061 +.104660256330E-0341
1062 +.395097020506E-0341
1063 +.128048885350E-0340
1064 +.162899855855E-0340
1065 +.226698214982E-0340
1066 +.451974388003E-0340
1067 +.775724799696E-0340
1068 +.177045836654E-0339
1069 +.208975180152E-0339
1070 +.655414517071E-0339
1071 +.743514153965E-0339
1072 +.252020495114E-0338
1073 +.625858600362E-0338
1074 +.620020918711E-0338
1075 +.124378156157E-0337
1076 +.218912085288E-0337
1077 +.478224566692E-0337
1078 +.665773241000E-0337
1079 +.188573429086E-0336
1080 +.666729301467E-0337
1081 +.293554797340E-0336
1082 +.107421612585E-0335
1083 +.286173502386E-0335
1084 +.493201782200E-0335
1085 +.444908017787E-0335
1086 +.106080196465E-0334
1087 +.110257607617E-0334
1088 +.362401971174E-0334
1089 +.547916744541E-0334
1090 +.158282127960E-0333
1091 +.213537383127E-0333
1092 +.652178872259E-0333
1093 +.109652985157E-0332
1094 +.282340580484E-0332
1095 +.187155396004E-0332
1096 +.715354701791E-0332
1097 +.223172392072E-0331
1098 +.203060319982E-0331
1099 +.383025958167E-0331
1100 +.575879223024E-0331
1101 +.147581781696E-0330
1102 +.779341352565E-0331
1103 +.311159269757E-0330
1104 +.938271118656E-0330
1105 +.558011030891E-0330
1106 +.128327421456E-0329
1107 +.150187096652E-0329
1108 +.458706572571E-0329
1109 +.413008479534E-0329
1110 +.150782786000E-0328
1111 +.456299710828E-0328
1112 +.290893173531E-0328
1113 +.652314435347E-0328
1114 +.784415569788E-0328
1115 +.236104947162E-0327
1116 +.186321328171E-0327
1117 +.702544955920E-0327
1118 +.227202143440E-0326
1119 +.284190405097E-0326
1120 +.404391829655E-0326
1121 +.794032970701E-0326
1122 +.140682881543E-0325
1123 +.307337167652E-0325
1124 +.427913455858E-0325
1125 +.121208119346E-0324
1126 +.429007474788E-0325
1127 +.188847212571E-0324
1128 +.691049463984E-0324
1129 +.184086199964E-0323
1130 +.317184265504E-0323
1131 +.286370173387E-0323
1132 +.682600640531E-0323
1133 +.710220154656E-0323
1134 +.233342000550E-0322
1135 +.351972662465E-0322
1136 +.101859631662E-0321
1137 +.138581306710E-0321
1138 +.421175529132E-0321
1139 +.694210766661E-0321
1140 +.182372580043E-0320
1141 +.140094015199E-0320
1142 +.519777431924E-0320
1143 +.155265329666E-0319
1144 +.819485499439E-0320
1145 +.197101974846E-0319
1146 +.218708137833E-0319
1147 +.685955586809E-0319
1148 +.759531422007E-0319
1149 +.259689311466E-0318
1150 +.661324445609E-0318
1151 +.555022494799E-0318
1152 +.119860049468E-0317
1153 +.183575400256E-0317
1154 +.471191887308E-0317
1155 +.246980034580E-0317
1156 +.988084881285E-0317
1157 +.299340541847E-0316
1158 +.190113617280E-0316
1159 +.426294446472E-0316
1160 +.514365968065E-0316
1161 +.154523821740E-0315
1162 +.119676662975E-0315
1163 +.453149943979E-0315
1164 +.147661340504E-0314
1165 +.195855890332E-0314
1166 +.256690315163E-0314
1167 +.531505936924E-0314
1168 +.836731393397E-0314
1169 +.210982960418E-0313
1170 +.133157632159E-0313
1171 +.511787621663E-0313
1172 +.143125056706E-0312
1173 +.318521136807E-0313
1174 +.105934658848E-0312
1175 +.102643977606E-0312
1176 +.340456902812E-0312
1177 +.527236562791E-0312
1178 +.149354029219E-0311
1179 +.183054883293E-0311
1180 +.587528265644E-0311
1181 +.118940824633E-0310
1182 +.234710002857E-0310
1183 +.165978516071E-0310
1184 +.600457850864E-0310
1185 +.133029084991E-0309
1186 +.215453364215E-0309
1187 +.268039062166E-0309
1188 +.784236618197E-0309
1189 +.461642308420E-0309
1190 +.184513354564E-0308
1191 +.646046359869E-0308
1192 +.136267513911E-0307
1193 +.568971410113E-0308
1194 +.163495346070E-0307
1195 +.817034686220E-0308
1196 +.324255874341E-0307
1197 +.917625136146E-0307
1198 +.113141363855E-0307
1199 +.498577183459E-0307
1200 +.461594734299E-0307
1201 +.154552796492E-0306
1202 +.248083311094E-0306
1203 +.681157669868E-0306
1204 +.706785119734E-0306
1205 +.242132620714E-0305
1206 +.601832354621E-0305
1207 +.593743724990E-0305
1208 +.119332671276E-0304
1209 +.209337793320E-0304
1210 +.459448897359E-0304
1211 +.629619992683E-0304
1212 +.180389033271E-0303
1213 +.785777706618E-0304
1214 +.332210836824E-0303
1215 +.120686216571E-0302
1216 +.309473160490E-0302
1217 +.453367238512E-0302
1218 +.612842909396E-0302
1219 +.120102829993E-0301
1220 +.214640782813E-0301
1221 +.462365397587E-0301
1222 +.673597668621E-0301
1223 +.184147472089E-0300
1224 +.202485061479E-0301
1225 +.127295715547E-0300
1226 +.455542582448E-0300
1227 +.111605166299E-0299
1228 +.131800631984E-0299
1229 +.235130422742E-0299
1230 +.348047757016E-0299
1231 +.905235026759E-0299
1232 +.392175723498E-0299
1233 +.163200495176E-0298
1234 +.521180938312E-0298
1235 +.586254994288E-0298
1236 +.937352018248E-0298
1237 +.167880004217E-0297
1238 +.349485554805E-0297
1239 +.556708105984E-0297
1240 +.139903970829E-0296
1241 +.911961392494E-0297
1242 +.347993963223E-0296
1243 +.956665734302E-0296
1244 +.334950473591E-0296
1245 +.946791868334E-0296
1246 +.983087593047E-0296
1247 +.319048152847E-0295
1248 +.441262953481E-0295
1249 +.135511499433E-0294
1250 +.238197511171E-0294
1251 +.583337765693E-0294
1252 +.242574674715E-0294
1253 +.100957098653E-0293
1254 +.330986177499E-0293
1255 +.463337548540E-0293
1256 +.554372768743E-0293
1257 +.120625776346E-0292
1258 +.166391722775E-0292
1259 +.469945919962E-0292
1260 +.155830746871E-0292
1261 +.695220497969E-0292
1262 +.254434357580E-0291
1263 +.678851000891E-0291
1264 +.117724345634E-0290
1265 +.103851354402E-0290
1266 +.249461332666E-0290
1267 +.252371911647E-0290
1268 +.838369640797E-0290
1269 +.134211302322E-0289
1270 +.369636829744E-0289
1271 +.390400824325E-0289
1272 +.132948190246E-0288
1273 +.324897134983E-0288
1274 +.352360973456E-0288
1275 +.672096163498E-0288
1276 +.128778559176E-0287
1277 +.244567602211E-0287
1278 +.481148108618E-0287
1279 +.884513631650E-0287
1280 +.184417450585E-0286
1281 +.295629715238E-0286
1282 +.738808879655E-0286
1283 +.506242587734E-0286
1284 +.190939378466E-0285
1285 +.509304106740E-0285
1286 +.287363052852E-0285
1287 +.704991544211E-0285
1288 +.854107101263E-0285
1289 +.258871005361E-0284
1290 +.218878985636E-0284
1291 +.812290497727E-0284
1292 +.254836584737E-0283
1293 +.244536942828E-0283
1294 +.445667871249E-0283
1295 +.697729159069E-0283
1296 +.171866022423E-0282
1297 +.130962865262E-0282
1298 +.480665194033E-0282
1299 +.118125374968E-0281
1300 +.127908594908E-0281
1301 +.243383981530E-0281
1302 +.468360457967E-0281
1303 +.881919597045E-0281
1304 +.176198610826E-0280
1305 +.313299210736E-0280
1306 +.687751400494E-0280
1307 +.943425164761E-0280
1308 +.270188947262E-0279
1309 +.116940565558E-0279
1310 +.494997495534E-0279
1311 +.179892954848E-0278
1312 +.462206187966E-0278
1313 +.683062720690E-0278
1314 +.908956610694E-0278
1315 +.180088057420E-0277
1316 +.314845002664E-0277
1317 +.700011661055E-0277
1318 +.916412340807E-0277
1319 +.270827684092E-0276
1320 +.180150441713E-0276
1321 +.704385150500E-0276
1322 +.241470347290E-0275
1323 +.450504701132E-0275
1324 +.168695701561E-0275
1325 +.513658430427E-0275
1326 +.228819156284E-0275
1327 +.935041993839E-0275
1328 +.279894313446E-0274
1329 +.150992395468E-0274
1330 +.359913185065E-0274
1331 +.404589471111E-0274
1332 +.126104893993E-0273
1333 +.133416885130E-0273
1334 +.463769061543E-0273
1335 +.123870490817E-0272
1336 +.656359893585E-0273
1337 +.164326208584E-0272
1338 +.191978871637E-0272
1339 +.592905868001E-0272
1340 +.587920171979E-0272
1341 +.208829354073E-0271
1342 +.591463893367E-0271
1343 +.629035683335E-0272
1344 +.301714775145E-0271
1345 +.274806332735E-0271
1346 +.923978888274E-0271
1347 +.150981216683E-0270
1348 +.407687508597E-0270
1349 +.383767606286E-0270
1350 +.135433801956E-0269
1351 +.363948404825E-0269
1352 +.177912212166E-0269
1353 +.455789213664E-0269
1354 +.516210046899E-0269
1355 +.161767755300E-0268
1356 +.178964939313E-0268
1357 +.612275190942E-0268
1358 +.156265162936E-0267
1359 +.129017861276E-0267
1360 +.280395463467E-0267
1361 +.424099561607E-0267
1362 +.110128150802E-0266
1363 +.497441810572E-0267
1364 +.205303460016E-0266
1365 +.650419348323E-0266
1366 +.680687164172E-0266
1367 +.116059833849E-0265
1368 +.195502414356E-0265
1369 +.442959667029E-0265
1370 +.534128634752E-0265
1371 +.165525641272E-0264
1372 +.171579951464E-0264
1373 +.601025244963E-0264
1374 +.164126730578E-0263
1375 +.616343937429E-0264
1376 +.170729818004E-0263
1377 +.178455243035E-0263
1378 +.578092897343E-0263
1379 +.791930635000E-0263
1380 +.244625747469E-0262
1381 +.440012335851E-0262
1382 +.104725808845E-0261
1383 +.299337275539E-0262
1384 +.134725582137E-0261
1385 +.440558691532E-0261
1386 +.611156138977E-0261
1387 +.743225069858E-0261
1388 +.160403276229E-0260
1389 +.226491186701E-0260
1390 +.628659019917E-0260
1391 +.132729352715E-0260
1392 +.661598005091E-0260
1393 +.240880102844E-0259
1394 +.632069589923E-0259
1395 +.102294897802E-0258
1396 +.111680813937E-0258
1397 +.247126650167E-0258
1398 +.328568704118E-0258
1399 +.950958755388E-0258
1400 +.481367241118E-0258
1401 +.197949037477E-0257
1402 +.710118296004E-0257
1403 +.170666494951E-0256
1404 +.182565193421E-0256
1405 +.353832843478E-0256
1406 +.459057763513E-0256
1407 +.132014536156E-0255
1408 +.605062692666E-0256
1409 +.253233818283E-0255
1410 +.914377461421E-0255
1411 +.227366287929E-0254
1412 +.288926995499E-0254
1413 +.477787248811E-0254
1414 +.779565207266E-0254
1415 +.183790364765E-0253
1416 +.183744060497E-0253
1417 +.619505530887E-0253
1418 +.108057938364E-0252
1419 +.272680044153E-0252
1420 +.158201258856E-0252
1421 +.619537624618E-0252
1422 +.197741212250E-0251
1423 +.222726448273E-0251
1424 +.356121123175E-0251
1425 +.637473272839E-0251
1426 +.132816980741E-0250
1427 +.211097077664E-0250
1428 +.531740806141E-0250
1429 +.339160092453E-0250
1430 +.130063136663E-0249
1431 +.361912355483E-0249
1432 +.942368995568E-0250
1433 +.294885029057E-0249
1434 +.291132472992E-0249
1435 +.960644876928E-0249
1436 +.145149037515E-0248
1437 +.419341851721E-0248
1438 +.565787962864E-0248
1439 +.172791746221E-0247
1440 +.290458796267E-0247
1441 +.748054460786E-0247
1442 +.496714054388E-0247
1443 +.189794359596E-0246
1444 +.591876125379E-0246
1445 +.536380847882E-0246
1446 +.101427347356E-0245
1447 +.152036007984E-0245
1448 +.390716095682E-0245
1449 +.199642097257E-0245
1450 +.802629706411E-0245
1451 +.244789666208E-0244
1452 +.169977616838E-0244
1453 +.367466651375E-0244
1454 +.464417461383E-0244
1455 +.135769213468E-0243
1456 +.777350214426E-0244
1457 +.312445649430E-0243
1458 +.110122229677E-0242
1459 +.240876310078E-0242
1460 +.140145764310E-0242
1461 +.362429927868E-0242
1462 +.231662014843E-0242
1463 +.869571428527E-0242
1464 +.218802247641E-0241
1465 +.204966943397E-0241
1466 +.421243536931E-0241
1467 +.710320942933E-0241
1468 +.164237903481E-0240
1469 +.183011768850E-0240
1470 +.590180380483E-0240
1471 +.805853928938E-0240
1472 +.249563097105E-0239
1473 +.453616141698E-0239
1474 +.106494365388E-0238
1475 +.240620310827E-0239
1476 +.114961601649E-0238
1477 +.372864976455E-0238
1478 +.490540818379E-0238
1479 +.650390223753E-0238
1480 +.133767098906E-0237
1481 +.214018441965E-0237
1482 +.530655265417E-0237
1483 +.387716328708E-0237
1484 +.143934280788E-0236
1485 +.366849209157E-0236
1486 +.316564824904E-0236
1487 +.674156307448E-0236
1488 +.106299082874E-0235
1489 +.265103631515E-0235
1490 +.184934627733E-0235
1491 +.694339737803E-0235
1492 +.182802019842E-0234
1493 +.119330807498E-0234
1494 +.280253435542E-0234
1495 +.365808685865E-0234
1496 +.106202635664E-0233
1497 +.556062230698E-0234
1498 +.227245022733E-0233
1499 +.811848680743E-0233
1500 +.190940468018E-0232
1501 +.181221427356E-0232
1502 +.380245587779E-0232
1503 +.421497602366E-0232
1504 +.132315600374E-0231
1505 +.148216141590E-0231
1506 +.504449232663E-0231
1507 +.126702015721E-0230
1508 +.116990688537E-0230
1509 +.242720874594E-0230
1510 +.401672230737E-0230
1511 +.950259666565E-0230
1512 +.944485314291E-0230
1513 +.319352534317E-0229
1514 +.565235103725E-0229
1515 +.140182466372E-0228
1516 +.693497532765E-0229
1517 +.279461811336E-0228
1518 +.907178737674E-0228
1519 +.117508006593E-0227
1520 +.159412536080E-0227
1521 +.323201237687E-0227
1522 +.534603451953E-0227
1523 +.127720212143E-0226
1524 +.120114196897E-0226
1525 +.414309238276E-0226
1526 +.804544184735E-0226
1527 +.174844839862E-0225
1528 +.601357692216E-0226
1529 +.255978284874E-0225
1530 +.751518027806E-0225
1531 +.294658316679E-0225
1532 +.784823696821E-0225
1533 +.803481815369E-0225
1534 +.260927035485E-0224
1535 +.360950451744E-0224
1536 +.110808388037E-0223
1537 +.194460591911E-0223
1538 +.477147350482E-0223
1539 +.202739164128E-0223
1540 +.840370520102E-0223
1541 +.275358575375E-0222
1542 +.383707455889E-0222
1543 +.462945168169E-0222
1544 +.100311799471E-0221
1545 +.140048957495E-0221
1546 +.392059119042E-0221
1547 +.105795547022E-0221
1548 +.494475937373E-0221
1549 +.180849627163E-0220
1550 +.482683324474E-0220
1551 +.838190855453E-0220
1552 +.735755402931E-0220
1553 +.177022530257E-0219
1554 +.178027286218E-0219
1555 +.592742969194E-0219
1556 +.960179735685E-0219
1557 +.261594292332E-0218
1558 +.259737864293E-0218
1559 +.902395880661E-0218
1560 +.233028688211E-0217
1561 +.175433311383E-0217
1562 +.394202885160E-0217
1563 +.558180420352E-0217
1564 +.153168803897E-0216
1565 +.200066782730E-0217
1566 +.117163107729E-0216
1567 +.420897139732E-0216
1568 +.104619934355E-0215
1569 +.132675287214E-0215
1570 +.219919587037E-0215
1571 +.357831915074E-0215
1572 +.846292134636E-0215
1573 +.831907842410E-0215
1574 +.282257092660E-0214
1575 +.507646255341E-0214
1576 +.123403010576E-0213
1577 +.492967522367E-0214
1578 +.206656871333E-0213
1579 +.676807737561E-0213
1580 +.941013722070E-0213
1581 +.113987753150E-0212
1582 +.246494160001E-0212
1583 +.346119494579E-0212
1584 +.964781209183E-0212
1585 +.231690442558E-0212
1586 +.111502869515E-0211
1587 +.407077773680E-0211
1588 +.107948975981E-0210
1589 +.182560592639E-0210
1590 +.175512098645E-0210
1591 +.409172589465E-0210
1592 +.460392508561E-0210
1593 +.146216043769E-0209
1594 +.179473564715E-0209
1595 +.587839463329E-0209
1596 +.130782958621E-0208
1597 +.205175623601E-0208
1598 +.271469728389E-0208
1599 +.764554736680E-0208
1600 +.244663926682E-0208
1601 +.109892549765E-0207
1602 +.400738255960E-0207
1603 +.105141107454E-0206
1604 +.170086626960E-0206
1605 +.185901993801E-0206
1606 +.411152153131E-0206
1607 +.547476444357E-0206
1608 +.158293992593E-0205
1609 +.789676684029E-0206
1610 +.325593101446E-0205
1611 +.116975109029E-0204
1612 +.283300273695E-0204
1613 +.315557028269E-0204
1614 +.592546244654E-0204
1615 +.811325177304E-0204
1616 +.224757020499E-0203
1617 +.448663871792E-0204
1618 +.227204046282E-0203
1619 +.824208676556E-0203
1620 +.212727419772E-0202
1621 +.320681245101E-0202
1622 +.411031930521E-0202
1623 +.834609798606E-0202
1624 +.138455016299E-0201
1625 +.329240142183E-0201
1626 +.317996480768E-0201
1627 +.108665818826E-0200
1628 +.202264990798E-0200
1629 +.469335364870E-0200
1630 +.903384613452E-0201
1631 +.452086239866E-0200
1632 +.145371671999E-0199
1633 +.180050528424E-0199
1634 +.259222948326E-0199
1635 +.504911053478E-0199
1636 +.909088750264E-0199
1637 +.193909559504E-0198
1638 +.291105694218E-0198
1639 +.775545440217E-0198
1640 +.220559099642E-0198
1641 +.101003205742E-0197
1642 +.345951223776E-0197
1643 +.648249796889E-0197
1644 +.231359051814E-0197
1645 +.713821899943E-0197
1646 +.311787131768E-0197
1647 +.127914349501E-0196
1648 +.384388050261E-0196
1649 +.220319827016E-0196
1650 +.513742786410E-0196
1651 +.591574321053E-0196
1652 +.182201680864E-0195
1653 +.175843566531E-0195
1654 +.629558779845E-0195
1655 +.181848353633E-0194
1656 +.465986380822E-0195
1657 +.145280904641E-0194
1658 +.138765215316E-0194
1659 +.461991258151E-0194
1660 +.729111085666E-0194
1661 +.203236751637E-0193
1662 +.229090777177E-0193
1663 +.761858735389E-0193
1664 +.173410377584E-0192
1665 +.253260153572E-0192
1666 +.371521515812E-0192
1667 +.968690430975E-0192
1668 +.393932666360E-0192
1669 +.166083865624E-0191
1670 +.536965317390E-0191
1671 +.670252459057E-0191
1672 +.954605097238E-0191
1673 +.187407290174E-0190
1674 +.332134611998E-0190
1675 +.725293911359E-0190
1676 +.101119776319E-0189
1677 +.286141617657E-0189
1678 +.992659750883E-0190
1679 +.438767779751E-0189
1680 +.160606428331E-0188
1681 +.428573992133E-0188
1682 +.743666649662E-0188
1683 +.654586248032E-0188
1684 +.157351747549E-0187
1685 +.158767049854E-0187
1686 +.527952676265E-0187
1687 +.849666165702E-0187
1688 +.232885972572E-0186
1689 +.239391883180E-0186
1690 +.822644276376E-0186
1691 +.206230887749E-0185
1692 +.192977946369E-0185
1693 +.397868575791E-0185
1694 +.666257229042E-0185
1695 +.155403245965E-0184
1696 +.166113617459E-0184
1697 +.545612271708E-0184
1698 +.829876430842E-0184
1699 +.238709259992E-0183
1700 +.315636640913E-0183
1701 +.974976795842E-0183
1702 +.171414783287E-0182
1703 +.419923502185E-0182
1704 +.175508239283E-0182
1705 +.729738950408E-0182
1706 +.239198622155E-0181
1707 +.334351403458E-0181
1708 +.401132018856E-0181
1709 +.871641372250E-0181
1710 +.120707089685E-0180
1711 +.339946496740E-0180
1712 +.105929656987E-0180
1713 +.478973612350E-0180
1714 +.175335172280E-0179
1715 +.468806524482E-0179
1716 +.820062996215E-0179
1717 +.700316869811E-0179
1718 +.169987334578E-0178
1719 +.165475858349E-0178
1720 +.557627507391E-0178
1721 +.959652059441E-0178
1722 +.245788214961E-0177
1723 +.161079150615E-0177
1724 +.616770774013E-0177
1725 +.192580605908E-0176
1726 +.176757844551E-0176
1727 +.331597006317E-0176
1728 +.501861665490E-0176
1729 +.127819590736E-0175
1730 +.723058416768E-0176
1731 +.284496712377E-0175
1732 +.835427154721E-0175
1733 +.310297627676E-0175
1734 +.841953076844E-0175
1735 +.853736706633E-0175
1736 +.278272539536E-0174
1737 +.393057491306E-0174
1738 +.119083705647E-0173
1739 +.198120228008E-0173
1740 +.515387253449E-0173
1741 +.368764154224E-0173
1742 +.138857785802E-0172
1743 +.424666224363E-0172
1744 +.310130743854E-0172
1745 +.656662545104E-0172
1746 +.850915871945E-0172
1747 +.244848895564E-0171
1748 +.112280992746E-0171
1749 +.469920976951E-0171
1750 +.169736508778E-0170
1751 +.422772849442E-0170
1752 +.541600015394E-0170
1753 +.887329424939E-0170
1754 +.146327777944E-0169
1755 +.340744264478E-0169
1756 +.362696314901E-0169
1757 +.119261461592E-0168
1758 +.182424928046E-0168
1759 +.522383615145E-0168
1760 +.675893431815E-0168
1761 +.211224349261E-0167
1762 +.388266883887E-0167
1763 +.898290798011E-0167
1764 +.147679424205E-0167
1765 +.778170863463E-0167
1766 +.248990247801E-0166
1767 +.298502702680E-0166
1768 +.446798012511E-0166
1769 +.845317876105E-0166
1770 +.160772443673E-0165
1771 +.312791835597E-0165
1772 +.587751872824E-0165
1773 +.118046506947E-0164
1774 +.207504577342E-0164
1775 +.463097184861E-0164
1776 +.598755439937E-0164
1777 +.178385853141E-0163
1778 +.129655486036E-0163
1779 +.497994799777E-0163
1780 +.166433222250E-0162
1781 +.264302439861E-0162
1782 +.234518524033E-0162
1783 +.573336173450E-0162
1784 +.523611972569E-0162
1785 +.180540783152E-0161
1786 +.345821558360E-0161
1787 +.768007267182E-0161
1788 +.196673426654E-0161
1789 +.901440101909E-0161
1790 +.274923090090E-0160
1791 +.200146820355E-0160
1792 +.424020268101E-0160
1793 +.549828667288E-0160
1794 +.158140087604E-0159
1795 +.720008507446E-0160
1796 +.301737975335E-0159
1797 +.109043685837E-0158
1798 +.272313621668E-0158
1799 +.353237935436E-0158
1800 +.570222977140E-0158
1801 +.955911183485E-0158
1802 +.218234883599E-0157
1803 +.254256952980E-0157
1804 +.802050963722E-0157
1805 +.947453906544E-0157
1806 +.315801285267E-0156
1807 +.744213784950E-0156
1808 +.954350096202E-0156
1809 +.160988316146E-0155
1810 +.365255688327E-0155
1811 +.431727755715E-0155
1812 +.135135443040E-0154
1813 +.151008500429E-0154
1814 +.514864187207E-0154
1815 +.130133812820E-0153
1816 +.115208578940E-0153
1817 +.243453089276E-0153
1818 +.389015598983E-0153
1819 +.957037109350E-0153
1820 +.743438198437E-0153
1821 +.271614321079E-0152
1822 +.658192601845E-0152
1823 +.765807445559E-0152
1824 +.138994781284E-0151
1825 +.286998383493E-0151
1826 +.461591742331E-0151
1827 +.114757515375E-0150
1828 +.821099869610E-0151
1829 +.306454592122E-0150
1830 +.793653151471E-0150
1831 +.604096706986E-0150
1832 +.134900444591E-0149
1833 +.193859420925E-0149
1834 +.525730748480E-0149
1835 +.886058869958E-0150
1836 +.472205446526E-0149
1837 +.167046316242E-0148
1838 +.380814300244E-0148
1839 +.298844407474E-0148
1840 +.690484437633E-0148
1841 +.604079509180E-0148
1842 +.208035928553E-0147
1843 +.389342936074E-0147
1844 +.894915332724E-0147
1845 +.135895451773E-0147
1846 +.736123637079E-0147
1847 +.234297403252E-0146
1848 +.270009100995E-0146
1849 +.421814535581E-0146
1850 +.770701699547E-0146
1851 +.155529675107E-0145
1852 +.267640786523E-0145
1853 +.614133425514E-0145
1854 +.709072599444E-0145
1855 +.224902474960E-0144
1856 +.275991012516E-0144
1857 +.904336953449E-0144
1858 +.201532884928E-0143
1859 +.314590290575E-0143
1860 +.419611368379E-0143
1861 +.117539250214E-0142
1862 +.332736158404E-0143
1863 +.153628785688E-0142
1864 +.560016824912E-0142
1865 +.146965311086E-0141
1866 +.237979631996E-0141
1867 +.259443103988E-0141
1868 +.574470580670E-0141
1869 +.762310794607E-0141
1870 +.220915246422E-0140
1871 +.113898013362E-0140
1872 +.466816713566E-0140
1873 +.167134811633E-0139
1874 +.397564990669E-0139
1875 +.402166482372E-0139
1876 +.810798539132E-0139
1877 +.976858986548E-0139
1878 +.293768751252E-0138
1879 +.231196770236E-0138
1880 +.872195303415E-0138
1881 +.282264843828E-0137
1882 +.355029419827E-0137
1883 +.501577631601E-0137
1884 +.989799941433E-0137
1885 +.173580944025E-0136
1886 +.384776214593E-0136
1887 +.509266516765E-0136
1888 +.149441230209E-0135
1889 +.914277783726E-0136
1890 +.363230086281E-0135
1891 +.126850940335E-0134
1892 +.263644449189E-0134
1893 +.934255927478E-0135
1894 +.282780093978E-0134
1895 +.129927976355E-0134
1896 +.525177378665E-0134
1897 +.152786143463E-0133
1898 +.466028682740E-0134
1899 +.135738144937E-0133
1900 +.133252232348E-0133
1901 +.439503927554E-0133
1902 +.661648450592E-0133
1903 +.191659450659E-0132
1904 +.261796852494E-0132
1905 +.793781041767E-0132
1906 +.129586027943E-0131
1907 +.343606272387E-0131
1908 +.281152159603E-0131
1909 +.102856700595E-0130
1910 +.299454017743E-0130
1911 +.952797062046E-0131
1912 +.273540083335E-0130
1913 +.268416928645E-0130
1914 +.885715082022E-0130
1915 +.133746821310E-0129
1916 +.386517857710E-0129
1917 +.522172569116E-0129
1918 +.159353406937E-0128
1919 +.267073496081E-0128
1920 +.689949267566E-0128
1921 +.469114449463E-0128
1922 +.178432409011E-0127
1923 +.553283108601E-0127
1924 +.472535357686E-0127
1925 +.925190662487E-0127
1926 +.132796830333E-0126
1927 +.354446593894E-0126
1928 +.960681170518E-0127
1929 +.445016450561E-0126
1930 +.152709077566E-0125
1931 +.289747094251E-0125
1932 +.898538163133E-0126
1933 +.288687427909E-0125
1934 +.120649788928E-0125
1935 +.499345776950E-0125
1936 +.151134202492E-0124
1937 +.961753619257E-0125
1938 +.215516790847E-0124
1939 +.260181819178E-0124
1940 +.781396276230E-0124
1941 +.603441749851E-0124
1942 +.228635657726E-0123
1943 +.745859528209E-0123
1944 +.997746903819E-0123
1945 +.129048783722E-0122
1946 +.269285041837E-0122
1947 +.415902584461E-0122
1948 +.106873770191E-0121
1949 +.551036459514E-0122
1950 +.221238009893E-0121
1951 +.674361295544E-0121
1952 +.464676863636E-0121
1953 +.100784900363E-0120
1954 +.126840533272E-0120
1955 +.371770106636E-0120
1956 +.219872084872E-0120
1957 +.878488070243E-0120
1958 +.307959481211E-0119
1959 +.653861360129E-0119
1960 +.291884937062E-0119
1961 +.821424650776E-0119
1962 +.427658872815E-0119
1963 +.168205264606E-0118
1964 +.468719026504E-0118
1965 +.113353461353E-0118
1966 +.364817925886E-0118
1967 +.356578837343E-0118
1968 +.118006062288E-0117
1969 +.180878087461E-0117
1970 +.516693451286E-0117
1971 +.660207384821E-0117
1972 +.207661169771E-0116
1973 +.391028433792E-0116
1974 +.873824605558E-0116
1975 +.213553575831E-0116
1976 +.991762458033E-0116
1977 +.304266789236E-0115
1978 +.238196456599E-0115
1979 +.487719452197E-0115
1980 +.661340476623E-0115
1981 +.184456795613E-0114
1982 +.445940649633E-0115
1983 +.214152714307E-0114
1984 +.780454955313E-0114
1985 +.205178914646E-0113
1986 +.334727523522E-0113
1987 +.357766275487E-0113
1988 +.799228699402E-0113
1989 +.103273221808E-0112
1990 +.304430507389E-0112
1991 +.195377291648E-0112
1992 +.769071316229E-0112
1993 +.265699655314E-0111
1994 +.519079703315E-0111
1995 +.102525083061E-0111
1996 +.385277026997E-0111
1997 +.148897849746E-0111
1998 +.625511366646E-0111
1999 +.190384117882E-0110
2000 +.131036545418E-0110
2001 +.284391414241E-0110
2002 +.357525338257E-0110
2003 +.104860914382E-0109
2004 +.625303390422E-0110
2005 +.249455663787E-0109
2006 +.873203224888E-0109
2007 +.183891294481E-0108
2008 +.755242512093E-0109
2009 +.218145043424E-0108
2010 +.107984543293E-0108
2011 +.429447154605E-0108
2012 +.121942732296E-0107
2013 +.139613461532E-0108
2014 +.640969048606E-0108
2015 +.590203500684E-0108
2016 +.197784470721E-0107
2017 +.318267697140E-0107
2018 +.871853623262E-0107
2019 +.892915562442E-0107
2020 +.307209316487E-0106
2021 +.772713812450E-0106
2022 +.707638470360E-0106
2023 +.147326879752E-0105
2024 +.242228167843E-0105
2025 +.577395633671E-0105
2026 +.550366457843E-0105
2027 +.188933109555E-0104
2028 +.359076521002E-0104
2029 +.807748647851E-0104
2030 +.163066715600E-0104
2031 +.800853052010E-0104
2032 +.248774329845E-0103
2033 +.225364859908E-0103
2034 +.425956286205E-0103
2035 +.639285044022E-0103
2036 +.164101197544E-0102
2037 +.850072239235E-0103
2038 +.340776078712E-0102
2039 +.103451747923E-0101
2040 +.676044688882E-0102
2041 +.149876923791E-0101
2042 +.183423398552E-0101
2043 +.546615840461E-0101
2044 +.390325485378E-0101
2045 +.150371790479E-0100
2046 +.504106852703E-0100
2047 +.817187483627E-0100
2048 +.678141706554E-0100
2049 +.169139855084E-0099
2050 +.142011047722E-0099
2051 +.502490619947E-0099
2052 +.106961403540E-0098
2053 +.193238421918E-0098
2054 +.186601722336E-0098
2055 +.614049353212E-0098
2056 +.915892272862E-0098
2057 +.266944655228E-0097
2058 +.374914696792E-0097
2059 +.111748699043E-0096
2060 +.169786783077E-0096
2061 +.479000693339E-0096
2062 +.562324470395E-0096
2063 +.184035704151E-0095
2064 +.398208990246E-0095
2065 +.675771470934E-0095
2066 +.770972874575E-0095
2067 +.236359188328E-0094
2068 +.221324218909E-0094
2069 +.798901171396E-0094
2070 +.235219994728E-0093
2071 +.960399024017E-0094
2072 +.252533054099E-0093
2073 +.259407253258E-0093
2074 +.841402604467E-0093
2075 +.115630022856E-0092
2076 +.356405926373E-0092
2077 +.635505056497E-0092
2078 +.152937246894E-0091
2079 +.512923140445E-0092
2080 +.222803142478E-0091
2081 +.731033758044E-0091
2082 +.103452475869E-0090
2083 +.121274339083E-0090
2084 +.266528121823E-0090
2085 +.356951779988E-0090
2086 +.102917470956E-0089
2087 +.492943131025E-0090
2088 +.204760250405E-0089
2089 +.738422335695E-0089
2090 +.182369325755E-0088
2091 +.224213003386E-0088
2092 +.384357591022E-0088
2093 +.600293340938E-0088
2094 +.148364970657E-0087
2095 +.109710420325E-0087
2096 +.405766663585E-0087
2097 +.102132929792E-0086
2098 +.960229110438E-0087
2099 +.196971972599E-0086
2100 +.333328735396E-0086
2101 +.767275394541E-0086
2102 +.872555368424E-0086
2103 +.278717756531E-0085
2104 +.358339725924E-0085
2105 +.114752637101E-0084
2106 +.236240278582E-0084
2107 +.450224759160E-0084
2108 +.368730518513E-0084
2109 +.128151632573E-0083
2110 +.246222910023E-0083
2111 +.542981250600E-0083
2112 +.155360141047E-0083
2113 +.691657604702E-0083
2114 +.208476454411E-0082
2115 +.129301133414E-0082
2116 +.292751991978E-0082
2117 +.348774610994E-0082
2118 +.105516159484E-0081
2119 +.873390047693E-0082
2120 +.325694893969E-0081
2121 +.103121272292E-0080
2122 +.107830098752E-0080
2123 +.184288040855E-0080
2124 +.309418137582E-0080
2125 +.703968184320E-0080
2126 +.834435783721E-0080
2127 +.260938899340E-0079
2128 +.289625180118E-0079
2129 +.990054341826E-0079
2130 +.252193261287E-0078
2131 +.211242378507E-0078
2132 +.456540170750E-0078
2133 +.698167088756E-0078
2134 +.179458351945E-0077
2135 +.924785728356E-0078
2136 +.371300727181E-0077
2137 +.113146414960E-0076
2138 +.776988276897E-0077
2139 +.168766928960E-0076
2140 +.212001492106E-0076
2141 +.622086245278E-0076
2142 +.373100630736E-0076
2143 +.148684267687E-0075
2144 +.519917002487E-0075
2145 +.108853619323E-0074
2146 +.419664761114E-0075
2147 +.123651799662E-0074
2148 +.591541150233E-0075
2149 +.237011855030E-0074
2150 +.680863298123E-0074
2151 +.139210079926E-0074
2152 +.476505228282E-0074
2153 +.450464891125E-0074
2154 +.150284401658E-0073
2155 +.238859275552E-0073
2156 +.661693467463E-0073
2157 +.721329897538E-0073
2158 +.242918009556E-0072
2159 +.574558592188E-0072
2160 +.726318332903E-0072
2161 +.124037027300E-0071
2162 +.277318422782E-0071
2163 +.347563922026E-0071
2164 +.105352962457E-0070
2165 +.906404161262E-0071
2166 +.335042419778E-0070
2167 +.104302293107E-0069
2168 +.926630813347E-0070
2169 +.177397256323E-0069
2170 +.261841989703E-0069
2171 +.682354159043E-0069
2172 +.289567088886E-0069
2173 +.121037335752E-0068
2174 +.388514078724E-0068
2175 +.456656260624E-0068
2176 +.698007408324E-0068
2177 +.129903591370E-0067
2178 +.254274942990E-0067
2179 +.467740943479E-0067
2180 +.973013513675E-0067
2181 +.156883785358E-0066
2182 +.389620735257E-0066
2183 +.281358258334E-0066
2184 +.104773971459E-0065
2185 +.269584262207E-0065
2186 +.216470426296E-0065
2187 +.474138139282E-0065
2188 +.707733499160E-0065
2189 +.185923176402E-0064
2190 +.702925166150E-0065
2191 +.301308514899E-0064
2192 +.991708565927E-0064
2193 +.141993205458E-0063
2194 +.162502955325E-0063
2195 +.361228806592E-0063
2196 +.467113866602E-0063
2197 +.137777693571E-0062
2198 +.891169514155E-0063
2199 +.350274714395E-0062
2200 +.120804483760E-0061
2201 +.233627953940E-0061
2202 +.555466602430E-0062
2203 +.194651840429E-0061
2204 +.770807996781E-0062
2205 +.322365015858E-0061
2206 +.980794398138E-0061
2207 +.670810549105E-0061
2208 +.145974337424E-0060
2209 +.182888218798E-0060
2210 +.537518367497E-0060
2211 +.328694514605E-0060
2212 +.130515257601E-0059
2213 +.454716110602E-0059
2214 +.932555006672E-0059
2215 +.278764096343E-0059
2216 +.892748361345E-0059
2217 +.384098885892E-0059
2218 +.157492814226E-0058
2219 +.466577727021E-0058
2220 +.212095847880E-0058
2221 +.536756805302E-0058
2222 +.570384941018E-0058
2223 +.182402011927E-0057
2224 +.229978479500E-0057
2225 +.743207203891E-0057
2226 +.157861564379E-0056
2227 +.280426658535E-0056
2228 +.286770527539E-0056
2229 +.923250987046E-0056
2230 +.121696395770E-0055
2231 +.383974353598E-0055
2232 +.747962555391E-0055
2233 +.158248319099E-0054
2234 +.730740444186E-0055
2235 +.291346242840E-0054
2236 +.800653775308E-0054
2237 +.270810905076E-0054
2238 +.774208466701E-0054
2239 +.797017898572E-0054
2240 +.259478112206E-0053
2241 +.365351695129E-0053
2242 +.110941166965E-0052
2243 +.186338732956E-0052
2244 +.480038746215E-0052
2245 +.319139999622E-0052
2246 +.121916576819E-0051
2247 +.380114057094E-0051
2248 +.343695447698E-0051
2249 +.650819752162E-0051
2250 +.973899333100E-0051
2251 +.250673009298E-0050
2252 +.125677621512E-0050
2253 +.507280512422E-0050
2254 +.155673002325E-0049
2255 +.116712775360E-0049
2256 +.243845094095E-0049
2257 +.322221022285E-0049
2258 +.915149878328E-0049
2259 +.335339887969E-0049
2260 +.146497525004E-0048
2261 +.534405930473E-0048
2262 +.140155603526E-0047
2263 +.226348138992E-0047
2264 +.248475094279E-0047
2265 +.548444261889E-0047
2266 +.734598634958E-0047
2267 +.211560744538E-0046
2268 +.994786068433E-0047
2269 +.414607573176E-0046
2270 +.149736739279E-0045
2271 +.372594643725E-0045
2272 +.475086231991E-0045
2273 +.782586410371E-0045
2274 +.128260954076E-0044
2275 +.300833729829E-0044
2276 +.308921562569E-0044
2277 +.103080785930E-0043
2278 +.170614860659E-0043
2279 +.455480672683E-0043
2280 +.399909225146E-0043
2281 +.143772119470E-0042
2282 +.403358181167E-0042
2283 +.718254946418E-0043
2284 +.263282425202E-0042
2285 +.247831866740E-0042
2286 +.828652697374E-0042
2287 +.133156864052E-0041
2288 +.365281381224E-0041
2289 +.377146343861E-0041
2290 +.129415846877E-0040
2291 +.323144749855E-0040
2292 +.310061930374E-0040
2293 +.631761340724E-0040
2294 +.108122864839E-0039
2295 +.245370692732E-0039
2296 +.296622630563E-0039
2297 +.918571513440E-0039
2298 +.947178105905E-0039
2299 +.332373590519E-0038
2300 +.912042456057E-0038
2301 +.310885963262E-0038
2302 +.887809603730E-0038
2303 +.908183638244E-0038
2304 +.296494032037E-0037
2305 +.424342094080E-0037
2306 +.127479550503E-0036
2307 +.204785957734E-0036
2308 +.550926277147E-0036
2309 +.494317152805E-0036
2310 +.176803321648E-0035
2311 +.490815347163E-0035
2312 +.126074449395E-0035
2313 +.397032903448E-0035
2314 +.387970612976E-0035
2315 +.128515478027E-0034
2316 +.198235293827E-0034
2317 +.563400655800E-0034
2318 +.702000930689E-0034
2319 +.223568574694E-0033
2320 +.440384664474E-0033
2321 +.914483598647E-0033
2322 +.485050613854E-0033
2323 +.187637138060E-0032
2324 +.490862732515E-0032
2325 +.335555791022E-0032
2326 +.776969717178E-0032
2327 +.104066449799E-0031
2328 +.297123252357E-0031
2329 +.119917309296E-0031
2330 +.514218289989E-0031
2331 +.187292410050E-0030
2332 +.486893155812E-0030
2333 +.757329527696E-0030
2334 +.909434159104E-0030
2335 +.191873508799E-0029
2336 +.290651371329E-0029
2337 +.759764455412E-0029
2338 +.310072575382E-0029
2339 +.130752797205E-0028
2340 +.424223313645E-0028
2341 +.544250049609E-0028
2342 +.747383121054E-0028
2343 +.150389233033E-0027
2344 +.252975998517E-0027
2345 +.592303959853E-0027
2346 +.621185701795E-0027
2347 +.205685257686E-0026
2348 +.327057927323E-0026
2349 +.906596125050E-0026
2350 +.992546779079E-0026
2351 +.333728272147E-0025
2352 +.785617473718E-0025
2353 +.101280715245E-0024
2354 +.169992092376E-0024
2355 +.387957605968E-0024
2356 +.447265856606E-0024
2357 +.141765823045E-0023
2358 +.173024962764E-0023
2359 +.568360999783E-0023
2360 +.127710212097E-0022
2361 +.194347548040E-0022
2362 +.269518499659E-0022
2363 +.734485559805E-0022
2364 +.880038852657E-0023
2365 +.532988924216E-0022
2366 +.189590780154E-0021
2367 +.449358486834E-0021
2368 +.445457522920E-0021
2369 +.910066207770E-0021
2370 +.106749401158E-0020
2371 +.325733413186E-0020
2372 +.292585677643E-0020
2373 +.106873915517E-0019
2374 +.323738381130E-0019
2375 +.209105736603E-0019
2376 +.466476652526E-0019
2377 +.564628800380E-0019
2378 +.169328882628E-0018
2379 +.128945570440E-0018
2380 +.490058648471E-0018
2381 +.160723675955E-0017
2382 +.223710093003E-0017
2383 +.270636344840E-0017
2384 +.585551439824E-0017
2385 +.821008605945E-0017
2386 +.229101822758E-0016
2387 +.567538676333E-0017
2388 +.270951877553E-0016
2389 +.989745419462E-0016
2390 +.263001675984E-0015
2391 +.448567373934E-0015
2392 +.419434411745E-0015
2393 +.987715635323E-0015
2394 +.107314137823E-0014
2395 +.346238408727E-0014
2396 +.469961901570E-0014
2397 +.146008284878E-0013
2398 +.268620171708E-0013
2399 +.620360164787E-0013
2400 +.969676742462E-0014
2401 +.520022216313E-0013
2402 +.166038985391E-0012
2403 +.196127354118E-0012
2404 +.298470648613E-0012
2405 +.557316703712E-0012
2406 +.108475354119E-0011
2407 +.201847041894E-0011
2408 +.411897881481E-0011
2409 +.697299128472E-0011
2410 +.163597782852E-0010
2411 +.170052660364E-0010
2412 +.565221436696E-0010
2413 +.917337676768E-0010
2414 +.249589199755E-0009
2415 +.245996398046E-0009
2416 +.856572858152E-0009
2417 +.222500087632E-0008
2418 +.159135515124E-0008
2419 +.363815405184E-0008
2420 +.497980007805E-0008
2421 +.140103412365E-0007
2422 +.420952546566E-0008
2423 +.191868806391E-0007
2424 +.702041005135E-0007
2425 +.187408978379E-0006
2426 +.325697220166E-0006
2427 +.285058319634E-0006
2428 +.686503016561E-0006
2429 +.687987659701E-0006
2430 +.229369869279E-0005
2431 +.374106493160E-0005
2432 +.101267338566E-0004
2433 +.967960339228E-0005
2434 +.340114414254E-0004
2435 +.904177962317E-0004
2436 +.508559575343E-0004
2437 +.125125006419E-0003
2438 +.150167666775E-0003
2439 +.457531584162E-0003
2440 +.405438074043E-0003
2441 +.148689447016E-0002
2442 +.454791251235E-0002
2443 +.332130101134E-0002
2444 +.703408875125E-0002
2445 +.910860268979E-0002
2446 +.262212186989E-0001
2447 +.121081287103E-0001
2448 +.506022515399E-0001
2449 +.182570457466E+0000
2450 +.452599827458E+0000
2451 +.581445902450E+0000
2452 +.835505927207E+0000
2453 +.134035548174E+0001
2454 +.251568552772E+0001
