0 +.122197454540E-0149
1 +.378812109074E-0149
2 +.460928798525E-0149
3 +.150232991692E-0148
4 +.325483489008E-0148
5 +.550253596032E-0148
6 +.633121319508E-0148
7 +.193283031277E-0147
8 +.174787355282E-0147
9 +.637018364850E-0147
10 +.191832287394E-0146
11 +.114251579509E-0146
12 +.263006465853E-0146
13 +.306302963183E-0146
14 +.937958409766E-0146
15 +.863449079093E-0146
16 +.313340250906E-0145
17 +.935168536183E-0145
18 +.486248645161E-0145
19 +.117596847592E-0144
20 +.129672555150E-0144
21 +.407902915117E-0144
22 +.461132438689E-0144
23 +.156402319200E-0143
24 +.388809817407E-0143
25 +.382804276142E-0143
26 +.770321984710E-0143
27 +.134828318865E-0142
28 +.296859190740E-0142
29 +.402375507746E-0142
30 +.116174975035E-0141
31 +.571180390504E-0142
32 +.236170422266E-0141
33 +.850275751855E-0141
34 +.208173991126E-0140
35 +.245108472407E-0140
36 +.438475703022E-0140
37 +.646526451191E-0140
38 +.168733643545E-0139
39 +.694562540688E-0140
40 +.292182416219E-0139
41 +.943814859166E-0139
42 +.116925209341E-0138
43 +.168120343643E-0138
44 +.327837530534E-0138
45 +.588915372241E-0138
46 +.126056256856E-0137
47 +.187269680443E-0137
48 +.503542951538E-0137
49 +.112190478797E-0137
50 +.548205065488E-0137
51 +.191512348615E-0136
52 +.404739480258E-0136
53 +.172810232575E-0136
54 +.493159160231E-0136
55 +.249508695748E-0136
56 +.987547680037E-0136
57 +.278212642521E-0135
58 +.440482474471E-0136
59 +.170513402666E-0135
60 +.160333838062E-0135
61 +.535467394287E-0135
62 +.853090077783E-0135
63 +.235835396780E-0134
64 +.254200774208E-0134
65 +.859543275109E-0134
66 +.205768303334E-0133
67 +.246766176041E-0133
68 +.439722102338E-0133
69 +.931049111737E-0133
70 +.139835731884E-0132
71 +.371869780069E-0132
72 +.110107767354E-0132
73 +.499259223299E-0132
74 +.170256445493E-0131
75 +.310356719783E-0131
76 +.141652947957E-0131
77 +.409976368562E-0131
78 +.200582733003E-0131
79 +.804320061497E-0131
80 +.235509078152E-0130
81 +.833506600195E-0131
82 +.230053593977E-0130
83 +.231110368862E-0130
84 +.755969655452E-0130
85 +.108900391206E-0129
86 +.325646180350E-0129
87 +.512857541482E-0129
88 +.140416856744E-0128
89 +.139949537396E-0128
90 +.485871341579E-0128
91 +.125325580896E-0127
92 +.952526811366E-0128
93 +.213329928454E-0127
94 +.304044771900E-0127
95 +.830121269948E-0127
96 +.101813244501E-0127
97 +.611068892509E-0127
98 +.218040651071E-0126
99 +.524646600872E-0126
100 +.564644435971E-0126
101 +.108941552957E-0125
102 +.142465631187E-0125
103 +.407561867506E-0125
104 +.171682615785E-0125
105 +.729915692046E-0125
106 +.264887971436E-0124
107 +.676039803627E-0124
108 +.969653049950E-0124
109 +.135884309718E-0123
110 +.259316518904E-0123
111 +.487401761621E-0123
112 +.967314601323E-0123
113 +.174359818388E-0122
114 +.374953508419E-0122
115 +.549957546186E-0122
116 +.149531980734E-0121
117 +.220271681896E-0122
118 +.123136390503E-0121
119 +.437969039256E-0121
120 +.103104815424E-0120
121 +.984023092735E-0121
122 +.205804908754E-0120
123 +.229732153043E-0120
124 +.718763337791E-0120
125 +.786103845204E-0120
126 +.269985772074E-0119
127 +.696578261366E-0119
128 +.527684982325E-0119
129 +.118338583225E-0118
130 +.168185608113E-0118
131 +.460205488094E-0118
132 +.514251743829E-0119
133 +.321009823885E-0118
134 +.114819126669E-0117
135 +.280462592150E-0117
136 +.326275805871E-0117
137 +.590197589689E-0117
138 +.856296208945E-0117
139 +.226614056843E-0116
140 +.731660761799E-0117
141 +.324793840180E-0116
142 +.109280792381E-0115
143 +.182653139455E-0115
144 +.134911757910E-0115
145 +.347420940360E-0115
146 +.254289285403E-0115
147 +.933545434558E-0115
148 +.225469480959E-0114
149 +.266065153766E-0114
150 +.478062759325E-0114
151 +.100104767866E-0113
152 +.155099115881E-0113
153 +.400647480878E-0113
154 +.193515759716E-0113
155 +.787739579811E-0113
156 +.245253928237E-0112
157 +.216153967601E-0112
158 +.415096963410E-0112
159 +.611247156271E-0112
160 +.159619567475E-0111
161 +.656674069461E-0112
162 +.276298939482E-0111
163 +.892927243552E-0111
164 +.111038100816E-0110
165 +.158902276918E-0110
166 +.310907951906E-0110
167 +.554762289192E-0110
168 +.119947103577E-0109
169 +.172726820185E-0109
170 +.476704464569E-0109
171 +.827133345289E-0110
172 +.437749013245E-0109
173 +.158679993028E-0108
174 +.409371850453E-0108
175 +.615899819971E-0108
176 +.792480328888E-0108
177 +.160523031277E-0107
178 +.267737221618E-0107
179 +.632582255956E-0107
180 +.632921171088E-0107
181 +.213492753354E-0106
182 +.373492226355E-0106
183 +.939274219196E-0106
184 +.528912284717E-0106
185 +.208247553405E-0105
186 +.667375706384E-0105
187 +.778226570636E-0105
188 +.120126617664E-0104
189 +.221668121210E-0104
190 +.440161929499E-0104
191 +.785472989772E-0104
192 +.171311816380E-0103
193 +.240131117498E-0103
194 +.676888547684E-0103
195 +.216390571741E-0103
196 +.973136244833E-0103
197 +.356446987970E-0102
198 +.955446240811E-0102
199 +.168832047371E-0101
200 +.138523066550E-0101
201 +.340405739365E-0101
202 +.316432713465E-0101
203 +.108353851883E-0100
204 +.200998658801E-0100
205 +.468388170477E-0100
206 +.985183403874E-0101
207 +.480133360089E-0100
208 +.154976804400E-0099
209 +.197018104147E-0099
210 +.274225894004E-0099
211 +.546802537195E-0099
212 +.938192439132E-0099
213 +.214213607689E-0098
214 +.252405879615E-0098
215 +.792334924274E-0098
216 +.904638633390E-0098
217 +.305847374347E-0097
218 +.753585428609E-0097
219 +.781034468783E-0097
220 +.152972670634E-0096
221 +.280638730359E-0096
222 +.575511317840E-0096
223 +.961080800485E-0096
224 +.229219526660E-0095
225 +.217999362947E-0095
226 +.749159418473E-0095
227 +.143111153100E-0094
228 +.319383771175E-0094
229 +.751803295637E-0095
230 +.352729255586E-0094
231 +.108380963080E-0093
232 +.865502087229E-0094
233 +.175472195953E-0093
234 +.241024892033E-0093
235 +.665920998308E-0093
236 +.118568012816E-0093
237 +.621988276581E-0093
238 +.225043288383E-0092
239 +.574936568743E-0092
240 +.828351432393E-0092
241 +.115227276252E-0091
242 +.221136036397E-0091
243 +.411373366473E-0091
244 +.831212655153E-0091
245 +.143894168311E-0090
246 +.327888644785E-0090
247 +.390232217466E-0090
248 +.121888856283E-0089
249 +.134204312562E-0089
250 +.460172158950E-0089
251 +.118286826825E-0088
252 +.923813183656E-0089
253 +.204956168231E-0088
254 +.297571579982E-0088
255 +.800519185427E-0088
256 +.178129222201E-0088
257 +.870537778128E-0088
258 +.303817926367E-0087
259 +.638623976573E-0087
260 +.257689192432E-0087
261 +.748501137839E-0087
262 +.366531102797E-0087
263 +.146111673558E-0086
264 +.416457030998E-0086
265 +.597525825010E-0087
266 +.242456513864E-0086
267 +.225091863049E-0086
268 +.753637765776E-0086
269 +.121226618211E-0085
270 +.332208774715E-0085
271 +.340959036324E-0085
272 +.117226708803E-0084
273 +.294296273095E-0084
274 +.272879117003E-0084
275 +.564959256799E-0084
276 +.938697994127E-0084
277 +.221018163291E-0083
278 +.225294435649E-0083
279 +.754448372634E-0083
280 +.127255437176E-0082
281 +.333249112940E-0082
282 +.257487868504E-0082
283 +.953731680506E-0082
284 +.283774657500E-0081
285 +.140452910313E-0081
286 +.345533369577E-0081
287 +.374915424348E-0081
288 +.118807740368E-0080
289 +.141241518062E-0080
290 +.469132638581E-0080
291 +.109232115335E-0079
292 +.146930627719E-0079
293 +.236843712683E-0079
294 +.565216297433E-0079
295 +.520921448501E-0079
296 +.180700658505E-0078
297 +.359242152798E-0078
298 +.749353568768E-0078
299 +.375564947192E-0078
300 +.147042487668E-0077
301 +.392531352856E-0077
302 +.214262216731E-0077
303 +.530897090054E-0077
304 +.632915657682E-0077
305 +.193449784054E-0076
306 +.176115995792E-0076
307 +.641257525556E-0076
308 +.192977093044E-0075
309 +.113811429617E-0075
310 +.262961250218E-0075
311 +.304912685164E-0075
312 +.935819147550E-0075
313 +.877846995408E-0075
314 +.316892217118E-0074
315 +.934030564045E-0074
316 +.389543778895E-0074
317 +.101683306361E-0073
318 +.104980094470E-0073
319 +.339818358056E-0073
320 +.461496389150E-0073
321 +.143258523460E-0072
322 +.262594838809E-0072
323 +.609526586107E-0072
324 +.108230707037E-0072
325 +.555830013663E-0072
326 +.178457948400E-0071
327 +.219133176525E-0071
328 +.318863159989E-0071
329 +.616301590070E-0071
330 +.112648349754E-0070
331 +.234683808886E-0070
332 +.376459650641E-0070
333 +.939949193221E-0070
334 +.649142491174E-0070
335 +.244377532734E-0069
336 +.648516947268E-0069
337 +.388604385732E-0069
338 +.936633956789E-0069
339 +.116801473693E-0068
340 +.348462422583E-0068
341 +.252729685056E-0068
342 +.970822096631E-0068
343 +.324264305784E-0067
344 +.512932889091E-0067
345 +.460610262417E-0067
346 +.112186230947E-0066
347 +.104050300377E-0066
348 +.356940454425E-0066
349 +.668511530001E-0066
350 +.153649315382E-0065
351 +.233712690962E-0066
352 +.126520636316E-0065
353 +.402704150492E-0065
354 +.464116718542E-0065
355 +.725001961758E-0065
356 +.132473952468E-0064
357 +.267309733545E-0064
358 +.460100759080E-0064
359 +.105543762762E-0063
360 +.122021677182E-0063
361 +.386773640357E-0063
362 +.472539471987E-0063
363 +.155155459110E-0062
364 +.348150687235E-0062
365 +.532114356361E-0062
366 +.733214690426E-0062
367 +.200753400856E-0061
368 +.262905222797E-0062
369 +.153711240409E-0061
370 +.550251205452E-0061
371 +.134374943362E-0060
372 +.156154825858E-0060
373 +.282745321497E-0060
374 +.409630319588E-0060
375 +.108539158027E-0059
376 +.341862458700E-0060
377 +.152638642841E-0059
378 +.515194994305E-0059
379 +.879340755403E-0059
380 +.593113434434E-0059
381 +.156287165715E-0058
382 +.103909481055E-0058
383 +.390334973646E-0058
384 +.100587800258E-0057
385 +.794889808525E-0058
386 +.175152141042E-0057
387 +.258364588402E-0057
388 +.685739521628E-0057
389 +.213648262599E-0057
390 +.956807915699E-0057
391 +.324060449347E-0056
392 +.565420284071E-0056
393 +.341758600729E-0056
394 +.924778687024E-0056
395 +.554340981115E-0056
396 +.213089216512E-0055
397 +.579834516996E-0055
398 +.243802077805E-0055
399 +.651551049702E-0055
400 +.707937611639E-0055
401 +.225774009895E-0054
402 +.281039634670E-0054
403 +.914181404664E-0054
404 +.198657203355E-0053
405 +.333083192010E-0053
406 +.390040815025E-0053
407 +.118013475126E-0052
408 +.987224680482E-0053
409 +.367010453975E-0052
410 +.115361394039E-0051
411 +.112758060560E-0051
412 +.202874231522E-0051
413 +.322307109830E-0051
414 +.781764080299E-0051
415 +.663621874942E-0051
416 +.236346490881E-0050
417 +.522913452953E-0050
418 +.854065759882E-0050
419 +.104509226591E-0049
420 +.308687211397E-0049
421 +.202995663356E-0049
422 +.794557995473E-0049
423 +.271914989959E-0048
424 +.502145410214E-0048
425 +.206720087097E-0048
426 +.613951501306E-0048
427 +.285005601898E-0048
428 +.115503177090E-0047
429 +.342684459668E-0047
430 +.158836490685E-0047
431 +.399270346590E-0047
432 +.426722432709E-0047
433 +.136122485795E-0046
434 +.168941644314E-0046
435 +.550180351171E-0046
436 +.119998351162E-0045
437 +.199216072967E-0045
438 +.238033244582E-0045
439 +.712580311673E-0045
440 +.539231300632E-0045
441 +.205107222689E-0044
442 +.672857640819E-0044
443 +.938327585011E-0044
444 +.113125371299E-0043
445 +.245185973689E-0043
446 +.342071790887E-0043
447 +.958109035091E-0043
448 +.261994658215E-0043
449 +.122063838360E-0042
450 +.446503811883E-0042
451 +.119228981054E-0041
452 +.207455683525E-0041
453 +.180766069306E-0041
454 +.435963035631E-0041
455 +.434602075597E-0041
456 +.145181424264E-0040
457 +.239216181075E-0040
458 +.641202601226E-0040
459 +.577206701579E-0040
460 +.206183050335E-0039
461 +.570188885195E-0039
462 +.162503882486E-0039
463 +.492811266979E-0039
464 +.488729708789E-0039
465 +.161181096668E-0038
466 +.243303040310E-0038
467 +.703451290701E-0038
468 +.952570837858E-0038
469 +.290303099982E-0037
470 +.483871560055E-0037
471 +.125707390689E-0036
472 +.891577086172E-0037
473 +.336310816938E-0036
474 +.103110140767E-0035
475 +.775770278930E-0036
476 +.162029335355E-0035
477 +.213785154879E-0035
478 +.607812545991E-0035
479 +.227199140172E-0035
480 +.988612481911E-0035
481 +.360465498503E-0034
482 +.942959532170E-0034
483 +.150646841313E-0033
484 +.169954095033E-0033
485 +.370310805810E-0033
486 +.514760033500E-0033
487 +.144414114876E-0032
488 +.410653703965E-0033
489 +.189564386554E-0032
490 +.693640556768E-0032
491 +.185379697507E-0031
492 +.323678965025E-0031
493 +.278372400712E-0031
494 +.674183767725E-0031
495 +.661754416136E-0031
496 +.222331700842E-0030
497 +.377016273653E-0030
498 +.981301875903E-0030
499 +.725849207951E-0030
500 +.271351447049E-0029
501 +.819865293763E-0029
502 +.512150267592E-0029
503 +.115740032214E-0028
504 +.137913931273E-0028
505 +.417202359480E-0028
506 +.345105706368E-0028
507 +.128712872303E-0027
508 +.407654042215E-0027
509 +.427446217310E-0027
510 +.728880107756E-0027
511 +.122661647888E-0026
512 +.278264091427E-0026
513 +.333828692804E-0026
514 +.103735173090E-0025
515 +.109813616615E-0025
516 +.381913362005E-0025
517 +.102241806266E-0024
518 +.525710841265E-0025
519 +.132760269616E-0024
520 +.153198256606E-0024
521 +.475953002678E-0024
522 +.494113077707E-0024
523 +.172925569823E-0023
524 +.470812719702E-0023
525 +.186799909242E-0023
526 +.508840755778E-0023
527 +.539299398638E-0023
528 +.173785238588E-0022
529 +.230808688680E-0022
530 +.725903810970E-0022
531 +.139856523566E-0021
532 +.301347821973E-0021
533 +.118094090355E-0021
534 +.488118945256E-0021
535 +.139980142695E-0020
536 +.281014953075E-0021
537 +.969838570284E-0021
538 +.915037263447E-0021
539 +.305454178546E-0020
540 +.486797999848E-0020
541 +.134530027015E-0019
542 +.144734740281E-0019
543 +.489726237679E-0019
544 +.117467330557E-0018
545 +.139612266747E-0018
546 +.250459133678E-0018
547 +.525482781153E-0018
548 +.809958534745E-0018
549 +.210278612903E-0017
550 +.949174598105E-0018
551 +.391884057511E-0017
552 +.124297531378E-0016
553 +.131465811878E-0016
554 +.222194969486E-0016
555 +.377612287487E-0016
556 +.845960375870E-0016
557 +.106670823432E-0015
558 +.322353354881E-0015
559 +.269671053133E-0015
560 +.100371917337E-0014
561 +.316978468202E-0014
562 +.323725596185E-0014
563 +.563771144528E-0014
564 +.928175890211E-0014
565 +.216269991559E-0013
566 +.230194899332E-0013
567 +.756995270809E-0013
568 +.115857593152E-0012
569 +.331615198061E-0012
570 +.428127527888E-0012
571 +.133947467099E-0011
572 +.247275173430E-0011
573 +.568695083233E-0011
574 +.793923061258E-0012
575 +.443810129625E-0011
576 +.141007563944E-0010
577 +.160793820797E-0010
578 +.253904892169E-0010
579 +.459645159753E-0010
580 +.941259861238E-0010
581 +.156388865973E-0009
582 +.374957069887E-0009
583 +.345711717858E-0009
584 +.120065021705E-0008
585 +.240252356011E-0008
586 +.495228781525E-0008
587 +.269650183470E-0008
588 +.103674934765E-0007
589 +.267790778734E-0007
590 +.205365310225E-0007
591 +.457548121821E-0007
592 +.660239205418E-0007
593 +.178466297052E-0006
594 +.340141341170E-0007
595 +.174132840807E-0006
596 +.612872721784E-0006
597 +.135492671340E-0005
598 +.857607011796E-0006
599 +.215488627500E-0005
600 +.149130550264E-0005
601 +.548968973715E-0005
602 +.130834766080E-0004
603 +.163682414513E-0004
604 +.280918289264E-0004
605 +.624316569677E-0004
606 +.800100813870E-0004
607 +.239314690641E-0003
608 +.181104168485E-0003
609 +.689652760427E-0003
610 +.227260598473E-0002
611 +.327373653526E-0002
612 +.370832279518E-0002
613 +.827936901875E-0002
614 +.105609951164E-0001
615 +.314113648171E-0001
616 +.222998045632E-0001
617 +.860295301187E-0001
618 +.289192682963E+0000
619 +.479349841723E+0000
620 +.368186645185E+0000
621 +.892742601336E+0000
622 +.100279396927E+0001
623 +.293658163734E+0001
