0 +.315544362088E-0029
1 +.978187522474E-0029
2 +.100090671654E-0028
3 +.272207549886E-0028
4 +.534662439230E-0028
5 +.748188580421E-0028
6 +.888494350386E-0028
7 +.270524438106E-0027
8 +.191398493264E-0027
9 +.552905302830E-0027
10 +.156209205449E-0026
11 +.940605848542E-0027
12 +.122284876740E-0026
13 +.154697377764E-0026
14 +.470549314290E-0026
15 +.340661443029E-0026
16 +.984056789982E-0026
17 +.275338254448E-0025
18 +.145009427770E-0025
19 +.184430711356E-0025
20 +.223994282980E-0025
21 +.698993668336E-0025
22 +.656347822448E-0025
23 +.184226198712E-0024
24 +.421993389119E-0024
25 +.309282221401E-0024
26 +.654730323546E-0024
27 +.114114085266E-0023
28 +.251334165514E-0023
29 +.340657696361E-0023
30 +.983558863313E-0023
31 +.279177024410E-0023
32 +.688918162715E-0023
33 +.234654915876E-0022
34 +.575622731540E-0022
35 +.677613861533E-0022
36 +.866847788263E-0022
37 +.133606871114E-0021
38 +.347515452693E-0021
39 +.143184105708E-0021
40 +.602235496965E-0021
41 +.193617282994E-0020
42 +.239949504837E-0020
43 +.240941812003E-0020
44 +.491554045629E-0020
45 +.879669247636E-0020
46 +.188347379021E-0019
47 +.279801802267E-0019
48 +.752350944978E-0019
49 +.167625271640E-0019
50 +.819080644047E-0019
51 +.286141203217E-0018
52 +.604726759040E-0018
53 +.258198117467E-0018
54 +.380117265759E-0018
55 +.229816165763E-0018
56 +.887369498043E-0018
57 +.241017508385E-0017
58 +.217764085407E-0018
59 +.115340514497E-0017
60 +.106048989047E-0017
61 +.354939671752E-0017
62 +.565409950648E-0017
63 +.135011600650E-0016
64 +.115820668033E-0016
65 +.323809163411E-0016
66 +.781192456414E-0016
67 +.741799939188E-0016
68 +.137063240310E-0015
69 +.289390528297E-0015
70 +.434756574210E-0015
71 +.115613926918E-0014
72 +.342326523242E-0015
73 +.155220095409E-0014
74 +.510641412406E-0014
75 +.932480921618E-0014
76 +.425332190371E-0014
77 +.123118748863E-0013
78 +.602345435303E-0014
79 +.241536635506E-0013
80 +.681776726604E-0013
81 +.243900408211E-0013
82 +.261905248766E-0013
83 +.307811212445E-0013
84 +.993511110018E-0013
85 +.133526211595E-0012
86 +.370184844708E-0012
87 +.585920575081E-0012
88 +.138154308215E-0011
89 +.107382558625E-0011
90 +.305160648662E-0011
91 +.792976303587E-0011
92 +.418918900176E-0011
93 +.101075893296E-0010
94 +.143084987478E-0010
95 +.390863742887E-0010
96 +.479164327620E-0011
97 +.287642716682E-0010
98 +.997841971788E-0010
99 +.240339235848E-0009
100 +.258632243067E-0009
101 +.359983084473E-0009
102 +.492374874291E-0009
103 +.140361406324E-0008
104 +.296357799539E-0009
105 +.692630625040E-0009
106 +.239629043761E-0008
107 +.612544188161E-0008
108 +.878466464936E-0008
109 +.863554241797E-0008
110 +.172664808322E-0007
111 +.323297633822E-0007
112 +.641825209954E-0007
113 +.115686915101E-0006
114 +.248780381694E-0006
115 +.364894922124E-0006
116 +.992139561853E-0006
117 +.146149842850E-0006
118 +.817006936442E-0006
119 +.288390562740E-0005
120 +.679102912990E-0005
121 +.648108425944E-0005
122 +.115843715655E-0004
123 +.132139220275E-0004
124 +.412664940325E-0004
125 +.372123699985E-0004
126 +.107303665336E-0003
127 +.278644228055E-0003
128 +.146522714244E-0003
129 +.354167342584E-0003
130 +.499977559382E-0003
131 +.136889363688E-0002
132 +.148097500076E-0003
133 +.937541476908E-0003
134 +.335323571420E-0002
135 +.819667503733E-0002
136 +.957008531182E-0002
137 +.173345170647E-0001
138 +.252763067129E-0001
139 +.669445603744E-0001
140 +.235320050798E-0001
141 +.102899591574E+0000
142 +.336549113994E+0000
143 +.611892156850E+0000
144 +.574855834953E+0000
145 +.149846770716E+0001
146 +.238212670963E+0001
