0 +.373305447401E-0300
1 +.115724688694E-0299
2 +.118412487916E-0299
3 +.328755235037E-0299
4 +.717520537565E-0299
5 +.101503876483E-0298
6 +.120303557510E-0298
7 +.366353803712E-0298
8 +.331386624048E-0298
9 +.987907494822E-0298
10 +.281591256410E-0297
11 +.169295058953E-0297
12 +.388917961200E-0297
13 +.453046219593E-0297
14 +.138728760220E-0296
15 +.127708718487E-0296
16 +.380209581384E-0296
17 +.107315176020E-0295
18 +.564185050923E-0296
19 +.136088189742E-0295
20 +.150107032781E-0295
21 +.472170329411E-0295
22 +.533787615533E-0295
23 +.152714529979E-0294
24 +.352822637438E-0294
25 +.267427865052E-0294
26 +.562508330442E-0294
27 +.980918409788E-0294
28 +.216036640549E-0293
29 +.292816722157E-0293
30 +.845430456485E-0293
31 +.257626644800E-0293
32 +.701470842698E-0293
33 +.255187245189E-0292
34 +.624557947942E-0292
35 +.735394722239E-0292
36 +.940809454232E-0292
37 +.145005503888E-0291
38 +.377163839863E-0291
39 +.155399878001E-0291
40 +.653615320935E-0291
41 +.204419306009E-0290
42 +.253869852435E-0290
43 +.364874554822E-0290
44 +.711543090819E-0290
45 +.127818518743E-0289
46 +.273593279367E-0289
47 +.406451261096E-0289
48 +.109289270753E-0288
49 +.243498902384E-0289
50 +.118982763242E-0288
51 +.415659574629E-0288
52 +.878449047363E-0288
53 +.375068387407E-0288
54 +.552172773179E-0288
55 +.333839687918E-0288
56 +.128902662426E-0287
57 +.350111183548E-0287
58 +.316332378119E-0288
59 +.167548010500E-0287
60 +.154050787854E-0287
61 +.515598843190E-0287
62 +.821335961243E-0287
63 +.196122977092E-0286
64 +.168245499751E-0286
65 +.470377484840E-0286
66 +.113478982174E-0285
67 +.107756675560E-0285
68 +.199103266757E-0285
69 +.420379668700E-0285
70 +.631543906110E-0285
71 +.167945179757E-0284
72 +.497276504780E-0285
73 +.225478603836E-0284
74 +.768922938373E-0284
75 +.140165266487E-0283
76 +.187339225269E-0284
77 +.839562680091E-0284
78 +.379937056950E-0284
79 +.154241574527E-0283
80 +.432061800524E-0283
81 +.154918632517E-0283
82 +.425886918584E-0283
83 +.428027968932E-0283
84 +.140003847890E-0282
85 +.201681534918E-0282
86 +.519088362415E-0282
87 +.712631111038E-0282
88 +.168109410376E-0281
89 +.170508812268E-0281
90 +.490209563676E-0281
91 +.118376079544E-0280
92 +.655638593816E-0281
93 +.156471989156E-0280
94 +.221718526213E-0280
95 +.605620847469E-0280
96 +.742487264052E-0281
97 +.445703504941E-0280
98 +.158570875851E-0279
99 +.381590236459E-0279
100 +.410676919861E-0279
101 +.792354536346E-0279
102 +.103618190761E-0278
103 +.296428153735E-0278
104 +.124868307553E-0278
105 +.353025846048E-0278
106 +.123741871638E-0277
107 +.316172022228E-0277
108 +.453447331829E-0277
109 +.635456561469E-0277
110 +.121267956023E-0276
111 +.227930805943E-0276
112 +.452359453155E-0276
113 +.815384282012E-0276
114 +.175344984903E-0275
115 +.257184678817E-0275
116 +.699278238924E-0275
117 +.103008863418E-0275
118 +.575840685555E-0275
119 +.203262650272E-0274
120 +.478643156550E-0274
121 +.456796053974E-0274
122 +.955377842539E-0274
123 +.106645101590E-0273
124 +.333660712287E-0273
125 +.364921183008E-0273
126 +.105311797865E-0272
127 +.253483323645E-0272
128 +.137022030082E-0272
129 +.329067090449E-0272
130 +.464764172742E-0272
131 +.127234708047E-0271
132 +.142109641959E-0272
133 +.868196495143E-0272
134 +.310628208171E-0271
135 +.758747437771E-0271
136 +.882688818146E-0271
137 +.159668821547E-0270
138 +.231657687742E-0270
139 +.613069260368E-0270
140 +.197939496136E-0270
141 +.878679470372E-0270
142 +.287935740393E-0269
143 +.481946157362E-0269
144 +.355853045815E-0269
145 +.916432784760E-0269
146 +.670762707213E-0269
147 +.246250277607E-0268
148 +.594742563116E-0268
149 +.554075514590E-0268
150 +.103311843485E-0267
151 +.215704446145E-0267
152 +.334295400244E-0267
153 +.863524661957E-0267
154 +.417090955211E-0267
155 +.169784006961E-0266
156 +.528603569692E-0266
157 +.465883500745E-0266
158 +.585017143897E-0266
159 +.909835565605E-0266
160 +.236606682787E-0265
161 +.974530848204E-0266
162 +.409956227299E-0265
163 +.132487917318E-0264
164 +.164752525436E-0264
165 +.158032304416E-0264
166 +.325502468845E-0264
167 +.578304989144E-0264
168 +.125079364683E-0263
169 +.180111575024E-0263
170 +.497086680569E-0263
171 +.862497354835E-0264
172 +.226868651402E-0263
173 +.835392773818E-0263
174 +.215411762431E-0262
175 +.324099453922E-0262
176 +.311653990146E-0262
177 +.655845772764E-0262
178 +.109025022995E-0261
179 +.257658670625E-0261
180 +.257788405442E-0261
181 +.869557168714E-0261
182 +.152123568822E-0260
183 +.330393428470E-0260
184 +.105636901438E-0260
185 +.271398712589E-0260
186 +.880769588956E-0260
187 +.102603425452E-0259
188 +.105558417998E-0259
189 +.205051190513E-0259
190 +.405497083842E-0259
191 +.723865402061E-0259
192 +.157870950240E-0258
193 +.221291376098E-0258
194 +.623782414274E-0258
195 +.758656641203E-0259
196 +.457118057023E-0258
197 +.166662893431E-0257
198 +.446798598263E-0257
199 +.789507996347E-0257
200 +.383244947795E-0257
201 +.103850640371E-0256
202 +.953561788715E-0257
203 +.326902602737E-0256
204 +.606377770819E-0256
205 +.121690896143E-0255
206 +.927419250786E-0257
207 +.684776875496E-0256
208 +.219598351166E-0255
209 +.279303035821E-0255
210 +.256966343697E-0255
211 +.540792765378E-0255
212 +.923607317096E-0255
213 +.210958171272E-0254
214 +.248560211384E-0254
215 +.780265370670E-0254
216 +.758346935314E-0254
217 +.217849336691E-0253
218 +.540184433164E-0253
219 +.428734456165E-0253
220 +.877670527731E-0253
221 +.160433239449E-0252
222 +.329098641839E-0252
223 +.549567614656E-0252
224 +.131073129913E-0251
225 +.124657144325E-0251
226 +.428386921179E-0251
227 +.743548841536E-0251
228 +.143769853720E-0250
229 +.368223691157E-0251
230 +.168964226181E-0250
231 +.510699366596E-0250
232 +.408657839536E-0250
233 +.686580442442E-0250
234 +.964074669851E-0250
235 +.265902813802E-0249
236 +.133121091206E-0250
237 +.127174286077E-0249
238 +.456853542249E-0249
239 +.116743316064E-0248
240 +.168197089311E-0248
241 +.163924119996E-0248
242 +.329697930523E-0248
243 +.610966672341E-0248
244 +.123488764981E-0247
245 +.213770123002E-0247
246 +.487114507442E-0247
247 +.579732586426E-0247
248 +.181079213903E-0246
249 +.164591214326E-0246
250 +.473963697266E-0246
251 +.122622871355E-0245
252 +.672376116104E-0246
253 +.160131779211E-0245
254 +.231010076262E-0245
255 +.621763395662E-0245
256 +.138318851932E-0245
257 +.676026006074E-0245
258 +.235932981287E-0244
259 +.495930137819E-0244
260 +.200111237897E-0244
261 +.295866776155E-0244
262 +.174357679289E-0244
263 +.676990731793E-0244
264 +.193096216213E-0243
265 +.276908296517E-0244
266 +.425394587782E-0245
267 +.802612065764E-0245
268 +.255551247961E-0244
269 +.412248112788E-0244
270 +.112950236606E-0243
271 +.115927715963E-0243
272 +.398575756443E-0243
273 +.100061980816E-0242
274 +.927800561904E-0243
275 +.192088541738E-0242
276 +.319161296386E-0242
277 +.751471122371E-0242
278 +.766010629624E-0242
279 +.256515644195E-0241
280 +.392458145290E-0241
281 +.898537134216E-0241
282 +.709064721166E-0241
283 +.208149693023E-0240
284 +.588264975200E-0240
285 +.294291261208E-0240
286 +.722098165717E-0240
287 +.783732521165E-0240
288 +.248352251963E-0239
289 +.295247775706E-0239
290 +.831651759448E-0239
291 +.178682241164E-0238
292 +.196707470788E-0238
293 +.326814529110E-0238
294 +.778115893973E-0238
295 +.717364259825E-0238
296 +.248836620461E-0237
297 +.451658716118E-0237
298 +.813327043713E-0237
299 +.426151759776E-0237
300 +.165739584945E-0236
301 +.425089149895E-0236
302 +.161504250914E-0236
303 +.438937189742E-0236
304 +.518591210525E-0236
305 +.158624780625E-0235
306 +.116191448236E-0235
307 +.345343984984E-0235
308 +.104566600583E-0234
309 +.616060428641E-0235
310 +.817246891664E-0235
311 +.102633121414E-0234
312 +.312958932129E-0234
313 +.232190912384E-0234
314 +.684746686458E-0234
315 +.203102210241E-0233
316 +.845753689675E-0234
317 +.103180059729E-0233
318 +.120039653404E-0233
319 +.384638870775E-0233
320 +.450705841768E-0233
321 +.120270792336E-0232
322 +.222355892468E-0232
323 +.443652162836E-0232
324 +.480887181688E-0233
325 +.298813380012E-0232
326 +.956358464447E-0232
327 +.117462054655E-0231
328 +.113531940200E-0231
329 +.231267316806E-0231
330 +.420876737023E-0231
331 +.877127009332E-0231
332 +.140696856228E-0230
333 +.351294492954E-0230
334 +.242608954037E-0230
335 +.913330758087E-0230
336 +.242375175667E-0229
337 +.904362299611E-0230
338 +.245409562916E-0229
339 +.302619296952E-0229
340 +.903647910391E-0229
341 +.473735423983E-0229
342 +.139690568826E-0228
343 +.469883054085E-0228
344 +.742981210742E-0228
345 +.393845759724E-0228
346 +.105056975752E-0227
347 +.963132667716E-0228
348 +.330762692007E-0227
349 +.568752809902E-0227
350 +.113890440323E-0226
351 +.195204667285E-0227
352 +.844252261481E-0227
353 +.269895687599E-0226
354 +.310943915470E-0226
355 +.372505771626E-0226
356 +.702395004991E-0226
357 +.141374269438E-0225
358 +.243390302305E-0225
359 +.558310373823E-0225
360 +.645477232504E-0225
361 +.204597696442E-0224
362 +.249966591588E-0224
363 +.697991468519E-0224
364 +.143906594355E-0223
365 +.183297190058E-0223
366 +.259763916262E-0223
367 +.709664615145E-0223
368 +.674042127901E-0224
369 +.452578825099E-0223
370 +.161712779659E-0222
371 +.394938336634E-0222
372 +.458948003599E-0222
373 +.594042538019E-0222
374 +.899886409706E-0222
375 +.237628621342E-0221
376 +.749372058580E-0222
377 +.334500495252E-0221
378 +.110026742032E-0220
379 +.188050522952E-0220
380 +.107487800952E-0220
381 +.291840807805E-0220
382 +.193054079423E-0220
383 +.725647975860E-0220
384 +.177344657493E-0219
385 +.104125424647E-0219
386 +.243112321442E-0219
387 +.356750003813E-0219
388 +.947248246494E-0219
389 +.295080840205E-0219
390 +.132153889116E-0218
391 +.436307243066E-0218
392 +.762267822889E-0218
393 +.383694761710E-0218
394 +.107649543326E-0217
395 +.641045141344E-0218
396 +.246630559693E-0217
397 +.639530702571E-0217
398 +.147497142375E-0217
399 +.480801529411E-0217
400 +.512687284249E-0217
401 +.163773655371E-0216
402 +.175731107592E-0216
403 +.487877688176E-0216
404 +.106791202403E-0215
405 +.149674643642E-0215
406 +.180525898556E-0215
407 +.544865053709E-0215
408 +.455932520423E-0215
409 +.136800692657E-0214
410 +.408533931103E-0214
411 +.401363584476E-0214
412 +.721504233880E-0214
413 +.114636154531E-0213
414 +.278050924062E-0213
415 +.236031395742E-0213
416 +.840617051427E-0213
417 +.173886967141E-0212
418 +.241829779297E-0212
419 +.303666183721E-0212
420 +.895034598971E-0212
421 +.437876166371E-0212
422 +.133042564506E-0211
423 +.458239800204E-0211
424 +.845973772352E-0211
425 +.812449492168E-0212
426 +.435880991904E-0211
427 +.182687158180E-0211
428 +.753071908865E-0211
429 +.213834805090E-0210
430 +.100083824803E-0210
431 +.137503625913E-0210
432 +.160572542664E-0210
433 +.508397328211E-0210
434 +.631331435419E-0210
435 +.175088733487E-0209
436 +.349702536996E-0209
437 +.488647888567E-0209
438 +.600469972890E-0209
439 +.179340676935E-0208
440 +.106020809774E-0208
441 +.324700962260E-0208
442 +.107138375257E-0207
443 +.149352190041E-0207
444 +.117697492061E-0207
445 +.270613623816E-0207
446 +.375399284911E-0207
447 +.105191790305E-0206
448 +.835431749074E-0208
449 +.201657861994E-0207
450 +.749732984042E-0207
451 +.200100579034E-0206
452 +.348181531737E-0206
453 +.303385319561E-0206
454 +.731690990496E-0206
455 +.729406764682E-0206
456 +.243662697408E-0205
457 +.363180812089E-0205
458 +.850856830495E-0205
459 +.779660580960E-0205
460 +.226992473810E-0204
461 +.591819867211E-0204
462 +.575425004159E-0205
463 +.291479018271E-0204
464 +.277493233215E-0204
465 +.918662048909E-0204
466 +.123026464549E-0203
467 +.306793264000E-0203
468 +.420515447008E-0203
469 +.109635210518E-0202
470 +.161544476927E-0202
471 +.363976001525E-0202
472 +.264582197095E-0202
473 +.776920972450E-0202
474 +.226988967716E-0201
475 +.171876567309E-0201
476 +.358548405999E-0201
477 +.473139658455E-0201
478 +.134516901893E-0200
479 +.502823053773E-0201
480 +.138083324356E-0200
481 +.487387774298E-0200
482 +.127630550701E-0199
483 +.203886881702E-0199
484 +.230020354921E-0199
485 +.501187653853E-0199
486 +.696688857276E-0199
487 +.195453603544E-0198
488 +.555788792981E-0199
489 +.139288926873E-0198
490 +.496490640271E-0198
491 +.132798275654E-0197
492 +.231857962033E-0197
493 +.199406014464E-0197
494 +.482936150764E-0197
495 +.474032758600E-0197
496 +.159262265702E-0196
497 +.270067047460E-0196
498 +.607375958835E-0196
499 +.306770053106E-0196
500 +.860895398976E-0196
501 +.262406782410E-0195
502 +.163691419296E-0195
503 +.218110866754E-0195
504 +.280050517931E-0195
505 +.842104761415E-0195
506 +.529053681015E-0195
507 +.156794782864E-0194
508 +.499853536163E-0194
509 +.523813366060E-0194
510 +.602904286860E-0194
511 +.106568792446E-0193
512 +.240846177480E-0193
513 +.289059461242E-0193
514 +.898204042336E-0193
515 +.788986393897E-0193
516 +.278982947630E-0192
517 +.699128807921E-0192
518 +.213607887910E-0192
519 +.624543553968E-0192
520 +.710579276750E-0192
521 +.221024073050E-0191
522 +.190642091011E-0191
523 +.556741202427E-0191
524 +.152526959634E-0190
525 +.270078803557E-0191
526 +.989059411806E-0191
527 +.102035933316E-0190
528 +.329593084214E-0190
529 +.376446042419E-0190
530 +.101783259290E-0189
531 +.197685555813E-0189
532 +.364634938642E-0189
533 +.151432627350E-0189
534 +.619381848901E-0189
535 +.177670451811E-0188
536 +.356629922878E-0189
537 +.192110207293E-0189
538 +.271544451336E-0189
539 +.877750032785E-0189
540 +.140143788152E-0188
541 +.387248577898E-0188
542 +.416628412828E-0188
543 +.117735837712E-0187
544 +.261989980724E-0187
545 +.251124193615E-0187
546 +.465716855810E-0187
547 +.974566803211E-0187
548 +.150252270421E-0186
549 +.390072631204E-0186
550 +.176075325887E-0186
551 +.726958577214E-0186
552 +.230576254322E-0185
553 +.243873664198E-0185
554 +.277003017942E-0185
555 +.494750470357E-0185
556 +.110414811953E-0184
557 +.139283557911E-0184
558 +.420893748364E-0184
559 +.274157610149E-0184
560 +.104837140301E-0183
561 +.314405054423E-0183
562 +.322681435336E-0183
563 +.561487424036E-0183
564 +.924496196749E-0183
565 +.215411142540E-0182
566 +.229280939926E-0182
567 +.753989664900E-0182
568 +.103304824526E-0181
569 +.257820164010E-0181
570 +.336824180446E-0181
571 +.898201248940E-0181
572 +.148955590798E-0180
573 +.296808189306E-0180
574 +.474057049323E-0181
575 +.233459841286E-0180
576 +.743442472396E-0180
577 +.847602883028E-0180
578 +.104223237689E-0179
579 +.194303016745E-0179
580 +.396960552667E-0179
581 +.659680416032E-0179
582 +.158162140644E-0178
583 +.145826350440E-0178
584 +.506452039502E-0178
585 +.101342002034E-0177
586 +.178507712155E-0177
587 +.101619317259E-0177
588 +.388268635792E-0177
589 +.100308210593E-0176
590 +.536267525248E-0177
591 +.128593008032E-0176
592 +.184331711783E-0176
593 +.498513921451E-0176
594 +.949841287184E-0177
595 +.486308785759E-0176
596 +.171159519907E-0175
597 +.378396053826E-0175
598 +.239507496379E-0175
599 +.383520028235E-0175
600 +.291479936163E-0175
601 +.106167799671E-0174
602 +.235631040347E-0174
603 +.240181585019E-0174
604 +.425303885136E-0174
605 +.942912094756E-0174
606 +.120870993111E-0173
607 +.361524762126E-0173
608 +.201066187925E-0173
609 +.594476150779E-0173
610 +.197245820548E-0172
611 +.284013960832E-0172
612 +.207015298081E-0172
613 +.492570696566E-0172
614 +.624232825202E-0172
615 +.185764398558E-0171
616 +.981541834746E-0172
617 +.291757614669E-0171
618 +.988327504941E-0171
619 +.163909923521E-0170
620 +.674702343224E-0171
621 +.194896482119E-0170
622 +.145386671285E-0170
623 +.529782158403E-0170
624 +.116688038144E-0169
625 +.129735701665E-0169
626 +.214582545989E-0169
627 +.512359023317E-0169
628 +.464691664054E-0169
629 +.162058383328E-0168
630 +.301728253168E-0168
631 +.518771072581E-0168
632 +.352279628429E-0168
633 +.129267331995E-0167
634 +.286690113378E-0167
635 +.328521856257E-0167
636 +.538871569666E-0167
637 +.129263753116E-0166
638 +.114207488682E-0166
639 +.401631958201E-0166
640 +.776858274990E-0166
641 +.123417806871E-0165
642 +.112849207016E-0165
643 +.381322653527E-0165
644 +.604159109297E-0165
645 +.136389095757E-0164
646 +.882556104701E-0165
647 +.257446523284E-0164
648 +.774432022837E-0164
649 +.769847271541E-0164
650 +.137128017608E-0163
651 +.220190723258E-0163
652 +.527959557146E-0163
653 +.481634433473E-0163
654 +.167721175825E-0162
655 +.314234708174E-0162
656 +.550384303101E-0162
657 +.351440949194E-0162
658 +.130813920028E-0161
659 +.302375483403E-0161
660 +.286718087596E-0161
661 +.543162785346E-0161
662 +.109632982841E-0160
663 +.185513516388E-0160
664 +.434864217672E-0160
665 +.453770835416E-0160
666 +.150582901309E-0159
667 +.242313464282E-0159
668 +.574170357127E-0159
669 +.464924271489E-0159
670 +.130925186023E-0158
671 +.329686247176E-0158
672 +.235877864465E-0158
673 +.506560556975E-0158
674 +.859460098476E-0158
675 +.196233870069E-0157
676 +.231558477817E-0157
677 +.726249441136E-0157
678 +.823838438502E-0157
679 +.235675604876E-0156
680 +.543882758410E-0156
681 +.415322355695E-0156
682 +.870605324930E-0156
683 +.152644190786E-0155
684 +.333641295075E-0155
685 +.464069695504E-0155
686 +.131528047123E-0154
687 +.220089258886E-0155
688 +.459502580006E-0155
689 +.171574024099E-0154
690 +.456223619480E-0154
691 +.782306276879E-0154
692 +.444632076120E-0154
693 +.114314901279E-0153
694 +.120306911140E-0153
695 +.392226050321E-0153
696 +.491472081948E-0153
697 +.127311567901E-0152
698 +.204424260796E-0152
699 +.478285419010E-0152
700 +.348599854284E-0152
701 +.996595853802E-0152
702 +.268764905679E-0151
703 +.784009840869E-0152
704 +.232825217665E-0151
705 +.264881661852E-0151
706 +.823446206654E-0151
707 +.691383482728E-0151
708 +.201791272884E-0150
709 +.555501813821E-0150
710 +.801033200696E-0151
711 +.324688830417E-0150
712 +.325902602891E-0150
713 +.106197538802E-0149
714 +.128380302588E-0149
715 +.338800045310E-0149
716 +.590025802654E-0149
717 +.127168822506E-0148
718 +.351151670592E-0149
719 +.873010948741E-0149
720 +.286870468770E-0148
721 +.365788621526E-0148
722 +.506611414206E-0148
723 +.101350305338E-0147
724 +.172664708444E-0147
725 +.397872883076E-0147
726 +.450250654719E-0147
727 +.144175258952E-0146
728 +.164424207040E-0146
729 +.450257784233E-0146
730 +.906179450426E-0146
731 +.156221981857E-0145
732 +.101387720100E-0145
733 +.376285899148E-0145
734 +.909362308048E-0145
735 +.838891568349E-0145
736 +.157436218301E-0144
737 +.325931670998E-0144
738 +.516786134084E-0144
739 +.130466812520E-0143
740 +.814169905858E-0144
741 +.313758936548E-0143
742 +.883175570590E-0143
743 +.387445696049E-0144
744 +.194775997499E-0143
745 +.158071125529E-0143
746 +.535464612380E-0143
747 +.847287213757E-0143
748 +.235482601344E-0142
749 +.261208692558E-0142
750 +.732726510904E-0142
751 +.157088620985E-0141
752 +.176897737237E-0141
753 +.288933328198E-0141
754 +.699298779595E-0141
755 +.582398898520E-0141
756 +.208495440121E-0140
757 +.435099320070E-0140
758 +.563550612871E-0140
759 +.781252288884E-0140
760 +.216623374097E-0139
761 +.106282527163E-0140
762 +.838015467462E-0140
763 +.302496321877E-0139
764 +.784522879692E-0139
765 +.120673739876E-0138
766 +.101376435885E-0138
767 +.222482209212E-0138
768 +.346853294239E-0138
769 +.878297757028E-0138
770 +.533947033737E-0138
771 +.206937425858E-0137
772 +.589774357282E-0137
773 +.792019341207E-0138
774 +.229090509891E-0138
775 +.139534356450E-0138
776 +.490773023236E-0138
777 +.786741463337E-0138
778 +.215781844198E-0137
779 +.222303816002E-0137
780 +.763368468222E-0137
781 +.190986797244E-0136
782 +.181005587061E-0136
783 +.370976864209E-0136
784 +.628099819095E-0136
785 +.144520257346E-0135
786 +.164652186741E-0135
787 +.525483722530E-0135
788 +.671767810580E-0135
789 +.184225470364E-0134
790 +.348827447866E-0134
791 +.553350464818E-0134
792 +.506210563104E-0134
793 +.171122459655E-0133
794 +.271945770892E-0133
795 +.612047768503E-0133
796 +.386546052280E-0133
797 +.112544011304E-0132
798 +.340363332873E-0132
799 +.353360580052E-0132
800 +.608830209273E-0132
801 +.101323621700E-0131
802 +.233068752355E-0131
803 +.263438266589E-0131
804 +.843404798707E-0131
805 +.960073560039E-0131
806 +.263109917615E-0130
807 +.531162569117E-0130
808 +.909953140006E-0130
809 +.609018993618E-0130
810 +.224402746617E-0129
811 +.531919052864E-0129
812 +.545057133375E-0129
813 +.950241580918E-0129
814 +.215260306237E-0128
815 +.253314675903E-0128
816 +.794792515162E-0128
817 +.768881953442E-0128
818 +.221165252405E-0127
819 +.551043521085E-0127
820 +.422561646356E-0127
821 +.879535938397E-0127
822 +.156722765467E-0126
823 +.334496064447E-0126
824 +.501541508725E-0126
825 +.133743681999E-0125
826 +.372025875281E-0126
827 +.171308706063E-0125
828 +.588046022238E-0125
829 +.111705889666E-0124
830 +.174189090676E-0126
831 +.324455212813E-0125
832 +.110130368201E-0125
833 +.474132130868E-0125
834 +.143450364446E-0124
835 +.919917779040E-0125
836 +.119449542420E-0124
837 +.156300028578E-0124
838 +.465570077771E-0124
839 +.277526445710E-0124
840 +.108586338341E-0123
841 +.340112104311E-0123
842 +.483416423337E-0123
843 +.565524928412E-0123
844 +.124366937888E-0122
845 +.166280196055E-0122
846 +.479963624120E-0122
847 +.233803201816E-0122
848 +.680216172650E-0122
849 +.235993840323E-0121
850 +.579151461937E-0121
851 +.685496422745E-0121
852 +.872631559249E-0121
853 +.135452054943E-0120
854 +.350081462077E-0120
855 +.158221125166E-0120
856 +.652623535990E-0120
857 +.199248025839E-0119
858 +.205044355599E-0119
859 +.355091250822E-0119
860 +.588319423312E-0119
861 +.136057338946E-0118
862 +.150070293142E-0118
863 +.485902197088E-0118
864 +.600221200398E-0118
865 +.158832174320E-0117
866 +.274592041181E-0117
867 +.596595351956E-0117
868 +.189101472981E-0117
869 +.490902958120E-0117
870 +.159800622661E-0116
871 +.191508116619E-0116
872 +.190715685325E-0116
873 +.380071824948E-0116
874 +.719702810944E-0116
875 +.140110772911E-0115
876 +.263114898070E-0115
877 +.528994054767E-0115
878 +.927704138977E-0115
879 +.207720878772E-0114
880 +.265255304348E-0114
881 +.796326967093E-0114
882 +.483211004519E-0114
883 +.144782250862E-0113
884 +.473284789804E-0113
885 +.612414743750E-0113
886 +.556732213813E-0113
887 +.118839949213E-0112
888 +.196119149730E-0112
889 +.467452133890E-0112
890 +.446413449652E-0112
891 +.153161277243E-0111
892 +.290377315305E-0111
893 +.563782035997E-0111
894 +.116944121850E-0111
895 +.570081760772E-0111
896 +.178042072074E-0110
897 +.169863095665E-0110
898 +.205771410151E-0110
899 +.338490725312E-0110
900 +.832732261208E-0110
901 +.622091582350E-0110
902 +.229522607107E-0109
903 +.573597536766E-0109
904 +.426478599836E-0109
905 +.897860253346E-0109
906 +.157440297342E-0108
907 +.343842279258E-0108
908 +.479608328056E-0108
909 +.135647811619E-0107
910 +.198240889517E-0108
911 +.111185403793E-0107
912 +.405450597951E-0107
913 +.108287882182E-0106
914 +.188477409631E-0106
915 +.999810421477E-0107
916 +.263302939459E-0106
917 +.259354559234E-0106
918 +.867687810726E-0106
919 +.143357768613E-0105
920 +.331156733735E-0105
921 +.217558751065E-0105
922 +.619113715645E-0105
923 +.174277731319E-0104
924 +.182446807674E-0106
925 +.513550922262E-0105
926 +.444106366651E-0105
927 +.149448249885E-0104
928 +.236691029014E-0104
929 +.657516534892E-0104
930 +.585609275483E-0104
931 +.163210836449E-0103
932 +.382574119511E-0103
933 +.418779596647E-0103
934 +.693390728160E-0103
935 +.165960084545E-0102
936 +.148165432140E-0102
937 +.519354196300E-0102
938 +.100242377661E-0101
939 +.165537906822E-0101
940 +.136138780356E-0101
941 +.475085916220E-0101
942 +.875295786602E-0101
943 +.162130591522E-0100
944 +.798032206028E-0101
945 +.314438042829E-0100
946 +.824330917303E-0100
947 +.200681705895E-0100
948 +.641122365497E-0100
949 +.677418218566E-0100
950 +.217400480582E-0099
951 +.241985254932E-0099
952 +.663948215044E-0099
953 +.137809699520E-0098
954 +.222319803786E-0098
955 +.189237829123E-0098
956 +.654480609687E-0098
957 +.125070366306E-0097
958 +.238996831591E-0097
959 +.649222662185E-0098
960 +.293330252390E-0097
961 +.897296037129E-0097
962 +.674545031139E-0097
963 +.881514322269E-0097
964 +.124101624362E-0096
965 +.350651417809E-0096
966 +.535532129410E-0097
967 +.100797112087E-0096
968 +.376886766966E-0096
969 +.988273731660E-0096
970 +.160012765338E-0095
971 +.174513978857E-0095
972 +.386346113836E-0095
973 +.512951825305E-0095
974 +.148598443443E-0094
975 +.762236129256E-0095
976 +.223536335322E-0094
977 +.770797290766E-0094
978 +.184140259672E-0093
979 +.189265967558E-0093
980 +.266960183961E-0093
981 +.345170669337E-0093
982 +.102144252426E-0092
983 +.711071053560E-0093
984 +.214056947086E-0092
985 +.691198425326E-0092
986 +.117810193343E-0091
987 +.810063826497E-0092
988 +.212397100273E-0091
989 +.144280348707E-0091
990 +.539290317439E-0091
991 +.137148802568E-0090
992 +.875023297770E-0091
993 +.196495309913E-0090
994 +.311324028326E-0090
995 +.768836373146E-0090
996 +.582016963141E-0090
997 +.214089828793E-0089
998 +.530309338176E-0089
999 +.421251267766E-0089
1000 +.859346818623E-0089
1001 +.158123780942E-0088
1002 +.320775235428E-0088
1003 +.550308381281E-0088
1004 +.126887159884E-0087
1005 +.143394604505E-0087
1006 +.459542624851E-0087
1007 +.517476199214E-0087
1008 +.140530875567E-0086
1009 +.279968360674E-0086
1010 +.492832129803E-0086
1011 +.285906982028E-0086
1012 +.108829496198E-0085
1013 +.279232627844E-0085
1014 +.161221923232E-0085
1015 +.376046531335E-0085
1016 +.561675441924E-0085
1017 +.146770625599E-0084
1018 +.608915967211E-0085
1019 +.255851697904E-0084
1020 +.826881584968E-0084
1021 +.102826574744E-0083
1022 +.986302274416E-0084
1023 +.203154954104E-0083
1024 +.360920345515E-0083
1025 +.780670542615E-0083
1026 +.112392110747E-0082
1027 +.310239435441E-0082
1028 +.541727781854E-0083
1029 +.140331542035E-0082
1030 +.517057636857E-0082
1031 +.133417682665E-0081
1032 +.201346596038E-0081
1033 +.191728368312E-0081
1034 +.405254901027E-0081
1035 +.668044199748E-0081
1036 +.159447210492E-0080
1037 +.151013241117E-0080
1038 +.519611178804E-0080
1039 +.998013820236E-0080
1040 +.189638467130E-0079
1041 +.556660103820E-0080
1042 +.246584849651E-0079
1043 +.747954054580E-0079
1044 +.503949213394E-0079
1045 +.665078391526E-0079
1046 +.885991839664E-0079
1047 +.260339032746E-0078
1048 +.116412796913E-0078
1049 +.337020869717E-0078
1050 +.116777473171E-0077
1051 +.221531511494E-0077
1052 +.313468816029E-0079
1053 +.684617990770E-0078
1054 +.232141640423E-0078
1055 +.999457390117E-0078
1056 +.302081100112E-0077
1057 +.191064454999E-0077
1058 +.429190179313E-0077
1059 +.516570155047E-0077
1060 +.155402898657E-0076
1061 +.944430003090E-0077
1062 +.283303709666E-0076
1063 +.923991516464E-0076
1064 +.117493496996E-0075
1065 +.109782022362E-0075
1066 +.230457436560E-0075
1067 +.393791916976E-0075
1068 +.899066912389E-0075
1069 +.106116915452E-0074
1070 +.332818373545E-0074
1071 +.377555121503E-0074
1072 +.108006444604E-0073
1073 +.249243495968E-0073
1074 +.190376498224E-0073
1075 +.399023637058E-0073
1076 +.699741919669E-0073
1077 +.152905821487E-0072
1078 +.212865973538E-0072
1079 +.602922287729E-0072
1080 +.980477425963E-0073
1081 +.200585830172E-0072
1082 +.749758332795E-0072
1083 +.199608146087E-0071
1084 +.344026448747E-0071
1085 +.310337234767E-0071
1086 +.739943335741E-0071
1087 +.769082010177E-0071
1088 +.252786946749E-0070
1089 +.382189424564E-0070
1090 +.952396214779E-0070
1091 +.108515238492E-0069
1092 +.282445506640E-0069
1093 +.479695899744E-0069
1094 +.106482185424E-0068
1095 +.457399667553E-0069
1096 +.126864962265E-0068
1097 +.399550910450E-0068
1098 +.363181769172E-0068
1099 +.453679754730E-0068
1100 +.718906500911E-0068
1101 +.183501409413E-0067
1102 +.969883212716E-0068
1103 +.387186044263E-0067
1104 +.116752627960E-0066
1105 +.694353889197E-0067
1106 +.913768169720E-0067
1107 +.115852713659E-0066
1108 +.351557251132E-0066
1109 +.247246504242E-0066
1110 +.731257002471E-0066
1111 +.222701849737E-0065
1112 +.141833832990E-0065
1113 +.188950817709E-0065
1114 +.244487444698E-0065
1115 +.731585343782E-0065
1116 +.431064819079E-0065
1117 +.127604001105E-0064
1118 +.415449134615E-0064
1119 +.519396850868E-0064
1120 +.497632926166E-0064
1121 +.102801817986E-0063
1122 +.181361491368E-0063
1123 +.396335738565E-0063
1124 +.551810374451E-0063
1125 +.156302784003E-0062
1126 +.553222119173E-0063
1127 +.149744319901E-0062
1128 +.531090691388E-0062
1129 +.141613653398E-0061
1130 +.243987629085E-0061
1131 +.220287219112E-0061
1132 +.525082403113E-0061
1133 +.546328498416E-0061
1134 +.179495585446E-0060
1135 +.270750825102E-0060
1136 +.675845868304E-0060
1137 +.778044541680E-0060
1138 +.201681518680E-0059
1139 +.335858769198E-0059
1140 +.760683693032E-0059
1141 +.410717725720E-0059
1142 +.116948379800E-0058
1143 +.352207694880E-0058
1144 +.185606343832E-0058
1145 +.242650710874E-0058
1146 +.294665926451E-0058
1147 +.917317824604E-0058
1148 +.839567370418E-0058
1149 +.241155208273E-0057
1150 +.618152841691E-0057
1151 +.373622777634E-0057
1152 +.858749523464E-0057
1153 +.130803601767E-0056
1154 +.335881151116E-0056
1155 +.176039028516E-0056
1156 +.704282982864E-0056
1157 +.213362620672E-0055
1158 +.135508345972E-0055
1159 +.179003402951E-0055
1160 +.232688698471E-0055
1161 +.694881270234E-0055
1162 +.398977895346E-0055
1163 +.117992150326E-0054
1164 +.387104589722E-0054
1165 +.513208703402E-0054
1166 +.447588903230E-0054
1167 +.978291656277E-0054
1168 +.153262782945E-0053
1169 +.386596410432E-0053
1170 +.243975592232E-0053
1171 +.937721383572E-0053
1172 +.262240406739E-0052
1173 +.209765254258E-0054
1174 +.828208612883E-0053
1175 +.734067688631E-0053
1176 +.245599052619E-0052
1177 +.380146716114E-0052
1178 +.107690559713E-0051
1179 +.109181102087E-0051
1180 +.295814306492E-0051
1181 +.603959018370E-0051
1182 +.101356800069E-0050
1183 +.743857071696E-0051
1184 +.267954416228E-0050
1185 +.593737843933E-0050
1186 +.800829835140E-0050
1187 +.102607088774E-0049
1188 +.299492668168E-0049
1189 +.176370542001E-0049
1190 +.525200532659E-0049
1191 +.176504980612E-0048
1192 +.372926500207E-0048
1193 +.155621727380E-0048
1194 +.223491667193E-0048
1195 +.135039084168E-0048
1196 +.521908699984E-0048
1197 +.143360569700E-0047
1198 +.181357876081E-0048
1199 +.787999750353E-0048
1200 +.730310586298E-0048
1201 +.244500522300E-0047
1202 +.367369232916E-0047
1203 +.928847014657E-0047
1204 +.972515991680E-0047
1205 +.277184509158E-0046
1206 +.642119639798E-0046
1207 +.493573770541E-0046
1208 +.103454822670E-0045
1209 +.180849207489E-0045
1210 +.397031530851E-0045
1211 +.544069580562E-0045
1212 +.155878770418E-0044
1213 +.385121352163E-0045
1214 +.981483462114E-0045
1215 +.361144410415E-0044
1216 +.925696143475E-0044
1217 +.135615645846E-0043
1218 +.127776892884E-0043
1219 +.262739489889E-0043
1220 +.467665738767E-0043
1221 +.100773227589E-0042
1222 +.146807204514E-0042
1223 +.401341008818E-0042
1224 +.441305950884E-0043
1225 +.277434846077E-0042
1226 +.992832979867E-0042
1227 +.243238050941E-0041
1228 +.287253089603E-0041
1229 +.368392049623E-0041
1230 +.569532073487E-0041
1231 +.147638214652E-0040
1232 +.640180600061E-0041
1233 +.266366337048E-0040
1234 +.850643980750E-0040
1235 +.956854149868E-0040
1236 +.103103292944E-0039
1237 +.194018509519E-0039
1238 +.402331724308E-0039
1239 +.641114614314E-0039
1240 +.161111559902E-0038
1241 +.105020774124E-0038
1242 +.400746943771E-0038
1243 +.103867582942E-0037
1244 +.159092358810E-0038
1245 +.624986061979E-0038
1246 +.630341742019E-0038
1247 +.205106623369E-0037
1248 +.248668376739E-0037
1249 +.656654151522E-0037
1250 +.116469744724E-0036
1251 +.245652869792E-0036
1252 +.415945501018E-0037
1253 +.796064499548E-0037
1254 +.267728561972E-0036
1255 +.374168363264E-0036
1256 +.447816055393E-0036
1257 +.974368243430E-0036
1258 +.134405238025E-0035
1259 +.379605281096E-0035
1260 +.532919860216E-0036
1261 +.966728044665E-0036
1262 +.363286691715E-0035
1263 +.968499973250E-0035
1264 +.167963163376E-0034
1265 +.148168365967E-0034
1266 +.355915738119E-0034
1267 +.360068304884E-0034
1268 +.119613287496E-0033
1269 +.191484212860E-0033
1270 +.455606519572E-0033
1271 +.380607942961E-0033
1272 +.106797719701E-0032
1273 +.263000870270E-0032
1274 +.220907192072E-0032
1275 +.439153670803E-0032
1276 +.838652084096E-0032
1277 +.159314996423E-0031
1278 +.313420157376E-0031
1279 +.576173748823E-0031
1280 +.120129837251E-0030
1281 +.192573695833E-0030
1282 +.481261351612E-0030
1283 +.329767276445E-0030
1284 +.124378233533E-0029
1285 +.331761555089E-0029
1286 +.112561837720E-0029
1287 +.315828653042E-0029
1288 +.377778705142E-0029
1289 +.114620958119E-0028
1290 +.742349773564E-0029
1291 +.220455401321E-0028
1292 +.696075124358E-0028
1293 +.667516625433E-0028
1294 +.812397358807E-0028
1295 +.133840069830E-0027
1296 +.328402698273E-0027
1297 +.250399943494E-0027
1298 +.918966853629E-0027
1299 +.225840243212E-0026
1300 +.189406405983E-0026
1301 +.375678013558E-0026
1302 +.720534428291E-0026
1303 +.135713696234E-0025
1304 +.271136249346E-0025
1305 +.482108972339E-0025
1306 +.105832080667E-0024
1307 +.145175494362E-0024
1308 +.415770274234E-0024
1309 +.101522331653E-0024
1310 +.257588066182E-0024
1311 +.948332121994E-0024
1312 +.243558063823E-0023
1313 +.359949462750E-0023
1314 +.332850184863E-0023
1315 +.692408957572E-0023
1316 +.120553864140E-0022
1317 +.268119428954E-0022
1318 +.350993964359E-0022
1319 +.103729643120E-0021
1320 +.494031676494E-0022
1321 +.202003481076E-0021
1322 +.691810239536E-0021
1323 +.129075100992E-0020
1324 +.771306798608E-0022
1325 +.560285455199E-0021
1326 +.217526592231E-0021
1327 +.910489336011E-0021
1328 +.260722983404E-0020
1329 +.141834976245E-0020
1330 +.195244800316E-0020
1331 +.237458179997E-0020
1332 +.735326313683E-0020
1333 +.778424819783E-0020
1334 +.226454777554E-0019
1335 +.566227422405E-0019
1336 +.182141125228E-0019
1337 +.522753702940E-0019
1338 +.602724289107E-0019
1339 +.186350219367E-0018
1340 +.151878348903E-0018
1341 +.446900742929E-0018
1342 +.127356804288E-0017
1343 +.134618788712E-0018
1344 +.116187980966E-0018
1345 +.581847902710E-0019
1346 +.211325961321E-0018
1347 +.343913538738E-0018
1348 +.928910672556E-0018
1349 +.874380928572E-0018
1350 +.308574983565E-0017
1351 +.829226979798E-0017
1352 +.405358582567E-0017
1353 +.103847884531E-0016
1354 +.117614282579E-0016
1355 +.368574741958E-0016
1356 +.349843039073E-0016
1357 +.121258836696E-0015
1358 +.288349080344E-0015
1359 +.174433437266E-0015
1360 +.402220573326E-0015
1361 +.605168780640E-0015
1362 +.157210651492E-0014
1363 +.710037312505E-0015
1364 +.293050423924E-0014
1365 +.896699863842E-0014
1366 +.941431267910E-0014
1367 +.160431651355E-0013
1368 +.270261742247E-0013
1369 +.612342944377E-0013
1370 +.738374356448E-0013
1371 +.228821066971E-0012
1372 +.197752738442E-0012
1373 +.580692133978E-0012
1374 +.159533530451E-0011
1375 +.249625944376E-0012
1376 +.970655484334E-0012
1377 +.984341289922E-0012
1378 +.319738072071E-0011
1379 +.378868990780E-0011
1380 +.100889896647E-0010
1381 +.183040006438E-0010
1382 +.374851758849E-0010
1383 +.118024122802E-0011
1384 +.123003496316E-0010
1385 +.397568885263E-0010
1386 +.551946738395E-0010
1387 +.671128287288E-0010
1388 +.144845585583E-0009
1389 +.204523239844E-0009
1390 +.567683876077E-0009
1391 +.134942633439E-0010
1392 +.218393927422E-0009
1393 +.786050835876E-0009
1394 +.206334752948E-0008
1395 +.333926061384E-0008
1396 +.240765687362E-0008
1397 +.566783366560E-0008
1398 +.748958129318E-0008
1399 +.216870995626E-0007
1400 +.648299823630E-0008
1401 +.173314065616E-0007
1402 +.628548484586E-0007
1403 +.151005481762E-0006
1404 +.161540546006E-0006
1405 +.225598981833E-0006
1406 +.306230813683E-0006
1407 +.877518623319E-0006
1408 +.218781901631E-0006
1409 +.549805435375E-0006
1410 +.201146362955E-0005
1411 +.499946619440E-0005
1412 +.635337193190E-0005
1413 +.760556038699E-0005
1414 +.129356177656E-0004
1415 +.304003201032E-0004
1416 +.304053348148E-0004
1417 +.102510203424E-0003
1418 +.178808541644E-0003
1419 +.389722097435E-0003
1420 +.131665479586E-0003
1421 +.343510464435E-0003
1422 +.110962700666E-0002
1423 +.124901914795E-0002
1424 +.133222426503E-0002
1425 +.251022382527E-0002
1426 +.521160659395E-0002
1427 +.829712239356E-0002
1428 +.209213909859E-0001
1429 +.135160550642E-0001
1430 +.518217616701E-0001
1431 +.145118482328E+0000
1432 +.145817938569E-0001
1433 +.723428205571E-0001
1434 +.727695322669E-0001
1435 +.240134000965E+0000
1436 +.368298732962E+0000
1437 +.100414280979E+0001
1438 +.183465503471E+0001
1439 +.574073431724E+0001
