0 +.114042438596E-0450
1 +.353531559647E-0450
2 +.361742615226E-0450
3 +.983798683259E-0450
4 +.193234979677E-0449
5 +.270406511706E-0449
6 +.321115109540E-0449
7 +.977715666262E-0449
8 +.691742700486E-0449
9 +.199828222663E-0448
10 +.564563366071E-0448
11 +.339948982182E-0448
12 +.441955782527E-0448
13 +.559099395337E-0448
14 +.170063540119E-0447
15 +.123120126252E-0447
16 +.355652800461E-0447
17 +.995113516470E-0447
18 +.524085699167E-0447
19 +.666560097473E-0447
20 +.809548745966E-0447
21 +.252626736769E-0446
22 +.237213892030E-0446
23 +.665820958273E-0446
24 +.152514704582E-0445
25 +.111779207556E-0445
26 +.236629303803E-0445
27 +.412425323518E-0445
28 +.908359159011E-0445
29 +.123118772151E-0444
30 +.355472842336E-0444
31 +.100898740364E-0444
32 +.248985298768E-0444
33 +.848077863216E-0444
34 +.208038640214E-0443
35 +.244899755724E-0443
36 +.313291719144E-0443
37 +.482875158795E-0443
38 +.125597267568E-0442
39 +.517488713000E-0443
40 +.217656890550E-0442
41 +.672033886498E-0442
42 +.835437604955E-0442
43 +.797311325245E-0442
44 +.163904646547E-0441
45 +.293135784070E-0441
46 +.627668304549E-0441
47 +.932436201571E-0441
48 +.250720150532E-0440
49 +.558609334454E-0441
50 +.272957717401E-0440
51 +.920045829506E-0440
52 +.194729004201E-0439
53 +.831019200985E-0440
54 +.120344351624E-0439
55 +.731664063953E-0440
56 +.282309192812E-0439
57 +.751975531306E-0439
58 +.457123095172E-0440
59 +.135254474739E-0439
60 +.102984185243E-0439
61 +.351656141758E-0439
62 +.497763734087E-0439
63 +.117683222319E-0438
64 +.991438335107E-0439
65 +.272341333801E-0438
66 +.598059246980E-0438
67 +.560568820289E-0438
68 +.103808615015E-0437
69 +.219140263368E-0437
70 +.329223687252E-0437
71 +.875496753291E-0437
72 +.259229927440E-0437
73 +.117541841377E-0436
74 +.385285205031E-0436
75 +.703696198599E-0436
76 +.897845590354E-0437
77 +.411951662414E-0436
78 +.185783889448E-0436
79 +.754644843617E-0436
80 +.209744561266E-0435
81 +.753816640419E-0436
82 +.812374921050E-0436
83 +.953952234810E-0436
84 +.307924470909E-0435
85 +.386717670012E-0435
86 +.983493241950E-0435
87 +.133421232330E-0434
88 +.310378020409E-0434
89 +.235310010964E-0434
90 +.652997978213E-0434
91 +.155732248020E-0433
92 +.806604563461E-0434
93 +.195530643800E-0433
94 +.276683219349E-0433
95 +.755836719589E-0433
96 +.926562398099E-0434
97 +.556222602518E-0433
98 +.192910545159E-0432
99 +.464646323740E-0432
100 +.500011595256E-0432
101 +.685942459695E-0432
102 +.940370563896E-0432
103 +.268024307866E-0431
104 +.565854289960E-0432
105 +.119869092489E-0431
106 +.409573600289E-0431
107 +.104740503351E-0430
108 +.150206008335E-0430
109 +.147655123569E-0430
110 +.295231858819E-0430
111 +.552792160218E-0430
112 +.109742821429E-0429
113 +.197807877986E-0429
114 +.425378430621E-0429
115 +.623917441048E-0429
116 +.169641480064E-0428
117 +.249894461036E-0429
118 +.139696132493E-0428
119 +.481874729098E-0428
120 +.113567372409E-0427
121 +.108371563614E-0427
122 +.158519889891E-0427
123 +.186723041722E-0427
124 +.581574037649E-0427
125 +.524279394473E-0427
126 +.148234442519E-0426
127 +.353776498073E-0426
128 +.182393133426E-0426
129 +.442936399245E-0426
130 +.624976593148E-0426
131 +.171107781605E-0425
132 +.183888335649E-0426
133 +.116751725405E-0425
134 +.406471109459E-0425
135 +.993798743033E-0425
136 +.115601989713E-0424
137 +.149486508451E-0424
138 +.226773182773E-0424
139 +.598097979815E-0424
140 +.193337559299E-0424
141 +.858035495736E-0424
142 +.277097560261E-0423
143 +.464178148387E-0423
144 +.176408363552E-0423
145 +.521885009946E-0423
146 +.374109939190E-0423
147 +.137665834803E-0422
148 +.310016941518E-0422
149 +.286027291291E-0422
150 +.534219826224E-0422
151 +.111525112824E-0421
152 +.172841965694E-0421
153 +.446470891952E-0421
154 +.215649904797E-0421
155 +.877839791765E-0421
156 +.260366634560E-0420
157 +.230720291077E-0420
158 +.286425418278E-0420
159 +.446243960392E-0420
160 +.116032497663E-0419
161 +.477929828724E-0420
162 +.201049630142E-0419
163 +.621067981198E-0419
164 +.774977778251E-0419
165 +.735757429673E-0419
166 +.151783491086E-0418
167 +.269631956435E-0418
168 +.583182454277E-0418
169 +.839769286395E-0418
170 +.231766424465E-0417
171 +.101722615563E-0418
172 +.105777392470E-0417
173 +.374385605782E-0417
174 +.966610498146E-0417
175 +.145417811573E-0416
176 +.129114683956E-0416
177 +.275053537513E-0416
178 +.456760615260E-0416
179 +.107954770019E-0415
180 +.108008034653E-0415
181 +.364326879130E-0415
182 +.572562157854E-0415
183 +.123242065739E-0414
184 +.375198952297E-0415
185 +.907646719226E-0415
186 +.272703864679E-0414
187 +.319700970072E-0414
188 +.329428672083E-0414
189 +.639775853138E-0414
190 +.126520624656E-0413
191 +.225855529804E-0413
192 +.492578196574E-0413
193 +.690458285661E-0413
194 +.194628342220E-0412
195 +.207921122573E-0413
196 +.156044403476E-0413
197 +.498784156099E-0413
198 +.134293845127E-0412
199 +.237237105519E-0412
200 +.114082967007E-0412
201 +.309804590249E-0412
202 +.284390421193E-0412
203 +.974978930067E-0412
204 +.163787034880E-0411
205 +.325936200031E-0411
206 +.225409217593E-0412
207 +.175484951883E-0411
208 +.548863403626E-0411
209 +.699388710783E-0411
210 +.643763062412E-0411
211 +.135471718361E-0410
212 +.231370404541E-0410
213 +.528465435561E-0410
214 +.622661291171E-0410
215 +.195462112931E-0409
216 +.185806720918E-0409
217 +.520729316699E-0409
218 +.118109014682E-0408
219 +.924086222075E-0409
220 +.189675064697E-0408
221 +.346641555869E-0408
222 +.711082122614E-0408
223 +.118744678132E-0407
224 +.283208798282E-0407
225 +.269345818936E-0407
226 +.925612622433E-0407
227 +.160658077813E-0406
228 +.305544758451E-0406
229 +.790471336746E-0407
230 +.361791601208E-0406
231 +.106480724594E-0405
232 +.854901298056E-0406
233 +.109262721449E-0405
234 +.159560119067E-0405
235 +.438773913497E-0405
236 +.173870619828E-0406
237 +.193546223557E-0405
238 +.683990229563E-0405
239 +.174879626460E-0404
240 +.251945485738E-0404
241 +.245542621471E-0404
242 +.493856611811E-0404
243 +.915170730224E-0404
244 +.184974581078E-0403
245 +.320207582642E-0403
246 +.729651818115E-0403
247 +.868385008537E-0403
248 +.271239668759E-0402
249 +.246542192736E-0402
250 +.696819405899E-0402
251 +.165623917567E-0401
252 +.891168862772E-0402
253 +.213168815227E-0401
254 +.307405497961E-0401
255 +.827405954885E-0401
256 +.184063832989E-0401
257 +.899605820342E-0401
258 +.302918452652E-0400
259 +.637682646550E-0400
260 +.257173865183E-0400
261 +.364495433527E-0400
262 +.217994902087E-0400
263 +.844798276694E-0400
264 +.227892370736E-0399
265 +.340551398763E-0400
266 +.138918756376E-0401
267 +.902955569097E-0401
268 +.268975664933E-0400
269 +.381472111500E-0400
270 +.893545721073E-0400
271 +.704820381551E-0400
272 +.194919232068E-0399
273 +.451189892455E-0399
274 +.305962578458E-0399
275 +.669818155429E-0399
276 +.110765520281E-0398
277 +.260894586949E-0398
278 +.265930268565E-0398
279 +.890530037005E-0398
280 +.134252957840E-0397
281 +.300979891448E-0397
282 +.157798975710E-0397
283 +.432922805712E-0397
284 +.120572080893E-0396
285 +.605074217783E-0397
286 +.760096856742E-0397
287 +.913563547501E-0397
288 +.287044954977E-0396
289 +.286664699048E-0396
290 +.793701264978E-0396
291 +.169035452769E-0395
292 +.181783110568E-0395
293 +.303191832407E-0395
294 +.721660580116E-0395
295 +.665343399647E-0395
296 +.230790951399E-0394
297 +.418904283131E-0394
298 +.741353936474E-0394
299 +.390604802360E-0394
300 +.151790697565E-0393
301 +.381857827232E-0393
302 +.119985637786E-0393
303 +.345912130587E-0393
304 +.406497691342E-0393
305 +.124393562584E-0392
306 +.888430581924E-0393
307 +.256893018070E-0392
308 +.725263073204E-0392
309 +.432502915953E-0392
310 +.561715048466E-0392
311 +.708144709571E-0392
312 +.215869407259E-0391
313 +.160151727412E-0391
314 +.462149272931E-0391
315 +.127571894455E-0390
316 +.540846563599E-0391
317 +.640020459623E-0391
318 +.749468633889E-0391
319 +.240024063358E-0390
320 +.281239714135E-0390
321 +.738895629395E-0390
322 +.119862503638E-0389
323 +.236436785958E-0389
324 +.245341524549E-0390
325 +.155477770149E-0389
326 +.482743187744E-0389
327 +.594309346895E-0389
328 +.574764971137E-0389
329 +.117070454419E-0388
330 +.213054708157E-0388
331 +.444015823641E-0388
332 +.712230191016E-0388
333 +.177830940617E-0387
334 +.122812567213E-0387
335 +.462342766993E-0387
336 +.115325470788E-0386
337 +.421977930588E-0387
338 +.115178540087E-0386
339 +.141954849335E-0386
340 +.423907713923E-0386
341 +.222234493869E-0386
342 +.634582468227E-0386
343 +.200333927976E-0385
344 +.317939328526E-0385
345 +.165109020136E-0385
346 +.442361980440E-0385
347 +.405326840190E-0385
348 +.139206026253E-0384
349 +.236384465532E-0384
350 +.463675337532E-0384
351 +.609087099304E-0385
352 +.348703297008E-0384
353 +.107229551438E-0383
354 +.123936468271E-0383
355 +.129172582931E-0383
356 +.248400616559E-0383
357 +.499198326518E-0383
358 +.859535730662E-0383
359 +.197165971381E-0382
360 +.227948999978E-0382
361 +.722532625137E-0382
362 +.745982566772E-0382
363 +.204945250146E-0381
364 +.418768314173E-0381
365 +.522574944449E-0381
366 +.743127794179E-0381
367 +.202965589263E-0380
368 +.179524339195E-0381
369 +.124725884344E-0380
370 +.434704633021E-0380
371 +.106256482962E-0379
372 +.123466710060E-0379
373 +.159807076493E-0379
374 +.242084714197E-0379
375 +.639261180193E-0379
376 +.201593772678E-0379
377 +.899862957844E-0379
378 +.291633037545E-0378
379 +.498837573737E-0378
380 +.161296101385E-0378
381 +.502930800804E-0378
382 +.325509654019E-0378
383 +.122677632602E-0377
384 +.296572931072E-0377
385 +.163036018473E-0377
386 +.386324759063E-0377
387 +.566175786790E-0377
388 +.150346777948E-0376
389 +.468334043149E-0377
390 +.209748092074E-0376
391 +.682293418286E-0376
392 +.119295379968E-0375
393 +.311256460801E-0376
394 +.104564096363E-0375
395 +.604239273761E-0376
396 +.233398754381E-0375
397 +.598756122270E-0375
398 +.115725515892E-0375
399 +.406329526300E-0375
400 +.430598775164E-0375
401 +.137626503573E-0374
402 +.145450898398E-0374
403 +.396788325889E-0374
404 +.782015540872E-0374
405 +.108418748078E-0373
406 +.131020043347E-0373
407 +.395382865352E-0373
408 +.252242969883E-0373
409 +.728663249489E-0373
410 +.215591327581E-0372
411 +.212009574715E-0372
412 +.251698773342E-0372
413 +.421509265853E-0372
414 +.101829613522E-0371
415 +.864913883000E-0372
416 +.308018042211E-0371
417 +.629592473804E-0371
418 +.850528413597E-0371
419 +.107341717411E-0370
420 +.316252946556E-0370
421 +.143647242767E-0370
422 +.401851206470E-0370
423 +.130132808223E-0369
424 +.240964028807E-0369
425 +.210136499412E-0370
426 +.119385694064E-0369
427 +.496654439091E-0370
428 +.204996640644E-0369
429 +.578126541778E-0369
430 +.271006465736E-0369
431 +.332389973306E-0369
432 +.396876492211E-0369
433 +.125433133750E-0368
434 +.131972402375E-0368
435 +.360254782238E-0368
436 +.712963668079E-0368
437 +.977489015383E-0368
438 +.120520349537E-0367
439 +.359856446181E-0367
440 +.200095890201E-0367
441 +.573820635685E-0367
442 +.177714172752E-0366
443 +.248792538330E-0366
444 +.193110236089E-0366
445 +.445128491733E-0366
446 +.617342324576E-0366
447 +.172990565461E-0365
448 +.102552091514E-0366
449 +.153688700777E-0366
450 +.583055503696E-0366
451 +.155520937772E-0365
452 +.270622082187E-0365
453 +.142490098583E-0365
454 +.375778977584E-0365
455 +.370609452143E-0365
456 +.123924574195E-0364
457 +.181943791750E-0364
458 +.417383746524E-0364
459 +.274428646667E-0364
460 +.763610394977E-0364
461 +.196526614295E-0363
462 +.117822991151E-0364
463 +.822867127938E-0364
464 +.769997066995E-0364
465 +.255335128794E-0363
466 +.339102098313E-0363
467 +.836436774945E-0363
468 +.944131402660E-0363
469 +.241721446670E-0362
470 +.350777863848E-0362
471 +.775651061786E-0362
472 +.355326726917E-0362
473 +.957331486215E-0362
474 +.275236384134E-0361
475 +.208867807008E-0361
476 +.270391759349E-0361
477 +.380583558416E-0361
478 +.107662047289E-0360
479 +.174660042128E-0361
480 +.296835430371E-0361
481 +.100945089850E-0360
482 +.264666759407E-0360
483 +.422761814534E-0360
484 +.318156818347E-0360
485 +.735452372097E-0360
486 +.101652074804E-0359
487 +.285306784977E-0359
488 +.201247265614E-0360
489 +.139247634166E-0360
490 +.560849672543E-0360
491 +.149469724776E-0359
492 +.261026222692E-0359
493 +.134799448118E-0359
494 +.357753946465E-0359
495 +.347282888784E-0359
496 +.116796165584E-0358
497 +.177208125360E-0358
498 +.394849677673E-0358
499 +.193389521071E-0358
500 +.526077333974E-0358
501 +.148926423630E-0357
502 +.940260120440E-0358
503 +.122654090205E-0357
504 +.158078063071E-0357
505 +.475198296405E-0357
506 +.298530291332E-0357
507 +.862589494971E-0357
508 +.257301499363E-0356
509 +.271299384970E-0356
510 +.307807313668E-0356
511 +.545238668138E-0356
512 +.123204589474E-0355
513 +.147870656709E-0355
514 +.459482737483E-0355
515 +.397685643619E-0355
516 +.113253738410E-0354
517 +.281491023597E-0354
518 +.792176219089E-0355
519 +.238279915856E-0354
520 +.270420989648E-0354
521 +.841318668532E-0354
522 +.711052738722E-0354
523 +.203061155965E-0353
524 +.514122602077E-0353
525 +.864153367064E-0354
526 +.324290467800E-0353
527 +.333911772840E-0353
528 +.107877719351E-0352
529 +.123214694912E-0352
530 +.327320492170E-0352
531 +.562446326971E-0352
532 +.102612407449E-0351
533 +.427989614341E-0352
534 +.174921093706E-0351
535 +.476093705078E-0351
536 +.982487796955E-0352
537 +.494279262309E-0352
538 +.718130185668E-0352
539 +.231717638344E-0351
540 +.326916787198E-0351
541 +.772402326600E-0351
542 +.649069189801E-0351
543 +.178348603854E-0350
544 +.392507836453E-0350
545 +.363907366069E-0350
546 +.678732825008E-0350
547 +.141970370955E-0349
548 +.218889480879E-0349
549 +.568261191871E-0349
550 +.256508262788E-0349
551 +.105904025614E-0348
552 +.320515213026E-0348
553 +.340455122878E-0348
554 +.382693094995E-0348
555 +.684581304967E-0348
556 +.152762080322E-0347
557 +.192705216208E-0347
558 +.582325313562E-0347
559 +.371534499845E-0347
560 +.107492367378E-0346
561 +.319655044015E-0346
562 +.328341016909E-0346
563 +.379463121423E-0346
564 +.657871024145E-0346
565 +.152683728313E-0345
566 +.162592264313E-0345
567 +.534662287754E-0345
568 +.720743506758E-0345
569 +.176128388886E-0344
570 +.187305599076E-0344
571 +.489656594178E-0344
572 +.800792462771E-0344
573 +.156466789007E-0343
574 +.225903985664E-0344
575 +.124677205948E-0343
576 +.382656911095E-0343
577 +.437623226663E-0343
578 +.461109526705E-0343
579 +.878431663258E-0343
580 +.179161043599E-0342
581 +.297779346494E-0342
582 +.713934945940E-0342
583 +.658252890318E-0342
584 +.228609898159E-0341
585 +.417957519033E-0341
586 +.730285239333E-0341
587 +.416738908444E-0341
588 +.159175091233E-0340
589 +.386224621950E-0340
590 +.203580232763E-0340
591 +.489799480262E-0340
592 +.701899502205E-0340
593 +.189828723672E-0339
594 +.361684584384E-0340
595 +.185179462145E-0339
596 +.630049965483E-0339
597 +.139475165694E-0338
598 +.882563369904E-0339
599 +.138086143219E-0338
600 +.105553710765E-0338
601 +.384226328190E-0338
602 +.852740248206E-0338
603 +.844222826919E-0338
604 +.150226949585E-0337
605 +.332933288544E-0337
606 +.426800833803E-0337
607 +.127655601286E-0336
608 +.966051531327E-0337
609 +.291283264179E-0336
610 +.915616335161E-0336
611 +.132299270488E-0335
612 +.149778674681E-0335
613 +.334425562949E-0335
614 +.426584506549E-0335
615 +.126881033308E-0334
616 +.900847325393E-0335
617 +.271487297883E-0334
618 +.872914576078E-0334
619 +.145183178009E-0333
620 +.110646587356E-0333
621 +.282531573162E-0333
622 +.214611224672E-0333
623 +.780484225232E-0333
624 +.182981584756E-0332
625 +.198776628275E-0332
626 +.330034919312E-0332
627 +.787796477501E-0332
628 +.714532462438E-0332
629 +.249187888873E-0331
630 +.469890790506E-0331
631 +.813245672454E-0331
632 +.551314181539E-0331
633 +.202343333553E-0330
634 +.448718689259E-0330
635 +.514049651971E-0330
636 +.843228603168E-0330
637 +.202271805794E-0329
638 +.178711862132E-0329
639 +.628473602334E-0329
640 +.121562766015E-0328
641 +.193124155810E-0328
642 +.176586413491E-0328
643 +.596693601471E-0328
644 +.945388036895E-0328
645 +.213421626085E-0327
646 +.138102359226E-0327
647 +.402852261181E-0327
648 +.121183105350E-0326
649 +.120465683571E-0326
650 +.214577890817E-0326
651 +.344554393758E-0326
652 +.826150995145E-0326
653 +.753661452141E-0326
654 +.262450057849E-0325
655 +.491714400003E-0325
656 +.861241232524E-0325
657 +.549934717502E-0325
658 +.204697592358E-0324
659 +.473157087773E-0324
660 +.448656398370E-0324
661 +.849941003182E-0324
662 +.171553666657E-0323
663 +.290291508323E-0323
664 +.680475429075E-0323
665 +.710060500228E-0323
666 +.235632089777E-0322
667 +.379172053890E-0322
668 +.898461644464E-0322
669 +.727513394463E-0322
670 +.204871701362E-0321
671 +.515892964725E-0321
672 +.369101628757E-0321
673 +.792665844537E-0321
674 +.134488296695E-0320
675 +.307066715327E-0320
676 +.362342653512E-0320
677 +.113643496059E-0319
678 +.128914220151E-0319
679 +.368785132999E-0319
680 +.851067616869E-0319
681 +.649896327891E-0319
682 +.136232301477E-0318
683 +.238857595083E-0318
684 +.522081822777E-0318
685 +.726176154155E-0318
686 +.205815058273E-0317
687 +.344395622333E-0318
688 +.719029532861E-0318
689 +.268478993953E-0317
690 +.713898616173E-0317
691 +.122415268443E-0316
692 +.695760171756E-0317
693 +.178879931566E-0316
694 +.188256227236E-0316
695 +.613755234485E-0316
696 +.769055402240E-0316
697 +.199217112545E-0315
698 +.319883036878E-0315
699 +.748420915070E-0315
700 +.545488972832E-0315
701 +.155947296575E-0314
702 +.420563263382E-0314
703 +.122681842098E-0314
704 +.364324847737E-0314
705 +.414486764323E-0314
706 +.128852843720E-0313
707 +.108187671679E-0313
708 +.315762937991E-0313
709 +.869249112138E-0313
710 +.125345657057E-0313
711 +.508073008115E-0313
712 +.509972319006E-0313
713 +.166177884604E-0312
714 +.200889468340E-0312
715 +.530154233974E-0312
716 +.923272242025E-0312
717 +.198993744583E-0311
718 +.549482054411E-0312
719 +.136608733437E-0311
720 +.448894844396E-0311
721 +.572385951909E-0311
722 +.792745425921E-0311
723 +.158592934781E-0310
724 +.270185696569E-0310
725 +.622591397097E-0310
726 +.704552122273E-0310
727 +.225605412473E-0309
728 +.257290961843E-0309
729 +.704563278534E-0309
730 +.141798939827E-0308
731 +.244456121739E-0308
732 +.158651481391E-0308
733 +.588812089549E-0308
734 +.142296993316E-0307
735 +.131269733568E-0307
736 +.246356158650E-0307
737 +.510017804774E-0307
738 +.808666825276E-0307
739 +.204154438608E-0306
740 +.127401288382E-0306
741 +.490969912669E-0306
742 +.138199293233E-0305
743 +.606274937205E-0307
744 +.304785436661E-0306
745 +.247349661336E-0306
746 +.837894903871E-0306
747 +.132583483971E-0305
748 +.368483121115E-0305
749 +.408739302805E-0305
750 +.114657027789E-0304
751 +.245812238449E-0304
752 +.276809539063E-0304
753 +.452122806360E-0304
754 +.109426257153E-0303
755 +.911337664167E-0304
756 +.326253617361E-0303
757 +.680843317253E-0303
758 +.881843871063E-0303
759 +.122250340426E-0302
760 +.338972206601E-0302
761 +.166310874372E-0303
762 +.131132641321E-0302
763 +.473346175789E-0302
764 +.122762122401E-0301
765 +.188830240758E-0301
766 +.158633823855E-0301
767 +.348140110459E-0301
768 +.542755956070E-0301
769 +.137436013077E-0300
770 +.835520197156E-0301
771 +.323815636997E-0300
772 +.922878780364E-0300
773 +.123935168529E-0300
774 +.358480777861E-0301
775 +.218343329290E-0301
776 +.767961515327E-0301
777 +.123109286320E-0300
778 +.337655380806E-0300
779 +.347860960805E-0300
780 +.119451880575E-0299
781 +.298856096963E-0299
782 +.283237501534E-0299
783 +.580504512882E-0299
784 +.982850454306E-0299
785 +.226145265880E-0298
786 +.257647704427E-0298
787 +.822276809701E-0298
788 +.105118211747E-0297
789 +.288275974196E-0297
790 +.545845111218E-0297
791 +.865882681706E-0297
792 +.792118174208E-0297
793 +.267772386014E-0296
794 +.425540680545E-0296
795 +.957732209185E-0296
796 +.604867174840E-0296
797 +.176108843335E-0295
798 +.532600465997E-0295
799 +.552938555432E-0295
800 +.952697373232E-0295
801 +.158551180229E-0294
802 +.364705930765E-0294
803 +.412228139743E-0294
804 +.131975963752E-0293
805 +.150232288876E-0293
806 +.411714339343E-0293
807 +.831163067551E-0293
808 +.142389446687E-0292
809 +.952992782932E-0293
810 +.351145366954E-0292
811 +.832346813146E-0292
812 +.852905278546E-0292
813 +.148693781006E-0291
814 +.336839278324E-0291
815 +.396386747337E-0291
816 +.124369114726E-0290
817 +.120314630617E-0290
818 +.346079336746E-0290
819 +.862272776676E-0290
820 +.661224368273E-0290
821 +.137629763670E-0289
822 +.245239747818E-0289
823 +.523419365698E-0289
824 +.784812038975E-0289
825 +.209282083224E-0288
826 +.582146005169E-0289
827 +.268063824350E-0288
828 +.920174282078E-0288
829 +.174797350786E-0287
830 +.272571049539E-0289
831 +.507707443340E-0288
832 +.172331975155E-0288
833 +.741921850727E-0288
834 +.224471097714E-0287
835 +.143948713177E-0287
836 +.186914616857E-0287
837 +.244578249230E-0287
838 +.728523951985E-0287
839 +.434273319233E-0287
840 +.169915877581E-0286
841 +.532207343601E-0286
842 +.756449909474E-0286
843 +.884933279573E-0286
844 +.194609356169E-0285
845 +.260195213033E-0285
846 +.751046970045E-0285
847 +.365855197115E-0285
848 +.106440211252E-0284
849 +.369283107753E-0284
850 +.906256076140E-0284
851 +.107266464667E-0283
852 +.136549366578E-0283
853 +.211955344819E-0283
854 +.547807392370E-0283
855 +.247584380735E-0283
856 +.102122516094E-0282
857 +.311783265592E-0282
858 +.320853361084E-0282
859 +.555646708660E-0282
860 +.920602100016E-0282
861 +.212902493091E-0281
862 +.234829960634E-0281
863 +.760339647677E-0281
864 +.939225998100E-0281
865 +.248540550312E-0280
866 +.429681563692E-0280
867 +.933552271281E-0280
868 +.295905941984E-0280
869 +.768164837403E-0280
870 +.250055978056E-0279
871 +.299671857403E-0279
872 +.298431861093E-0279
873 +.594736305382E-0279
874 +.112619079515E-0278
875 +.219245305639E-0278
876 +.411722132758E-0278
877 +.827769776788E-0278
878 +.145167122603E-0277
879 +.325041583938E-0277
880 +.415071440016E-0277
881 +.124609225730E-0276
882 +.756128470155E-0277
883 +.226555233275E-0276
884 +.740595931624E-0276
885 +.958306451967E-0276
886 +.871174441765E-0276
887 +.185960725546E-0275
888 +.306887200968E-0275
889 +.731468992973E-0275
890 +.698547664655E-0275
891 +.239666731853E-0274
892 +.454382357058E-0274
893 +.882206001918E-0274
894 +.182994135319E-0274
895 +.892063809816E-0274
896 +.278600193957E-0273
897 +.265801733528E-0273
898 +.321991055883E-0273
899 +.529670210112E-0273
900 +.130305925326E-0272
901 +.973448766812E-0273
902 +.359156923487E-0272
903 +.897565295293E-0272
904 +.667353616188E-0272
905 +.140497152057E-0271
906 +.246362541533E-0271
907 +.538044320511E-0271
908 +.750491002844E-0271
909 +.212261664821E-0270
910 +.310207298904E-0271
911 +.173982894611E-0270
912 +.634449003613E-0270
913 +.169448853451E-0269
914 +.294929407795E-0269
915 +.156450312051E-0269
916 +.412016379881E-0269
917 +.405837955401E-0269
918 +.135775768921E-0268
919 +.224326203776E-0268
920 +.518193981758E-0268
921 +.340435884269E-0268
922 +.968789001667E-0268
923 +.272709754397E-0267
924 +.285492723222E-0269
925 +.803604366551E-0268
926 +.694937541699E-0268
927 +.233856587487E-0267
928 +.370374068459E-0267
929 +.102888172451E-0266
930 +.916361261310E-0267
931 +.255392279818E-0266
932 +.598651895345E-0266
933 +.655306217747E-0266
934 +.108501765399E-0265
935 +.259694302614E-0265
936 +.231849234571E-0265
937 +.812685328447E-0265
938 +.156859249804E-0264
939 +.259033679008E-0264
940 +.213029932590E-0264
941 +.743414333830E-0264
942 +.136966264813E-0263
943 +.253701912802E-0263
944 +.124876061479E-0263
945 +.492032578024E-0263
946 +.128991283223E-0262
947 +.314026687819E-0263
948 +.100322813196E-0262
949 +.106002387460E-0262
950 +.340188222652E-0262
951 +.378658471974E-0262
952 +.103894601615E-0261
953 +.215644586519E-0261
954 +.347885978486E-0261
955 +.296119312044E-0261
956 +.102413110943E-0260
957 +.195710080798E-0260
958 +.373982187808E-0260
959 +.101590347438E-0260
960 +.459003112337E-0260
961 +.140408863516E-0259
962 +.105552791157E-0259
963 +.137939341133E-0259
964 +.194194193624E-0259
965 +.548699258970E-0259
966 +.838000554505E-0260
967 +.157727298108E-0259
968 +.589752327374E-0259
969 +.154645051091E-0258
970 +.250387938868E-0258
971 +.273079434490E-0258
972 +.604554311209E-0258
973 +.802666899768E-0258
974 +.232526810559E-0257
975 +.119274692199E-0257
976 +.349789606757E-0257
977 +.120614342558E-0256
978 +.288142636525E-0256
979 +.296163343061E-0256
980 +.417739235247E-0256
981 +.540122985005E-0256
982 +.159835303004E-0255
983 +.111268382316E-0255
984 +.334956262197E-0255
985 +.108158713901E-0254
986 +.184349363793E-0254
987 +.126758769177E-0254
988 +.332358934281E-0254
989 +.225769856897E-0254
990 +.843881366279E-0254
991 +.214610415118E-0253
992 +.136923625767E-0253
993 +.307475816336E-0253
994 +.487159768836E-0253
995 +.120307498213E-0252
996 +.910740011773E-0253
997 +.335007715486E-0252
998 +.829827931967E-0252
999 +.659173888152E-0252
1000 +.134470570666E-0251
1001 +.247432056515E-0251
1002 +.501949015564E-0251
1003 +.861122430078E-0251
1004 +.198552998976E-0250
1005 +.224383844571E-0250
1006 +.719092195025E-0250
1007 +.809746639035E-0250
1008 +.219902682179E-0249
1009 +.438094427214E-0249
1010 +.771183604815E-0249
1011 +.447387180560E-0249
1012 +.170296370940E-0248
1013 +.436943152649E-0248
1014 +.252280028867E-0248
1015 +.588437526849E-0248
1016 +.878909603991E-0248
1017 +.229666641613E-0247
1018 +.952831567233E-0248
1019 +.400356678788E-0247
1020 +.129390411641E-0246
1021 +.160903000812E-0246
1022 +.154336557506E-0246
1023 +.317896826055E-0246
1024 +.564768074713E-0246
1025 +.122159308783E-0245
1026 +.175871149378E-0245
1027 +.485462598137E-0245
1028 +.847695510043E-0246
1029 +.219590765113E-0245
1030 +.809091672753E-0245
1031 +.208771959542E-0244
1032 +.315067107763E-0244
1033 +.300016507201E-0244
1034 +.634142777112E-0244
1035 +.104535541208E-0243
1036 +.249502958774E-0243
1037 +.236305485412E-0243
1038 +.813087454612E-0243
1039 +.156169179930E-0242
1040 +.296746230307E-0242
1041 +.871061604065E-0243
1042 +.385855916745E-0242
1043 +.117039833478E-0241
1044 +.788579614694E-0242
1045 +.104071451605E-0241
1046 +.138639982954E-0241
1047 +.407378459329E-0241
1048 +.182162718178E-0241
1049 +.527370180411E-0241
1050 +.182733363503E-0240
1051 +.346652458885E-0240
1052 +.490515932148E-0242
1053 +.107129007651E-0240
1054 +.363255186225E-0241
1055 +.156395069712E-0240
1056 +.472696436867E-0240
1057 +.298977615801E-0240
1058 +.671596695139E-0240
1059 +.808328861327E-0240
1060 +.243174420534E-0239
1061 +.147784385440E-0239
1062 +.443313580559E-0239
1063 +.144586171517E-0238
1064 +.183853797421E-0238
1065 +.171786883665E-0238
1066 +.360619744402E-0238
1067 +.616205502272E-0238
1068 +.140685970037E-0237
1069 +.166051725204E-0237
1070 +.520794115355E-0237
1071 +.590798168402E-0237
1072 +.169008459992E-0236
1073 +.390016165899E-0236
1074 +.297901101195E-0236
1075 +.624392096668E-0236
1076 +.109495599702E-0235
1077 +.239266994745E-0235
1078 +.333092627060E-0235
1079 +.943452658941E-0235
1080 +.153425085352E-0235
1081 +.313876661509E-0235
1082 +.117322166892E-0234
1083 +.312346781674E-0234
1084 +.538332508885E-0234
1085 +.485615634500E-0234
1086 +.115786316376E-0233
1087 +.120345935490E-0233
1088 +.395560956876E-0233
1089 +.598049924780E-0233
1090 +.149030938064E-0232
1091 +.169804620553E-0232
1092 +.441970664659E-0232
1093 +.750628035002E-0232
1094 +.166623299573E-0231
1095 +.715738895931E-0232
1096 +.198518264147E-0231
1097 +.625217173952E-0231
1098 +.568306749938E-0231
1099 +.709917977190E-0231
1100 +.112494472939E-0230
1101 +.287142963784E-0230
1102 +.151767303104E-0230
1103 +.605868634150E-0230
1104 +.182694485722E-0229
1105 +.108652480816E-0229
1106 +.142986422450E-0229
1107 +.181286300029E-0229
1108 +.550116706749E-0229
1109 +.386891273700E-0229
1110 +.114427079143E-0228
1111 +.348483803902E-0228
1112 +.221941549659E-0228
1113 +.295670196649E-0228
1114 +.382573897952E-0228
1115 +.114478457984E-0227
1116 +.674530131019E-0228
1117 +.199674711956E-0227
1118 +.650094711516E-0227
1119 +.812752074307E-0227
1120 +.778695889874E-0227
1121 +.160864261442E-0226
1122 +.283794420513E-0226
1123 +.620186073717E-0226
1124 +.863472748649E-0226
1125 +.244582560918E-0225
1126 +.865681846469E-0226
1127 +.234319877780E-0225
1128 +.831050593297E-0225
1129 +.221597012682E-0224
1130 +.381791786594E-0224
1131 +.264172632656E-0224
1132 +.656447978989E-0224
1133 +.679641570230E-0224
1134 +.223392545303E-0223
1135 +.300932668352E-0223
1136 +.878054723889E-0223
1137 +.101330197568E-0222
1138 +.263297762800E-0222
1139 +.382650256177E-0222
1140 +.101458453809E-0221
1141 +.548721096302E-0222
1142 +.151719665433E-0221
1143 +.424480046167E-0221
1144 +.226924523661E-0221
1145 +.289468955818E-0221
1146 +.353172156256E-0221
1147 +.109904415135E-0220
1148 +.100585152503E-0220
1149 +.283684180170E-0220
1150 +.667362873114E-0220
1151 +.396366899869E-0220
1152 +.914499597680E-0220
1153 +.139250035220E-0219
1154 +.357579070338E-0219
1155 +.187410104712E-0219
1156 +.749776079862E-0219
1157 +.215900149526E-0218
1158 +.138233462378E-0218
1159 +.179896771412E-0218
1160 +.234464645786E-0218
1161 +.700042953518E-0218
1162 +.401927313431E-0218
1163 +.115617774911E-0217
1164 +.355528525171E-0217
1165 +.473521412902E-0217
1166 +.406842050307E-0217
1167 +.891341574775E-0217
1168 +.139611901000E-0216
1169 +.352168404596E-0216
1170 +.222247899273E-0216
1171 +.854211202820E-0216
1172 +.225551318572E-0215
1173 +.373688919914E-0218
1174 +.684044778858E-0216
1175 +.602214193761E-0216
1176 +.201622443520E-0215
1177 +.275932974415E-0215
1178 +.667713958194E-0215
1179 +.664886607916E-0215
1180 +.177094503790E-0214
1181 +.322015262695E-0214
1182 +.534595934271E-0214
1183 +.393378702790E-0214
1184 +.141661579488E-0213
1185 +.290296894591E-0213
1186 +.388355508812E-0213
1187 +.498294868273E-0213
1188 +.145427170726E-0212
1189 +.557457437962E-0213
1190 +.150771244570E-0212
1191 +.499862961826E-0212
1192 +.105673991837E-0211
1193 +.440889497626E-0212
1194 +.633108475810E-0212
1195 +.382552504532E-0212
1196 +.147850978895E-0211
1197 +.395756735786E-0211
1198 +.375131500985E-0212
1199 +.446931078193E-0212
1200 +.270813661537E-0212
1201 +.953074007138E-0212
1202 +.136320557947E-0211
1203 +.320222765321E-0211
1204 +.256386117342E-0211
1205 +.708141688825E-0211
1206 +.162119265811E-0210
1207 +.119128707546E-0210
1208 +.251839301270E-0210
1209 +.439933397632E-0210
1210 +.965870653693E-0210
1211 +.132356739206E-0209
1212 +.379209113353E-0209
1213 +.857699939760E-0210
1214 +.189785348145E-0209
1215 +.650258038050E-0209
1216 +.167068017854E-0208
1217 +.244710869233E-0208
1218 +.230556883208E-0208
1219 +.474082431408E-0208
1220 +.843847249467E-0208
1221 +.181833320920E-0207
1222 +.264896164063E-0207
1223 +.724172182828E-0207
1224 +.796284173889E-0208
1225 +.500598228512E-0207
1226 +.174367214189E-0206
1227 +.427589607156E-0206
1228 +.504914859110E-0206
1229 +.644219506475E-0206
1230 +.996735528206E-0206
1231 +.258365924464E-0205
1232 +.112032934633E-0205
1233 +.466145416863E-0205
1234 +.142142111085E-0204
1235 +.160521232974E-0204
1236 +.171200695730E-0204
1237 +.322654692116E-0204
1238 +.669003291125E-0204
1239 +.106606643279E-0203
1240 +.267901378843E-0203
1241 +.174631878156E-0203
1242 +.666374732130E-0203
1243 +.172714312108E-0202
1244 +.216321566967E-0203
1245 +.944257489342E-0203
1246 +.945136364742E-0203
1247 +.307752051225E-0202
1248 +.368837245957E-0202
1249 +.960366042049E-0202
1250 +.148363110668E-0201
1251 +.309204024925E-0201
1252 +.461925096413E-0202
1253 +.661625011258E-0202
1254 +.198285753722E-0201
1255 +.279278704086E-0201
1256 +.214813845802E-0201
1257 +.497334719635E-0201
1258 +.681900209044E-0201
1259 +.192681166660E-0200
1260 +.229681706729E-0201
1261 +.238855852633E-0201
1262 +.789190193412E-0201
1263 +.211258676875E-0200
1264 +.366280275761E-0200
1265 +.196375047162E-0200
1266 +.514814225736E-0200
1267 +.515437790802E-0200
1268 +.171386050188E-0199
1269 +.243424511843E-0199
1270 +.573392019844E-0199
1271 +.470116603261E-0199
1272 +.129539679775E-0198
1273 +.291052208175E-0198
1274 +.241063556477E-0198
1275 +.480439885191E-0198
1276 +.917312853560E-0198
1277 +.174260715353E-0197
1278 +.342822392824E-0197
1279 +.630225211648E-0197
1280 +.131399341967E-0196
1281 +.210639234275E-0196
1282 +.526408978886E-0196
1283 +.360703087177E-0196
1284 +.136046284812E-0195
1285 +.341242265941E-0195
1286 +.113344391339E-0195
1287 +.320176630782E-0195
1288 +.382749420537E-0195
1289 +.116134882872E-0194
1290 +.752160508242E-0195
1291 +.217609110375E-0194
1292 +.642540351026E-0194
1293 +.620410916860E-0194
1294 +.743972402829E-0194
1295 +.122840755867E-0193
1296 +.301363934716E-0193
1297 +.229789561128E-0193
1298 +.843324431843E-0193
1299 +.193463423289E-0192
1300 +.160569735210E-0192
1301 +.319083982086E-0192
1302 +.611898426274E-0192
1303 +.115253373286E-0191
1304 +.230259269594E-0191
1305 +.409425406378E-0191
1306 +.898766562001E-0191
1307 +.123288590015E-0190
1308 +.353088040809E-0190
1309 +.788469950534E-0191
1310 +.173172538147E-0190
1311 +.593419584176E-0190
1312 +.152766251316E-0189
1313 +.225728102265E-0189
1314 +.208725332797E-0189
1315 +.434201984625E-0189
1316 +.755979524365E-0189
1317 +.168134640982E-0188
1318 +.220104317564E-0188
1319 +.650476778404E-0188
1320 +.300624465468E-0188
1321 +.844711097515E-0188
1322 +.274075578309E-0187
1323 +.512691828712E-0187
1324 +.273187928348E-0188
1325 +.215103448703E-0187
1326 +.828243779218E-0188
1327 +.347205092726E-0187
1328 +.988982187188E-0187
1329 +.538563326614E-0187
1330 +.687552252537E-0187
1331 +.847934110405E-0187
1332 +.262286739417E-0186
1333 +.226811712454E-0186
1334 +.645417489143E-0186
1335 +.160013359956E-0185
1336 +.474520795403E-0186
1337 +.139939037295E-0185
1338 +.160954930155E-0185
1339 +.497742221701E-0185
1340 +.396920609977E-0185
1341 +.114045409997E-0184
1342 +.301469083918E-0184
1343 +.343434752204E-0185
1344 +.225899442547E-0185
1345 +.885930473326E-0186
1346 +.336465081675E-0185
1347 +.493196140777E-0185
1348 +.114026666885E-0184
1349 +.798721512676E-0185
1350 +.222210275076E-0184
1351 +.554289580367E-0184
1352 +.142416063968E-0184
1353 +.443738744431E-0184
1354 +.493324415283E-0184
1355 +.154840645388E-0183
1356 +.141678533272E-0183
1357 +.399839386330E-0183
1358 +.942907098500E-0183
1359 +.547710102835E-0183
1360 +.127420018543E-0182
1361 +.191565864514E-0182
1362 +.497678695420E-0182
1363 +.224771757096E-0182
1364 +.927692341425E-0182
1365 +.280414627955E-0181
1366 +.294741049488E-0181
1367 +.333930193658E-0181
1368 +.592171952005E-0181
1369 +.133643017025E-0180
1370 +.161219082721E-0180
1371 +.499598048996E-0180
1372 +.421141716364E-0180
1373 +.120344814753E-0179
1374 +.305694111976E-0179
1375 +.451104739862E-0180
1376 +.180628596038E-0179
1377 +.182772705266E-0179
1378 +.593809471384E-0179
1379 +.703636921901E-0179
1380 +.184128506923E-0178
1381 +.292203391369E-0178
1382 +.591489278006E-0178
1383 +.684865162604E-0180
1384 +.153810589026E-0178
1385 +.494769887657E-0178
1386 +.687111590925E-0178
1387 +.538569684367E-0178
1388 +.123561754459E-0177
1389 +.173452023550E-0177
1390 +.481657557551E-0177
1391 +.240180349700E-0179
1392 +.153056442378E-0177
1393 +.547328256351E-0177
1394 +.143700820224E-0176
1395 +.232557768040E-0176
1396 +.167677002301E-0176
1397 +.394726507062E-0176
1398 +.521598946565E-0176
1399 +.151036057839E-0175
1400 +.451497198348E-0176
1401 +.113596505142E-0175
1402 +.385681615194E-0175
1403 +.928754819704E-0175
1404 +.993278783155E-0175
1405 +.136790227102E-0174
1406 +.186094412499E-0174
1407 +.533170736024E-0174
1408 +.132919732904E-0174
1409 +.309348419826E-0174
1410 +.105494612664E-0173
1411 +.262835197205E-0173
1412 +.333937113822E-0173
1413 +.394532282969E-0173
1414 +.672331884261E-0173
1415 +.157983042719E-0172
1416 +.158010170774E-0172
1417 +.532721896516E-0172
1418 +.834401752820E-0172
1419 +.180225317793E-0171
1420 +.581036214565E-0172
1421 +.143429380511E-0171
1422 +.429372743031E-0171
1423 +.486296497021E-0171
1424 +.519212685111E-0171
1425 +.977885343647E-0171
1426 +.202929192249E-0170
1427 +.322649216183E-0170
1428 +.812711836797E-0170
1429 +.518374397259E-0170
1430 +.198789184307E-0169
1431 +.522046299457E-0169
1432 +.200132773526E-0170
1433 +.196181195074E-0169
1434 +.180880491413E-0169
1435 +.600739058297E-0169
1436 +.798807145078E-0169
1437 +.196896351294E-0168
1438 +.221248111362E-0168
1439 +.567428865076E-0168
1440 +.831720388029E-0168
1441 +.182336846464E-0167
1442 +.748818575845E-0168
1443 +.197590639178E-0167
1444 +.578210830264E-0167
1445 +.527650314493E-0167
1446 +.649628462602E-0167
1447 +.102900178699E-0166
1448 +.263336932418E-0166
1449 +.134684892910E-0166
1450 +.541403702575E-0166
1451 +.165120334248E-0165
1452 +.114656585503E-0165
1453 +.151222855451E-0165
1454 +.204532644353E-0165
1455 +.594753359004E-0165
1456 +.218134716472E-0165
1457 +.611261889599E-0165
1458 +.217422409096E-0164
1459 +.475411121593E-0164
1460 +.276625075534E-0164
1461 +.441122180905E-0164
1462 +.313776497934E-0164
1463 +.116286589168E-0163
1464 +.273893983866E-0163
1465 +.196973774208E-0163
1466 +.423903485800E-0163
1467 +.712020044737E-0163
1468 +.164680333587E-0162
1469 +.183498341079E-0162
1470 +.591751220867E-0162
1471 +.710716007064E-0162
1472 +.190520373507E-0161
1473 +.349163096013E-0161
1474 +.704936601143E-0161
1475 +.446881187979E-0162
1476 +.365653661919E-0161
1477 +.117640287263E-0160
1478 +.154855819137E-0160
1479 +.205297546126E-0160
1480 +.422244257246E-0160
1481 +.675562001738E-0160
1482 +.167504518178E-0159
1483 +.122384983740E-0159
1484 +.454337187617E-0159
1485 +.109671065074E-0158
1486 +.721142845193E-0159
1487 +.161405107979E-0158
1488 +.253395961161E-0158
1489 +.632164432829E-0158
1490 +.440968689895E-0158
1491 +.165563418904E-0157
1492 +.413989355429E-0157
1493 +.188567342967E-0157
1494 +.480395672937E-0157
1495 +.622255003273E-0157
1496 +.180765077973E-0156
1497 +.946346930048E-0157
1498 +.278289496885E-0156
1499 +.956589805126E-0156
1500 +.225298346968E-0155
1501 +.213790165186E-0155
1502 +.313416262007E-0155
1503 +.366743796273E-0155
1504 +.114604377567E-0154
1505 +.128426521597E-0154
1506 +.368319836147E-0154
1507 +.860713055524E-0154
1508 +.602140870585E-0154
1509 +.131183982196E-0153
1510 +.216187982575E-0153
1511 +.511612684369E-0153
1512 +.508483015330E-0153
1513 +.171930606159E-0152
1514 +.277689354405E-0152
1515 +.602026417331E-0152
1516 +.308312046926E-0152
1517 +.874845867893E-0152
1518 +.273225408718E-0151
1519 +.354907081411E-0151
1520 +.481240102318E-0151
1521 +.975742073742E-0151
1522 +.161395620889E-0150
1523 +.385584682875E-0150
1524 +.362622262752E-0150
1525 +.125079098060E-0149
1526 +.224038002812E-0149
1527 +.423841885128E-0149
1528 +.154477757030E-0149
1529 +.649970517244E-0149
1530 +.185640171961E-0148
1531 +.733161408377E-0149
1532 +.194872661457E-0148
1533 +.199551133225E-0148
1534 +.648019781848E-0148
1535 +.789898267909E-0148
1536 +.209819395695E-0147
1537 +.371410441520E-0147
1538 +.784891209838E-0147
1539 +.140329762117E-0147
1540 +.279587588940E-0147
1541 +.937969711341E-0147
1542 +.130504292587E-0146
1543 +.157497247119E-0146
1544 +.341257178318E-0146
1545 +.476443061933E-0146
1546 +.133377503002E-0145
1547 +.102397428909E-0146
1548 +.277897751742E-0146
1549 +.102926517844E-0145
1550 +.274602746716E-0145
1551 +.476865954019E-0145
1552 +.418586029674E-0145
1553 +.100711743881E-0144
1554 +.101283361386E-0144
1555 +.337223591380E-0144
1556 +.493030410046E-0144
1557 +.117359070945E-0143
1558 +.118394168127E-0143
1559 +.340351838695E-0143
1560 +.822868981492E-0143
1561 +.449938181791E-0143
1562 +.107858630557E-0142
1563 +.151822796997E-0142
1564 +.416804013650E-0142
1565 +.544214178848E-0143
1566 +.255573723067E-0142
1567 +.921357852995E-0142
1568 +.228989513089E-0141
1569 +.290399631921E-0141
1570 +.481359160139E-0141
1571 +.783221281571E-0141
1572 +.185236132705E-0140
1573 +.182087704073E-0140
1574 +.617803359127E-0140
1575 +.100188176516E-0139
1576 +.211634441849E-0139
1577 +.884815080143E-0140
1578 +.240985025258E-0139
1579 +.763477280103E-0139
1580 +.106387585161E-0138
1581 +.108398816716E-0138
1582 +.239478328472E-0138
1583 +.335564711218E-0138
1584 +.935510844775E-0138
1585 +.428180048804E-0139
1586 +.276653242366E-0138
1587 +.100561311319E-0137
1588 +.266704870589E-0137
1589 +.451040477386E-0137
1590 +.433626951404E-0137
1591 +.101091733388E-0136
1592 +.113746323971E-0136
1593 +.361246917343E-0136
1594 +.443414213226E-0136
1595 +.123559037948E-0135
1596 +.252322907253E-0135
1597 +.330964516872E-0135
1598 +.450310047651E-0135
1599 +.126541895755E-0134
1600 +.180476451918E-0135
1601 +.379420391965E-0135
1602 +.141240927831E-0134
1603 +.370334810242E-0134
1604 +.599117212447E-0134
1605 +.654820615575E-0134
1606 +.144824246834E-0133
1607 +.192843100586E-0133
1608 +.557574757439E-0133
1609 +.278155713712E-0133
1610 +.812324280271E-0133
1611 +.281057932940E-0132
1612 +.681590518729E-0132
1613 +.759085316110E-0132
1614 +.101646991757E-0131
1615 +.145710030561E-0131
1616 +.402221183373E-0131
1617 +.804471060123E-0132
1618 +.165819659336E-0131
1619 +.593800051542E-0131
1620 +.153323112516E-0130
1621 +.231123312980E-0130
1622 +.211011047864E-0130
1623 +.448411442675E-0130
1624 +.740931004211E-0130
1625 +.176243542121E-0129
1626 +.170218041783E-0129
1627 +.581671509725E-0129
1628 +.993899312654E-0129
1629 +.201298266369E-0128
1630 +.425377298358E-0129
1631 +.119299165982E-0128
1632 +.389224892339E-0128
1633 +.481552325883E-0128
1634 +.493531723079E-0128
1635 +.100292143790E-0127
1636 +.179934149070E-0127
1637 +.383908206351E-0127
1638 +.576325126732E-0127
1639 +.153541207554E-0126
1640 +.436658930848E-0127
1641 +.199964362247E-0126
1642 +.669082434812E-0126
1643 +.125512516253E-0125
1644 +.321779000262E-0126
1645 +.109885614641E-0125
1646 +.469652136627E-0126
1647 +.193388623756E-0125
1648 +.581089230530E-0125
1649 +.333068278775E-0125
1650 +.436447638826E-0125
1651 +.546338031857E-0125
1652 +.167128835701E-0124
1653 +.128627493291E-0124
1654 +.378248709382E-0124
1655 +.109946658279E-0123
1656 +.281022350013E-0124
1657 +.240456555366E-0124
1658 +.290841220702E-0124
1659 +.949085836695E-0124
1660 +.149957124265E-0123
1661 +.417966480262E-0123
1662 +.381165835909E-0123
1663 +.105784464868E-0122
1664 +.242673337503E-0122
1665 +.290696359508E-0122
1666 +.439527762000E-0122
1667 +.114333045115E-0121
1668 +.465260666579E-0122
1669 +.196133365806E-0121
1670 +.614115755313E-0121
1671 +.768409449760E-0121
1672 +.109395881943E-0120
1673 +.214774494882E-0120
1674 +.380635002879E-0120
1675 +.831206145918E-0120
1676 +.115885954387E-0119
1677 +.327925908576E-0119
1678 +.510813064405E-0120
1679 +.101147567869E-0119
1680 +.378699621086E-0119
1681 +.100985657447E-0118
1682 +.175239299263E-0118
1683 +.154246843403E-0118
1684 +.370784453557E-0118
1685 +.374119421742E-0118
1686 +.124407018232E-0117
1687 +.200215736823E-0117
1688 +.474129395437E-0117
1689 +.382149404262E-0117
1690 +.107664947515E-0116
1691 +.271973366524E-0116
1692 +.189649527552E-0116
1693 +.411796116163E-0116
1694 +.686554710494E-0116
1695 +.160191790383E-0115
1696 +.171225217257E-0115
1697 +.562403649747E-0115
1698 +.855415943254E-0115
1699 +.212311340777E-0114
1700 +.236008090785E-0114
1701 +.620028143656E-0114
1702 +.110068213605E-0113
1703 +.232257397232E-0113
1704 +.398577564941E-0114
1705 +.771185591228E-0114
1706 +.259177306077E-0113
1707 +.361692462599E-0113
1708 +.278553152000E-0113
1709 +.644137033777E-0113
1710 +.886652963622E-0113
1711 +.249823634575E-0112
1712 +.778343771052E-0113
1713 +.202055181274E-0112
1714 +.718855522261E-0112
1715 +.192376112464E-0111
1716 +.336496098226E-0111
1717 +.226091598116E-0111
1718 +.570313897626E-0111
1719 +.552517521988E-0111
1720 +.186271660357E-0110
1721 +.291476515233E-0110
1722 +.652303809501E-0110
1723 +.438529774441E-0110
1724 +.128269207658E-0109
1725 +.382548823339E-0109
1726 +.352843452911E-0109
1727 +.605953566884E-0109
1728 +.926043650355E-0109
1729 +.235677429556E-0108
1730 +.133340487185E-0108
1731 +.524634356970E-0108
1732 +.147725884647E-0107
1733 +.555159673456E-0108
1734 +.150112887884E-0107
1735 +.152271588535E-0107
1736 +.496306903673E-0107
1737 +.701030668173E-0107
1738 +.182611168599E-0106
1739 +.267438948349E-0106
1740 +.600425852545E-0106
1741 +.440598725797E-0106
1742 +.129420736748E-0105
1743 +.377089942849E-0105
1744 +.277221968823E-0105
1745 +.536803655846E-0105
1746 +.702710005729E-0105
1747 +.202038435025E-0104
1748 +.926664493878E-0105
1749 +.266595454325E-0104
1750 +.928687826316E-0104
1751 +.231598375144E-0103
1752 +.296658581022E-0103
1753 +.347079061323E-0103
1754 +.597804853731E-0103
1755 +.138744177811E-0102
1756 +.147742240551E-0102
1757 +.485787840974E-0102
1758 +.743073190823E-0102
1759 +.183635713224E-0101
1760 +.198728249403E-0101
1761 +.526973365652E-0101
1762 +.977699047226E-0101
1763 +.194433788509E-0100
1764 +.234684588135E-0101
1765 +.139167536513E-0100
1766 +.431668921812E-0100
1767 +.518784906064E-0100
1768 +.776196162120E-0100
1769 +.146858557257E-0099
1770 +.279311770405E-0099
1771 +.543416926027E-0099
1772 +.102110820015E-0098
1773 +.205083577012E-0098
1774 +.360500128816E-0098
1775 +.804544154822E-0098
1776 +.104022482778E-0097
1777 +.309911828745E-0097
1778 +.162838502443E-0097
1779 +.465262003750E-0097
1780 +.147881295151E-0096
1781 +.235524583033E-0096
1782 +.208854519727E-0096
1783 +.510638070812E-0096
1784 +.466346184399E-0096
1785 +.160795783676E-0095
1786 +.285251382413E-0095
1787 +.619052269254E-0095
1788 +.160479191540E-0095
1789 +.733261045739E-0095
1790 +.223646445947E-0094
1791 +.162815427946E-0094
1792 +.210744730555E-0094
1793 +.292275274949E-0094
1794 +.836237285128E-0094
1795 +.235806448782E-0094
1796 +.108370335441E-0093
1797 +.390950903334E-0093
1798 +.976374228243E-0093
1799 +.126651967690E-0092
1800 +.146893483655E-0092
1801 +.256946112372E-0092
1802 +.584694711075E-0092
1803 +.681456549426E-0092
1804 +.214958296035E-0091
1805 +.215774143446E-0091
1806 +.728898660711E-0091
1807 +.158737786217E-0090
1808 +.165353559309E-0090
1809 +.287871106115E-0090
1810 +.651542076559E-0090
1811 +.770324943927E-0090
1812 +.241114679632E-0089
1813 +.226341582242E-0089
1814 +.783282088750E-0089
1815 +.184295129139E-0088
1816 +.117785118286E-0088
1817 +.264273001340E-0088
1818 +.420101097956E-0088
1819 +.103392194147E-0087
1820 +.803113307835E-0088
1821 +.293418486059E-0087
1822 +.662842844433E-0087
1823 +.601132462764E-0087
1824 +.113491644750E-0086
1825 +.233614270564E-0086
1826 +.375837114874E-0086
1827 +.934358714554E-0086
1828 +.668544048332E-0086
1829 +.249516921898E-0085
1830 +.606083886533E-0085
1831 +.316263036381E-0085
1832 +.763419621677E-0085
1833 +.108939533228E-0084
1834 +.295595371138E-0084
1835 +.498014707854E-0085
1836 +.265437480616E-0084
1837 +.909122886455E-0084
1838 +.207505514807E-0083
1839 +.162806813980E-0083
1840 +.251676999283E-0083
1841 +.236346978447E-0083
1842 +.808400758690E-0083
1843 +.137161103832E-0082
1844 +.269029896630E-0082
1845 +.354087128845E-0083
1846 +.202558893141E-0082
1847 +.622874469379E-0082
1848 +.719871843963E-0082
1849 +.750340055301E-0082
1850 +.144282482857E-0081
1851 +.289985857150E-0081
1852 +.499193014780E-0081
1853 +.114542680429E-0080
1854 +.132250286901E-0080
1855 +.419469169937E-0080
1856 +.435405048587E-0080
1857 +.119440431759E-0079
1858 +.242177227300E-0079
1859 +.309601866784E-0079
1860 +.426109645034E-0079
1861 +.119063703057E-0078
1862 +.817026795562E-0080
1863 +.665433483329E-0080
1864 +.262754913821E-0079
1865 +.687886795980E-0079
1866 +.111407894329E-0078
1867 +.801790876068E-0079
1868 +.188894722223E-0078
1869 +.249120527311E-0078
1870 +.722291291475E-0078
1871 +.222885806712E-0078
1872 +.567129250619E-0078
1873 +.192212031882E-0077
1874 +.458124501155E-0077
1875 +.463312389617E-0077
1876 +.659232653123E-0077
1877 +.835148101774E-0077
1878 +.250133983256E-0076
1879 +.146848797024E-0076
1880 +.422972621731E-0076
1881 +.129115782351E-0075
1882 +.163120508865E-0075
1883 +.152811765997E-0075
1884 +.318041604623E-0075
1885 +.555242280143E-0075
1886 +.123123220257E-0074
1887 +.162952642019E-0074
1888 +.478176150801E-0074
1889 +.194775277409E-0074
1890 +.534853078861E-0074
1891 +.176904827915E-0073
1892 +.368524345139E-0073
1893 +.130468516791E-0073
1894 +.173890550456E-0073
1895 +.101802317235E-0073
1896 +.397188881897E-0073
1897 +.109549369747E-0072
1898 +.340337018108E-0073
1899 +.327901208045E-0073
1900 +.390223703088E-0073
1901 +.126618852890E-0072
1902 +.167394064701E-0072
1903 +.413546332016E-0072
1904 +.471835136391E-0072
1905 +.120293558066E-0071
1906 +.170323906227E-0071
1907 +.384237848498E-0071
1908 +.219828452649E-0071
1909 +.608350911406E-0071
1910 +.165530004032E-0070
1911 +.538616345609E-0071
1912 +.541888331201E-0071
1913 +.636698867410E-0071
1914 +.206887320580E-0070
1915 +.274498637843E-0070
1916 +.676678821985E-0070
1917 +.761575262283E-0070
1918 +.195200690305E-0069
1919 +.285116521269E-0069
1920 +.626965129549E-0069
1921 +.267947078205E-0069
1922 +.712849368246E-0069
1923 +.207379447218E-0068
1924 +.178435561942E-0068
1925 +.224472228248E-0068
1926 +.341331546270E-0068
1927 +.907044701307E-0068
1928 +.246292165980E-0068
1929 +.114040189428E-0067
1930 +.376558914337E-0067
1931 +.715766850805E-0067
1932 +.417226237400E-0069
1933 +.205361400041E-0067
1934 +.656395318028E-0068
1935 +.286159419777E-0067
1936 +.865052438007E-0067
1937 +.550586592533E-0067
1938 +.714714195686E-0067
1939 +.932328597485E-0067
1940 +.278276571464E-0066
1941 +.170463004481E-0066
1942 +.663123780978E-0066
1943 +.205961013046E-0065
1944 +.276470114657E-0065
1945 +.357373244751E-0065
1946 +.745777407149E-0065
1947 +.115182347116E-0064
1948 +.295982230309E-0064
1949 +.152607120253E-0064
1950 +.612708932694E-0064
1951 +.179678248198E-0063
1952 +.124506616357E-0063
1953 +.269741929429E-0063
1954 +.339519522427E-0063
1955 +.995123061077E-0063
1956 +.588536192215E-0063
1957 +.175439297111E-0062
1958 +.590295752633E-0062
1959 +.125543466742E-0061
1960 +.560129507056E-0062
1961 +.823260474064E-0062
1962 +.508892327368E-0062
1963 +.195529924009E-0061
1964 +.527292320240E-0061
1965 +.129410119132E-0061
1966 +.414148435040E-0061
1967 +.405013977541E-0061
1968 +.134028455709E-0060
1969 +.188347829354E-0060
1970 +.541376121790E-0060
1971 +.578385815765E-0060
1972 +.154516558723E-0059
1973 +.293570661658E-0059
1974 +.562910955103E-0059
1975 +.150071501820E-0059
1976 +.681599097067E-0059
1977 +.209209662900E-0058
1978 +.163770915955E-0058
1979 +.212508547735E-0058
1980 +.306153767453E-0058
1981 +.849922930639E-0058
1982 +.222123691083E-0059
1983 +.236809101223E-0058
1984 +.854893689827E-0058
1985 +.224815524835E-0057
1986 +.366754922541E-0057
1987 +.391999472741E-0057
1988 +.875703243172E-0057
1989 +.113154969996E-0056
1990 +.333560086531E-0056
1991 +.214072061651E-0056
1992 +.642524222578E-0056
1993 +.212697779295E-0055
1994 +.416339498608E-0055
1995 +.821087649428E-0056
1996 +.308742937840E-0055
1997 +.119304744374E-0055
1998 +.501204070661E-0055
1999 +.149167992003E-0054
2000 +.103001811218E-0054
2001 +.133900970201E-0054
2002 +.180726492256E-0054
2003 +.527107341010E-0054
2004 +.226404723559E-0054
2005 +.947439272374E-0054
2006 +.331312301344E-0053
2007 +.697752085856E-0053
2008 +.286563087219E-0053
2009 +.417296592956E-0053
2010 +.249194171326E-0053
2011 +.965194251392E-0053
2012 +.264470997164E-0052
2013 +.312936595494E-0053
2014 +.141012745779E-0052
2015 +.130017998951E-0052
2016 +.435649774532E-0052
2017 +.701037101984E-0052
2018 +.165901061072E-0051
2019 +.133049538803E-0051
2020 +.374990528289E-0051
2021 +.950418871059E-0051
2022 +.644522694357E-0051
2023 +.141585234153E-0050
2024 +.231721887336E-0050
2025 +.552546501652E-0050
2026 +.526656086302E-0050
2027 +.180794441086E-0049
2028 +.343608520242E-0049
2029 +.664476467060E-0049
2030 +.148609869242E-0049
2031 +.708354486433E-0049
2032 +.220172203933E-0048
2033 +.199441489244E-0048
2034 +.247535049793E-0048
2035 +.392049036224E-0048
2036 +.100226351377E-0047
2037 +.519669526414E-0048
2038 +.208296788749E-0047
2039 +.632343028349E-0047
2040 +.413228332841E-0047
2041 +.546062194782E-0047
2042 +.718360938240E-0047
2043 +.212849575295E-0046
2044 +.109012779349E-0046
2045 +.320144112907E-0046
2046 +.108102565321E-0045
2047 +.175171186820E-0045
2048 +.824790896079E-0046
2049 +.228450799449E-0045
2050 +.189074463235E-0045
2051 +.669996446013E-0045
2052 +.132748982327E-0044
2053 +.205740428421E-0044
2054 +.204334591256E-0044
2055 +.670644350625E-0044
2056 +.877866740525E-0044
2057 +.221789117732E-0043
2058 +.315002398577E-0043
2059 +.805087191813E-0043
2060 +.106348861974E-0042
2061 +.259251330076E-0042
2062 +.251553188973E-0042
2063 +.836766799062E-0042
2064 +.165839340600E-0041
2065 +.238004162220E-0041
2066 +.279211228396E-0041
2067 +.853966392396E-0041
2068 +.632315825351E-0041
2069 +.186650345339E-0040
2070 +.518663713477E-0040
2071 +.214916886663E-0040
2072 +.251604476385E-0040
2073 +.294222437196E-0040
2074 +.943881339156E-0040
2075 +.118977035858E-0039
2076 +.334473891487E-0039
2077 +.599536939719E-0039
2078 +.124160110347E-0038
2079 +.103186801248E-0039
2080 +.206565891285E-0039
2081 +.694447880640E-0039
2082 +.981224135216E-0039
2083 +.115058411376E-0038
2084 +.252858918981E-0038
2085 +.338646225395E-0038
2086 +.976395299988E-0038
2087 +.467663438416E-0038
2088 +.135675773442E-0037
2089 +.471551410872E-0037
2090 +.116607312365E-0036
2091 +.143344324387E-0036
2092 +.175768280874E-0036
2093 +.286759815982E-0036
2094 +.706386949290E-0036
2095 +.522632538037E-0036
2096 +.193285336977E-0035
2097 +.455149137625E-0035
2098 +.328401350309E-0035
2099 +.705405688788E-0035
2100 +.118908903290E-0034
2101 +.273793733358E-0034
2102 +.311350996810E-0034
2103 +.994542025113E-0034
2104 +.127865496278E-0033
2105 +.349796539633E-0033
2106 +.654598389887E-0033
2107 +.106383798029E-0032
2108 +.900190467806E-0033
2109 +.311800399233E-0032
2110 +.545154706295E-0032
2111 +.102353726545E-0031
2112 +.317163864849E-0032
2113 +.138651816477E-0031
2114 +.399060221981E-0031
2115 +.249381829524E-0031
2116 +.509429680452E-0031
2117 +.614230820762E-0031
2118 +.185641501623E-0030
2119 +.116825654603E-0030
2120 +.346788622250E-0030
2121 +.104173394873E-0029
2122 +.109463386554E-0029
2123 +.124422437375E-0029
2124 +.219902775359E-0029
2125 +.498343409537E-0029
2126 +.590961357512E-0029
2127 +.184794727862E-0028
2128 +.205110739164E-0028
2129 +.590273279195E-0028
2130 +.140088503162E-0027
2131 +.864829366964E-0028
2132 +.197960273925E-0027
2133 +.301197917768E-0027
2134 +.774506486810E-0027
2135 +.399083966735E-0027
2136 +.160233936997E-0026
2137 +.467955173417E-0026
2138 +.323350714835E-0026
2139 +.499069664795E-0026
2140 +.654995905011E-0026
2141 +.191528134570E-0025
2142 +.114938903662E-0025
2143 +.343091656790E-0025
2144 +.115119811648E-0024
2145 +.241439508694E-0024
2146 +.930228385036E-0025
2147 +.158205736643E-0024
2148 +.874831713670E-0025
2149 +.343118468605E-0024
2150 +.986229469253E-0024
2151 +.201587737914E-0024
2152 +.690103967093E-0024
2153 +.652383320786E-0024
2154 +.217648800836E-0023
2155 +.345926996602E-0023
2156 +.827705658218E-0023
2157 +.720633070784E-0023
2158 +.201051940843E-0022
2159 +.439334710040E-0022
2160 +.559968992886E-0022
2161 +.955197491975E-0022
2162 +.213579453624E-0021
2163 +.267677132744E-0021
2164 +.811378814036E-0021
2165 +.698069662347E-0021
2166 +.209351116064E-0020
2167 +.618617553523E-0020
2168 +.552776489749E-0020
2169 +.105717592375E-0019
2170 +.156058221694E-0019
2171 +.406680678144E-0019
2172 +.172581361338E-0019
2173 +.721379634993E-0019
2174 +.221198584847E-0018
2175 +.260962786880E-0018
2176 +.398639359189E-0018
2177 +.741941529354E-0018
2178 +.145227797702E-0017
2179 +.267147902085E-0017
2180 +.555731785651E-0017
2181 +.896033870296E-0017
2182 +.222529928431E-0016
2183 +.160696357836E-0016
2184 +.598411282082E-0016
2185 +.144329917541E-0015
2186 +.811133598104E-0016
2187 +.190658004666E-0015
2188 +.282810390177E-0015
2189 +.743306937743E-0015
2190 +.280983369049E-0015
2191 +.120446619570E-0014
2192 +.379571467312E-0014
2193 +.545008544630E-0014
2194 +.395665686463E-0014
2195 +.939311789412E-0014
2196 +.120657883462E-0013
2197 +.356073961233E-0013
2198 +.219419454372E-0013
2199 +.683395085897E-0013
2200 +.227024447858E-0012
2201 +.439804414550E-0012
2202 +.351533439076E-0013
2203 +.607080575442E-0013
2204 +.931327621071E-0014
2205 +.501064886425E-0013
2206 +.151648500402E-0012
2207 +.103798320687E-0012
2208 +.225839757275E-0012
2209 +.282954718271E-0012
2210 +.831618079430E-0012
2211 +.508537717361E-0012
2212 +.201925880571E-0011
2213 +.703511242956E-0011
2214 +.144279676167E-0010
2215 +.431288162743E-0011
2216 +.533516726675E-0011
2217 +.308950584478E-0011
2218 +.121142602293E-0010
2219 +.359294124336E-0010
2220 +.163286086548E-0010
2221 +.203244307380E-0010
2222 +.240870324029E-0010
2223 +.763245832518E-0010
2224 +.824097427379E-0010
2225 +.269607431213E-0009
2226 +.522910811564E-0009
2227 +.787904095870E-0009
2228 +.829540180069E-0009
2229 +.266369959427E-0008
2230 +.310815062368E-0008
2231 +.830027244726E-0008
2232 +.148124692585E-0007
2233 +.305602292469E-0007
2234 +.142221852772E-0007
2235 +.566321061883E-0007
2236 +.155637095124E-0006
2237 +.186624136981E-0007
2238 +.834915636325E-0007
2239 +.827887154614E-0007
2240 +.270449587316E-0006
2241 +.331041681047E-0006
2242 +.868587779796E-0006
2243 +.129354569668E-0005
2244 +.336191717506E-0005
2245 +.145551209410E-0005
2246 +.405126215331E-0005
2247 +.119620523196E-0004
2248 +.108803993267E-0004
2249 +.134045112100E-0004
2250 +.211993077280E-0004
2251 +.543366702744E-0004
2252 +.272701827654E-0004
2253 +.110055921169E-0003
2254 +.321381406071E-0003
2255 +.242593754688E-0003
2256 +.506207698708E-0003
2257 +.669120281005E-0003
2258 +.190054258326E-0002
2259 +.364743409382E-0003
2260 +.186501935870E-0002
2261 +.678644904315E-0002
2262 +.178229885986E-0001
2263 +.289399073303E-0001
2264 +.287679769728E-0001
2265 +.647373327463E-0001
2266 +.880515437592E-0001
2267 +.256402408120E+0000
2268 +.101477789293E+0000
2269 +.436326190125E+0000
2270 +.156674388846E+0001
2271 +.475052265026E+0001
