0 +.348392392649E-0601
1 +.108001641721E-0600
2 +.110510066948E-0600
3 +.300544237185E-0600
4 +.590320566116E-0600
5 +.826074685537E-0600
6 +.980986225002E-0600
7 +.298685914203E-0599
8 +.211322992990E-0599
9 +.610462503865E-0599
10 +.172470515651E-0598
11 +.103852250740E-0598
12 +.135014679110E-0598
13 +.170801307363E-0598
14 +.519533292814E-0598
15 +.376124150767E-0598
16 +.108649667291E-0597
17 +.304000846727E-0597
18 +.160104845997E-0597
19 +.203629868023E-0597
20 +.247311990208E-0597
21 +.771758604547E-0597
22 +.724673344689E-0597
23 +.203404065701E-0596
24 +.465922716996E-0596
25 +.341478365845E-0596
26 +.722887464857E-0596
27 +.125993311804E-0595
28 +.277497942598E-0595
29 +.376120014073E-0595
30 +.108594691229E-0594
31 +.308239230969E-0595
32 +.760634243182E-0595
33 +.259082390342E-0594
34 +.635544807002E-0594
35 +.748153169174E-0594
36 +.957086265197E-0594
37 +.147515288163E-0593
38 +.383691659850E-0593
39 +.158089508704E-0593
40 +.664927949708E-0593
41 +.205302075737E-0592
42 +.255220871881E-0592
43 +.243573536052E-0592
44 +.500718264883E-0592
45 +.895511166199E-0592
46 +.191748672778E-0591
47 +.284853325882E-0591
48 +.765934104922E-0591
49 +.170651596881E-0591
50 +.833868456587E-0591
51 +.281068146064E-0590
52 +.594884715962E-0590
53 +.253871077586E-0590
54 +.367644335917E-0590
55 +.223518715484E-0590
56 +.862436618872E-0590
57 +.229723739505E-0589
58 +.139648196604E-0590
59 +.413193813206E-0590
60 +.314610132365E-0590
61 +.107428713490E-0589
62 +.152063653169E-0589
63 +.359514755235E-0589
64 +.302878102209E-0589
65 +.831985443912E-0589
66 +.182703294113E-0588
67 +.171250207334E-0588
68 +.317128712854E-0588
69 +.669459559269E-0588
70 +.100575741391E-0587
71 +.267458686775E-0587
72 +.791930931843E-0588
73 +.359082845457E-0587
74 +.117702178317E-0586
75 +.214974710596E-0586
76 +.274286114278E-0587
77 +.125848611351E-0586
78 +.567557959626E-0587
79 +.230539197429E-0586
80 +.640756287256E-0586
81 +.230286186623E-0586
82 +.248175368711E-0586
83 +.291426337116E-0586
84 +.940689663392E-0586
85 +.118139787253E-0585
86 +.300450926809E-0585
87 +.407593374308E-0585
88 +.948185100979E-0585
89 +.718857109189E-0585
90 +.199486726894E-0584
91 +.475752107447E-0584
92 +.246412561188E-0584
93 +.597333673923E-0584
94 +.845249627959E-0584
95 +.230903307954E-0583
96 +.283058916300E-0584
97 +.169922465463E-0583
98 +.589329439308E-0583
99 +.141946495056E-0582
100 +.152750360452E-0582
101 +.209551056339E-0582
102 +.287277223081E-0582
103 +.818797204403E-0582
104 +.172864884684E-0582
105 +.366192449505E-0582
106 +.125122128505E-0581
107 +.319975572417E-0581
108 +.458869796879E-0581
109 +.451077006247E-0581
110 +.901914541169E-0581
111 +.168874487171E-0580
112 +.335257335817E-0580
113 +.604290479447E-0580
114 +.129950403595E-0579
115 +.190602807848E-0579
116 +.518243926205E-0579
117 +.763411676055E-0580
118 +.426762794993E-0579
119 +.147209663257E-0578
120 +.346941095680E-0578
121 +.331068230454E-0578
122 +.484268175967E-0578
123 +.570427010061E-0578
124 +.177667167568E-0577
125 +.160164018681E-0577
126 +.452846788774E-0577
127 +.108076468852E-0576
128 +.557199415757E-0577
129 +.135314251277E-0576
130 +.190926372074E-0576
131 +.522723384103E-0576
132 +.561767163398E-0577
133 +.356669091440E-0576
134 +.124174337300E-0575
135 +.303599191809E-0575
136 +.353156722068E-0575
137 +.456671770518E-0575
138 +.692777642320E-0575
139 +.182715126747E-0574
140 +.590633940332E-0575
141 +.262124383710E-0574
142 +.846515413079E-0574
143 +.141803470465E-0573
144 +.538916324641E-0574
145 +.159432549445E-0573
146 +.114288205718E-0573
147 +.420560364752E-0573
148 +.947082027944E-0573
149 +.873795173118E-0573
150 +.163200757324E-0572
151 +.340702122610E-0572
152 +.528021206137E-0572
153 +.136394016307E-0571
154 +.658796735949E-0572
155 +.268174470119E-0571
156 +.795403499759E-0571
157 +.704835807009E-0571
158 +.875011425729E-0571
159 +.136324690159E-0570
160 +.354471896457E-0570
161 +.146004521297E-0570
162 +.614193825989E-0570
163 +.189732315997E-0569
164 +.236750779568E-0569
165 +.224769212662E-0569
166 +.463688906297E-0569
167 +.823708468474E-0569
168 +.178158528612E-0568
169 +.256544172996E-0568
170 +.708031677937E-0568
171 +.310756117274E-0569
172 +.323143202692E-0568
173 +.114372420107E-0567
174 +.295293356013E-0567
175 +.444242160474E-0567
176 +.394437143079E-0567
177 +.840271053659E-0567
178 +.139537461297E-0566
179 +.329794952544E-0566
180 +.329957672612E-0566
181 +.111299543125E-0565
182 +.174914095639E-0565
183 +.376496668138E-0565
184 +.114620892292E-0565
185 +.277280296777E-0565
186 +.833092952675E-0565
187 +.976666118918E-0565
188 +.100638362953E-0564
189 +.195447451824E-0564
190 +.386512456993E-0564
191 +.689974270895E-0564
192 +.150479504458E-0563
193 +.210930612435E-0563
194 +.594577200016E-0563
195 +.635185798088E-0564
196 +.476705722500E-0564
197 +.152375385600E-0563
198 +.410259150872E-0563
199 +.724744260420E-0563
200 +.348516204365E-0563
201 +.946433308331E-0563
202 +.868794639133E-0563
203 +.297849858711E-0562
204 +.500358968726E-0562
205 +.995714349657E-0562
206 +.688610815493E-0563
207 +.536095360753E-0562
208 +.167674277033E-0561
209 +.213658800479E-0561
210 +.196665518884E-0561
211 +.413857478647E-0561
212 +.706821862270E-0561
213 +.161442827595E-0560
214 +.190219062054E-0560
215 +.597124316478E-0560
216 +.567627708314E-0560
217 +.159079492513E-0559
218 +.360815523810E-0559
219 +.282302460283E-0559
220 +.579445252393E-0559
221 +.105896789413E-0558
222 +.217231063381E-0558
223 +.362757435197E-0558
224 +.865184856333E-0558
225 +.822834336623E-0558
226 +.282768765878E-0557
227 +.490800204001E-0557
228 +.933419793267E-0557
229 +.241483963093E-0557
230 +.110525031854E-0556
231 +.325291837575E-0556
232 +.261166906264E-0556
233 +.333790660929E-0556
234 +.487446009902E-0556
235 +.134042638370E-0555
236 +.531163679058E-0557
237 +.591271396362E-0556
238 +.208954662457E-0555
239 +.534246130107E-0555
240 +.769677426001E-0555
241 +.750117083121E-0555
242 +.150870052178E-0554
243 +.279578834257E-0554
244 +.565085574059E-0554
245 +.978213788080E-0554
246 +.222903987185E-0553
247 +.265286094010E-0553
248 +.828619927316E-0553
249 +.753170709725E-0553
250 +.212873894187E-0552
251 +.505970528441E-0552
252 +.272246416490E-0552
253 +.651217165200E-0552
254 +.939104234061E-0552
255 +.252767253896E-0551
256 +.562303296603E-0552
257 +.274823853338E-0551
258 +.925396596182E-0551
259 +.194807990532E-0550
260 +.785649792488E-0551
261 +.111351035421E-0550
262 +.665960553444E-0551
263 +.258080497529E-0550
264 +.696196690327E-0550
265 +.104036285172E-0550
266 +.424387960425E-0552
267 +.275847180266E-0551
268 +.821703539699E-0551
269 +.116537302508E-0550
270 +.272972531576E-0550
271 +.215318141333E-0550
272 +.595465849989E-0550
273 +.137835640930E-0549
274 +.934696206801E-0550
275 +.204625183995E-0549
276 +.338381615728E-0549
277 +.797016360711E-0549
278 +.812400047595E-0549
279 +.272051259283E-0548
280 +.410134242812E-0548
281 +.919474415067E-0548
282 +.482065829020E-0548
283 +.132255162176E-0547
284 +.368340034342E-0547
285 +.184846323052E-0547
286 +.232204752744E-0547
287 +.279087850163E-0547
288 +.876904070919E-0547
289 +.875742413253E-0547
290 +.242470685614E-0546
291 +.516392551384E-0546
292 +.555335834746E-0546
293 +.926231753936E-0546
294 +.220462714830E-0545
295 +.203258174579E-0545
296 +.705051669794E-0545
297 +.127972592736E-0544
298 +.226478909876E-0544
299 +.119327281449E-0544
300 +.463710921633E-0544
301 +.116655136210E-0543
302 +.366548487971E-0544
303 +.105673954631E-0543
304 +.124182457896E-0543
305 +.380014417722E-0543
306 +.271409889117E-0543
307 +.784791822431E-0543
308 +.221563253543E-0542
309 +.132126888527E-0542
310 +.171600372748E-0542
311 +.216333702389E-0542
312 +.659467302003E-0542
313 +.489253335750E-0542
314 +.141183661924E-0541
315 +.389724019330E-0541
316 +.165225183421E-0541
317 +.195522177549E-0541
318 +.228957898297E-0541
319 +.733258239269E-0541
320 +.859169429572E-0541
321 +.225727912707E-0540
322 +.366172320985E-0540
323 +.722299335092E-0540
324 +.749502744822E-0541
325 +.474974693743E-0540
326 +.147474971847E-0539
327 +.181557723500E-0539
328 +.175587041079E-0539
329 +.357642788295E-0539
330 +.650868575365E-0539
331 +.135644008561E-0538
332 +.217581790972E-0538
333 +.543262207046E-0538
334 +.375184577475E-0538
335 +.141242773129E-0537
336 +.352311974349E-0537
337 +.128911572475E-0537
338 +.351863110407E-0537
339 +.433663031208E-0537
340 +.129501109003E-0536
341 +.678912236544E-0537
342 +.193860905783E-0536
343 +.612007401417E-0536
344 +.971284416100E-0536
345 +.504397549554E-0536
346 +.135138769987E-0535
347 +.123824770320E-0535
348 +.425265551618E-0535
349 +.722139499522E-0535
350 +.141649864948E-0534
351 +.186072232820E-0535
352 +.106526638210E-0534
353 +.327579455928E-0534
354 +.378618023683E-0534
355 +.394614020762E-0534
356 +.758848076241E-0534
357 +.152501912028E-0533
358 +.262582695933E-0533
359 +.602329495617E-0533
360 +.696369689057E-0533
361 +.220729119035E-0532
362 +.227892926977E-0532
363 +.626094697197E-0532
364 +.127931055085E-0531
365 +.159643320045E-0531
366 +.227020812117E-0531
367 +.620046959180E-0531
368 +.548435431941E-0532
369 +.381029639553E-0531
370 +.132799499080E-0530
371 +.324606793658E-0530
372 +.377182942244E-0530
373 +.488200449123E-0530
374 +.739553396448E-0530
375 +.195290222515E-0529
376 +.615856146810E-0530
377 +.274902407208E-0529
378 +.890920371193E-0529
379 +.152391704349E-0528
380 +.492749325412E-0529
381 +.153642159170E-0528
382 +.994411278733E-0529
383 +.374772360823E-0528
384 +.906011431562E-0528
385 +.498064661393E-0528
386 +.118019755458E-0527
387 +.172963099920E-0527
388 +.459299839089E-0527
389 +.143073069868E-0527
390 +.640767073653E-0527
391 +.208436297410E-0526
392 +.364439794261E-0526
393 +.950868680474E-0527
394 +.319436660296E-0526
395 +.184591252967E-0526
396 +.713018341954E-0526
397 +.182916185079E-0525
398 +.353534086682E-0526
399 +.124131084546E-0525
400 +.131545185633E-0525
401 +.420440210346E-0525
402 +.444343238619E-0525
403 +.121216308537E-0524
404 +.238900771263E-0524
405 +.331212375987E-0524
406 +.400257894769E-0524
407 +.120786949287E-0523
408 +.770586221133E-0524
409 +.222601985761E-0523
410 +.658617786283E-0523
411 +.647675759206E-0523
412 +.768923735331E-0523
413 +.128768398380E-0522
414 +.311082989230E-0522
415 +.264225687247E-0522
416 +.940975517763E-0522
417 +.192336494241E-0521
418 +.259831017889E-0521
419 +.327922115838E-0521
420 +.966132626498E-0521
421 +.438833185446E-0521
422 +.122762986336E-0520
423 +.397547447926E-0520
424 +.736129773898E-0520
425 +.641953633352E-0521
426 +.364715698078E-0520
427 +.151724770607E-0520
428 +.626251691898E-0520
429 +.176613979518E-0519
430 +.827907506921E-0520
431 +.101543021632E-0519
432 +.121243242787E-0519
433 +.383190241480E-0519
434 +.403167290995E-0519
435 +.110055543438E-0518
436 +.217805863547E-0518
437 +.298616673801E-0518
438 +.368181998343E-0518
439 +.109933854308E-0517
440 +.611280211161E-0518
441 +.175298552608E-0517
442 +.542905488648E-0517
443 +.760045372312E-0517
444 +.589939482393E-0517
445 +.135983921582E-0516
446 +.188594151607E-0516
447 +.528475168969E-0516
448 +.313290113518E-0517
449 +.469509200662E-0517
450 +.178119746018E-0516
451 +.475106568085E-0516
452 +.826733239638E-0516
453 +.435298183599E-0516
454 +.114798086326E-0515
455 +.113218829201E-0515
456 +.378581688041E-0515
457 +.555826705529E-0515
458 +.127508078479E-0514
459 +.838362051889E-0515
460 +.233278116316E-0514
461 +.600376300404E-0514
462 +.359941740123E-0515
463 +.251380671147E-0514
464 +.235229203975E-0514
465 +.780032569831E-0514
466 +.103593533108E-0513
467 +.255526111955E-0513
468 +.288426135391E-0513
469 +.738443637270E-0513
470 +.107160405178E-0512
471 +.236956463404E-0512
472 +.108550053898E-0512
473 +.292458676916E-0512
474 +.840829638449E-0512
475 +.638077858792E-0512
476 +.826029618025E-0512
477 +.116265855196E-0511
478 +.328900703233E-0511
479 +.533575313949E-0512
480 +.906813350215E-0512
481 +.308380825699E-0511
482 +.808540107522E-0511
483 +.129151044032E-0510
484 +.971948833665E-0511
485 +.224676019514E-0510
486 +.310540619744E-0510
487 +.871594072180E-0510
488 +.614797589778E-0511
489 +.425392661144E-0511
490 +.171336005911E-0510
491 +.456620497462E-0510
492 +.797418499529E-0510
493 +.411803735836E-0510
494 +.109291554024E-0509
495 +.106092712537E-0509
496 +.356804853360E-0509
497 +.541359546071E-0509
498 +.120624063844E-0508
499 +.590792680240E-0509
500 +.160713277757E-0508
501 +.454960747034E-0508
502 +.287243483308E-0508
503 +.374700440300E-0508
504 +.482918423146E-0508
505 +.145170055556E-0507
506 +.911991042597E-0508
507 +.263515601496E-0507
508 +.786039706786E-0507
509 +.828802356540E-0507
510 +.940331755477E-0507
511 +.166566943408E-0506
512 +.376382180535E-0506
513 +.451735446275E-0506
514 +.140369052314E-0505
515 +.121490433393E-0505
516 +.345982963772E-0505
517 +.859937163985E-0505
518 +.242004793799E-0505
519 +.727929979639E-0505
520 +.826118914730E-0505
521 +.257017499379E-0504
522 +.217222086789E-0504
523 +.620338909371E-0504
524 +.157061183238E-0503
525 +.263993354469E-0504
526 +.990686742419E-0504
527 +.102007921705E-0503
528 +.329559567658E-0503
529 +.376413052003E-0503
530 +.999943274048E-0503
531 +.171823773678E-0502
532 +.313474374861E-0502
533 +.130748103605E-0502
534 +.534372809904E-0502
535 +.145443597207E-0501
536 +.300143769761E-0502
537 +.150999169215E-0502
538 +.219384201793E-0502
539 +.707882639442E-0502
540 +.998709981049E-0502
541 +.235963995478E-0501
542 +.198286507035E-0501
543 +.544843635293E-0501
544 +.119908646254E-0500
545 +.111171384555E-0500
546 +.207348558822E-0500
547 +.433710448771E-0500
548 +.668693434724E-0500
549 +.173600177901E-0499
550 +.783616419528E-0500
551 +.323530058888E-0499
552 +.979153579328E-0499
553 +.104006873502E-0498
554 +.116910305196E-0498
555 +.209135232232E-0498
556 +.466678434139E-0498
557 +.588702172429E-0498
558 +.177896677579E-0497
559 +.113501425387E-0497
560 +.328382341901E-0497
561 +.976525817738E-0497
562 +.100306091218E-0496
563 +.115923568824E-0496
564 +.200975411415E-0496
565 +.466439073739E-0496
566 +.496709020672E-0496
567 +.163335926505E-0495
568 +.220182554755E-0495
569 +.538061019852E-0495
570 +.572206685705E-0495
571 +.149586973518E-0494
572 +.244637001414E-0494
573 +.477996083416E-0494
574 +.690122300465E-0495
575 +.380880930150E-0494
576 +.116899251245E-0493
577 +.133691110864E-0493
578 +.140866026069E-0493
579 +.268355283094E-0493
580 +.547325587012E-0493
581 +.909696953905E-0493
582 +.218102582753E-0492
583 +.201092069101E-0492
584 +.698388690941E-0492
585 +.127683362329E-0491
586 +.223097493337E-0491
587 +.127311084549E-0491
588 +.486269774371E-0491
589 +.117989164207E-0490
590 +.621924655959E-0491
591 +.149630624307E-0490
592 +.214425831281E-0490
593 +.579914670781E-0490
594 +.110492338895E-0490
595 +.565711472680E-0490
596 +.192476255038E-0489
597 +.426087755485E-0489
598 +.269617493181E-0489
599 +.421844380215E-0489
600 +.322459869317E-0489
601 +.117378698180E-0488
602 +.260506719287E-0488
603 +.257904701285E-0488
604 +.458933771065E-0488
605 +.101709000979E-0487
606 +.130384938716E-0487
607 +.389979738372E-0487
608 +.216891631977E-0487
609 +.622957620673E-0487
610 +.193868178579E-0486
611 +.280310338027E-0486
612 +.200985413750E-0486
613 +.479593950769E-0486
614 +.607614624859E-0486
615 +.180823107372E-0485
616 +.919165594406E-0486
617 +.261599249080E-0485
618 +.832188761781E-0485
619 +.138493004966E-0484
620 +.556015326778E-0485
621 +.161637157293E-0484
622 +.120469809779E-0484
623 +.439029101642E-0484
624 +.956930038794E-0484
625 +.103027372194E-0483
626 +.171315194404E-0483
627 +.408884790437E-0483
628 +.370864860240E-0483
629 +.129336173243E-0482
630 +.240804377282E-0482
631 +.406662391119E-0482
632 +.277434743958E-0482
633 +.101746621013E-0481
634 +.221374985537E-0481
635 +.239561447443E-0481
636 +.396645877672E-0481
637 +.950792695076E-0481
638 +.840131662777E-0481
639 +.295445115726E-0480
640 +.571465691258E-0480
641 +.890759424139E-0480
642 +.817713383667E-0480
643 +.276203064411E-0479
644 +.427471943618E-0479
645 +.932913529871E-0479
646 +.351459572741E-0479
647 +.908295401481E-0479
648 +.268187537895E-0478
649 +.267102398657E-0478
650 +.314708390424E-0478
651 +.532463855553E-0478
652 +.127164043868E-0477
653 +.116069611774E-0477
654 +.404172252921E-0477
655 +.747685784889E-0477
656 +.127830828164E-0476
657 +.821603341991E-0477
658 +.305566903664E-0476
659 +.693083214455E-0476
660 +.613310471543E-0476
661 +.117574813601E-0475
662 +.237095312314E-0475
663 +.401229326398E-0475
664 +.940520161027E-0475
665 +.981411954119E-0475
666 +.325679480087E-0474
667 +.465188883870E-0474
668 +.109130360950E-0473
669 +.866749502333E-0474
670 +.239562654500E-0473
671 +.551725605640E-0473
672 +.388600186492E-0473
673 +.837113917009E-0473
674 +.141993659948E-0472
675 +.324209487687E-0472
676 +.382570508929E-0472
677 +.119987689546E-0471
678 +.113156675333E-0471
679 +.317636950703E-0471
680 +.726775683914E-0471
681 +.536764815672E-0471
682 +.113233255680E-0470
683 +.198430678451E-0470
684 +.433736414378E-0470
685 +.603291996785E-0470
686 +.170986907849E-0469
687 +.250398004829E-0470
688 +.376888288576E-0470
689 +.127799092020E-0469
690 +.340862618738E-0469
691 +.584374619723E-0469
692 +.332115016155E-0469
693 +.853878487015E-0469
694 +.898634716600E-0469
695 +.292974015822E-0468
696 +.367106036669E-0468
697 +.935586463933E-0468
698 +.128378812423E-0467
699 +.296282100202E-0467
700 +.209942629827E-0467
701 +.584263486425E-0467
702 +.145136523145E-0466
703 +.409548795260E-0467
704 +.123044530945E-0466
705 +.139842217666E-0466
706 +.434769913417E-0466
707 +.365046003674E-0466
708 +.104331872791E-0465
709 +.265535029684E-0465
710 +.359280007627E-0466
711 +.150543958739E-0465
712 +.150743013951E-0465
713 +.491314883169E-0465
714 +.593951770775E-0465
715 +.154042256185E-0464
716 +.232937341352E-0464
717 +.495966033427E-0464
718 +.127091699322E-0464
719 +.285788550911E-0464
720 +.866484761909E-0464
721 +.111148434395E-0463
722 +.101793752737E-0463
723 +.214938899664E-0463
724 +.364485293844E-0463
725 +.840185096271E-0463
726 +.950752000893E-0463
727 +.304442376688E-0462
728 +.340637599422E-0462
729 +.912161880235E-0462
730 +.163367632879E-0461
731 +.278626874242E-0461
732 +.181352517627E-0461
733 +.672821355851E-0461
734 +.151720145989E-0460
735 +.138612128672E-0460
736 +.260574946184E-0460
737 +.539383984148E-0460
738 +.855239010641E-0460
739 +.215911768573E-0459
740 +.134738398786E-0459
741 +.519245129495E-0459
742 +.138073959749E-0458
743 +.641190631920E-0460
744 +.287477457908E-0459
745 +.229787164819E-0459
746 +.779701878228E-0459
747 +.109576626320E-0458
748 +.260375256301E-0458
749 +.227842246092E-0458
750 +.622637148032E-0458
751 +.132014306115E-0457
752 +.144513560627E-0457
753 +.237144146226E-0457
754 +.573751631321E-0457
755 +.477864284839E-0457
756 +.171071746265E-0456
757 +.357001498959E-0456
758 +.452068497664E-0456
759 +.629096403602E-0456
760 +.174382263016E-0455
761 +.224555907499E-0457
762 +.443214376905E-0456
763 +.158973300183E-0455
764 +.412380717590E-0455
765 +.634306034426E-0455
766 +.532870332564E-0455
767 +.116944570517E-0454
768 +.182318431702E-0454
769 +.461664550710E-0454
770 +.280661558424E-0454
771 +.108773673742E-0453
772 +.293166692503E-0453
773 +.411425108846E-0454
774 +.698990423838E-0455
775 +.636513398503E-0455
776 +.171554808159E-0454
777 +.241285543690E-0454
778 +.565159841844E-0454
779 +.448038793737E-0454
780 +.123850298491E-0453
781 +.285599220718E-0453
782 +.199272412627E-0453
783 +.431016812518E-0453
784 +.726444986312E-0453
785 +.167207237041E-0452
786 +.190491860133E-0452
787 +.607952467116E-0452
788 +.662898887940E-0452
789 +.179111067642E-0451
790 +.335968548085E-0451
791 +.523951162067E-0451
792 +.481018037185E-0451
793 +.162550403743E-0450
794 +.252353843144E-0450
795 +.549041187554E-0450
796 +.214059346539E-0450
797 +.854393429788E-0450
798 +.269900741109E-0449
799 +.279065591102E-0449
800 +.319211523485E-0449
801 +.559382089178E-0449
802 +.128164116420E-0448
803 +.144930417147E-0448
804 +.463981126330E-0448
805 +.518128922269E-0448
806 +.141146725389E-0447
807 +.285037776332E-0447
808 +.488321951215E-0447
809 +.326824682991E-0447
810 +.120423867231E-0446
811 +.285449926029E-0446
812 +.292500366311E-0446
813 +.509939222260E-0446
814 +.115517648717E-0445
815 +.135939208940E-0445
816 +.426518777078E-0445
817 +.412614090148E-0445
818 +.118686488849E-0444
819 +.295712911542E-0444
820 +.226764184622E-0444
821 +.471995628652E-0444
822 +.841039654907E-0444
823 +.179504524293E-0443
824 +.269148069307E-0443
825 +.717724319239E-0443
826 +.199644584391E-0443
827 +.919313889084E-0443
828 +.315569995296E-0442
829 +.599460343976E-0442
830 +.934771232974E-0444
831 +.174116184974E-0442
832 +.591005439385E-0443
833 +.254439055192E-0442
834 +.769814421348E-0442
835 +.493666206770E-0442
836 +.641016010894E-0442
837 +.838771072635E-0442
838 +.249844300779E-0441
839 +.148932253353E-0441
840 +.582719531869E-0441
841 +.182518325265E-0440
842 +.259421393342E-0440
843 +.303484238053E-0440
844 +.667404803710E-0440
845 +.892328809357E-0440
846 +.257568477429E-0439
847 +.125468539038E-0439
848 +.365032338093E-0439
849 +.126644126929E-0438
850 +.310796803665E-0438
851 +.367865940284E-0438
852 +.468290451144E-0438
853 +.726892160216E-0438
854 +.187868297995E-0437
855 +.849080477315E-0438
856 +.350224979669E-0437
857 +.106924791936E-0436
858 +.110035343978E-0436
859 +.190556759359E-0436
860 +.315716713703E-0436
861 +.730140366360E-0436
862 +.805339716789E-0436
863 +.260755363102E-0435
864 +.322103703152E-0435
865 +.852359621653E-0435
866 +.147357529627E-0434
867 +.320157921814E-0434
868 +.101479728937E-0434
869 +.263438979819E-0434
870 +.857556718938E-0434
871 +.102771234181E-0433
872 +.102345982533E-0433
873 +.203962376201E-0433
874 +.386222513333E-0433
875 +.751892781799E-0433
876 +.141198416461E-0432
877 +.283880249269E-0432
878 +.497844691915E-0432
879 +.111471677824E-0431
880 +.142347047646E-0431
881 +.427342227915E-0431
882 +.259311157047E-0431
883 +.776961878758E-0431
884 +.253984336675E-0430
885 +.328647266534E-0430
886 +.298765701068E-0430
887 +.637744679771E-0430
888 +.105245706658E-0429
889 +.250854290505E-0429
890 +.239564056008E-0429
891 +.821927225271E-0429
892 +.155828565384E-0428
893 +.302548929369E-0428
894 +.627570880282E-0429
895 +.305929624149E-0428
896 +.955447936425E-0428
897 +.911556141403E-0428
898 +.110425511742E-0427
899 +.181648225743E-0427
900 +.446878825491E-0427
901 +.333840261293E-0427
902 +.123171393575E-0426
903 +.307816336025E-0426
904 +.228866185051E-0426
905 +.481829219500E-0426
906 +.844890229892E-0426
907 +.184520092552E-0425
908 +.257377810758E-0425
909 +.727942672097E-0425
910 +.106384320626E-0425
911 +.596667199933E-0425
912 +.217581683150E-0424
913 +.581117891771E-0424
914 +.101144830543E-0423
915 +.536539927269E-0424
916 +.141299327305E-0423
917 +.139180461975E-0423
918 +.465637429716E-0423
919 +.769317513530E-0423
920 +.177712500306E-0422
921 +.116751089973E-0422
922 +.332242213952E-0422
923 +.935246915595E-0422
924 +.979085582796E-0424
925 +.275592820960E-0422
926 +.238325979150E-0422
927 +.802001573512E-0422
928 +.127018267428E-0421
929 +.352850766736E-0421
930 +.314262335465E-0421
931 +.875857346922E-0421
932 +.205305211716E-0420
933 +.224734579176E-0420
934 +.372102353471E-0420
935 +.890610957625E-0420
936 +.795117439031E-0420
937 +.278707099590E-0419
938 +.537942362516E-0419
939 +.888345376069E-0419
940 +.730577414896E-0419
941 +.254950896150E-0418
942 +.469720186542E-0418
943 +.870060302583E-0418
944 +.428257330173E-0418
945 +.168740554215E-0417
946 +.442370314327E-0417
947 +.107694164386E-0417
948 +.344052972409E-0417
949 +.363530839360E-0417
950 +.116666155437E-0416
951 +.129859369629E-0416
952 +.356302274269E-0416
953 +.739544263284E-0416
954 +.119306069222E-0415
955 +.101552903324E-0415
956 +.351221562786E-0415
957 +.671179693670E-0415
958 +.128255657158E-0414
959 +.348399929094E-0415
960 +.157413234452E-0414
961 +.481526437571E-0414
962 +.361988967281E-0414
963 +.473057311863E-0414
964 +.665981020792E-0414
965 +.188174159987E-0413
966 +.287388852518E-0414
967 +.540919298565E-0414
968 +.202253141389E-0413
969 +.530348858860E-0413
970 +.858695164925E-0413
971 +.936514718309E-0413
972 +.207329421024E-0412
973 +.275271320572E-0412
974 +.797441158088E-0412
975 +.409047664005E-0412
976 +.119958910729E-0411
977 +.413641939955E-0411
978 +.988173351763E-0411
979 +.101568003580E-0410
980 +.143261957076E-0410
981 +.185232962013E-0410
982 +.548148614881E-0410
983 +.381590352696E-0410
984 +.114871876061E-0409
985 +.370925872432E-0409
986 +.632218580741E-0409
987 +.434713998990E-0409
988 +.113981133107E-0408
989 +.774268462688E-0409
990 +.289405652792E-0408
991 +.735997614888E-0408
992 +.469573957682E-0408
993 +.105447569884E-0407
994 +.167069444294E-0407
995 +.412589629862E-0407
996 +.312334550996E-0407
997 +.114889521756E-0406
998 +.284586085145E-0406
999 +.226060980876E-0406
1000 +.461161305842E-0406
1001 +.848558087651E-0406
1002 +.172141355791E-0405
1003 +.295318404895E-0405
1004 +.680929364939E-0405
1005 +.769515190274E-0405
1006 +.246609718421E-0404
1007 +.277699288111E-0404
1008 +.754147227678E-0404
1009 +.150242686660E-0403
1010 +.264474253719E-0403
1011 +.153429598300E-0403
1012 +.584024418235E-0403
1013 +.149847861771E-0402
1014 +.865184009959E-0403
1015 +.201802235942E-0402
1016 +.301418443222E-0402
1017 +.787632326017E-0402
1018 +.326769677273E-0402
1019 +.137300680645E-0401
1020 +.443739108864E-0401
1021 +.551810240714E-0401
1022 +.529290892767E-0401
1023 +.109021412418E-0400
1024 +.193684894429E-0400
1025 +.418940338247E-0400
1026 +.603142892198E-0400
1027 +.166487406564E-0399
1028 +.290713697749E-0400
1029 +.753077520894E-0400
1030 +.277474670112E-0399
1031 +.715974870996E-0399
1032 +.108050972138E-0398
1033 +.102889430416E-0398
1034 +.217476664027E-0398
1035 +.358500350312E-0398
1036 +.855660161995E-0398
1037 +.810399968487E-0398
1038 +.278845007108E-0397
1039 +.535575796192E-0397
1040 +.101767902370E-0396
1041 +.298727003842E-0397
1042 +.132327703788E-0396
1043 +.401383307700E-0396
1044 +.270440143945E-0396
1045 +.356908774056E-0396
1046 +.475460134245E-0396
1047 +.139708771477E-0395
1048 +.624719569304E-0396
1049 +.180859439992E-0395
1050 +.626676574038E-0395
1051 +.118883038735E-0394
1052 +.168220426734E-0396
1053 +.367394537088E-0395
1054 +.124576875969E-0395
1055 +.536350475933E-0395
1056 +.162109303926E-0394
1057 +.102533146872E-0394
1058 +.230321331571E-0394
1059 +.277213067062E-0394
1060 +.833956699709E-0394
1061 +.506820487448E-0394
1062 +.152032573890E-0393
1063 +.495852343996E-0393
1064 +.630519056198E-0393
1065 +.589136070480E-0393
1066 +.123673062007E-0392
1067 +.211325149203E-0392
1068 +.482476763015E-0392
1069 +.569467579807E-0392
1070 +.178604205457E-0391
1071 +.202611808279E-0391
1072 +.579607580471E-0391
1073 +.133754444169E-0390
1074 +.102163960604E-0390
1075 +.214132708169E-0390
1076 +.375510667444E-0390
1077 +.820556343257E-0390
1078 +.114232750036E-0389
1079 +.323553219148E-0389
1080 +.526165036406E-0390
1081 +.107642713478E-0389
1082 +.402351558562E-0389
1083 +.107118047465E-0388
1084 +.184618925572E-0388
1085 +.166539889757E-0388
1086 +.397084422220E-0388
1087 +.412721448927E-0388
1088 +.135656007489E-0387
1089 +.205098768381E-0387
1090 +.511095488537E-0387
1091 +.582337980455E-0387
1092 +.151572026391E-0386
1093 +.257424805375E-0386
1094 +.571427770659E-0386
1095 +.245459718252E-0386
1096 +.680810243267E-0386
1097 +.214415665038E-0385
1098 +.194898468581E-0385
1099 +.243463458049E-0385
1100 +.385795180193E-0385
1101 +.984745015107E-0385
1102 +.520479740191E-0385
1103 +.207780162685E-0384
1104 +.626543244284E-0384
1105 +.372619225812E-0384
1106 +.490366070198E-0384
1107 +.621713929216E-0384
1108 +.188660267888E-0383
1109 +.132682775208E-0383
1110 +.392422973888E-0383
1111 +.119511090997E-0382
1112 +.761139440060E-0383
1113 +.101398881041E-0382
1114 +.131202148906E-0382
1115 +.392599175516E-0382
1116 +.231327341373E-0382
1117 +.684776233587E-0382
1118 +.222947314493E-0381
1119 +.278729989809E-0381
1120 +.267050561063E-0381
1121 +.551677385636E-0381
1122 +.973261323322E-0381
1123 +.212690269851E-0380
1124 +.296124437008E-0380
1125 +.838785859392E-0380
1126 +.296882038043E-0380
1127 +.803590408568E-0380
1128 +.285005391832E-0379
1129 +.759957864632E-0379
1130 +.130933927024E-0378
1131 +.118215299603E-0378
1132 +.281781094020E-0378
1133 +.293182633936E-0378
1134 +.963248094754E-0378
1135 +.145296173042E-0377
1136 +.362687050700E-0377
1137 +.417531116738E-0377
1138 +.108230705581E-0376
1139 +.180235808437E-0376
1140 +.408214562048E-0376
1141 +.220408243355E-0376
1142 +.627593730216E-0376
1143 +.189009323103E-0375
1144 +.996040970177E-0376
1145 +.130216481013E-0375
1146 +.158130012801E-0375
1147 +.492270962898E-0375
1148 +.450546829864E-0375
1149 +.129413932009E-0374
1150 +.331726568955E-0374
1151 +.200501548726E-0374
1152 +.460840772375E-0374
1153 +.701946623791E-0374
1154 +.180247819506E-0373
1155 +.944698770161E-0374
1156 +.377947591149E-0373
1157 +.114499271580E-0372
1158 +.727194241331E-0373
1159 +.960606838426E-0373
1160 +.124870450110E-0372
1161 +.372902240448E-0372
1162 +.214108161260E-0372
1163 +.633195037721E-0372
1164 +.207736450784E-0371
1165 +.275409172061E-0371
1166 +.240194853371E-0371
1167 +.524992061327E-0371
1168 +.822471947158E-0371
1169 +.207463740605E-0370
1170 +.130927467548E-0370
1171 +.503220362714E-0370
1172 +.140729127979E-0369
1173 +.112568774885E-0371
1174 +.444451247331E-0370
1175 +.393931305184E-0370
1176 +.131798684029E-0369
1177 +.204002565921E-0369
1178 +.577912410544E-0369
1179 +.585911281925E-0369
1180 +.158746281376E-0368
1181 +.324109572004E-0368
1182 +.543922817458E-0368
1183 +.399184695992E-0368
1184 +.143795503534E-0367
1185 +.318624463956E-0367
1186 +.429758654512E-0367
1187 +.550632387554E-0367
1188 +.160720243503E-0366
1189 +.946477809640E-0367
1190 +.281844487256E-0366
1191 +.947199263237E-0366
1192 +.200127897249E-0365
1193 +.835131025807E-0366
1194 +.119934939950E-0365
1195 +.724675986984E-0366
1196 +.280077952695E-0365
1197 +.769332545328E-0365
1198 +.973241922189E-0366
1199 +.422873496475E-0365
1200 +.391915087540E-0365
1201 +.131209166892E-0364
1202 +.197145636088E-0364
1203 +.498458006621E-0364
1204 +.521892599073E-0364
1205 +.148748755953E-0363
1206 +.344588151348E-0363
1207 +.264872249038E-0363
1208 +.555181680832E-0363
1209 +.970512194599E-0363
1210 +.213063660980E-0362
1211 +.291970404502E-0362
1212 +.836510425838E-0362
1213 +.206672162883E-0362
1214 +.526704917319E-0362
1215 +.193805136989E-0361
1216 +.496767117870E-0361
1217 +.727770057161E-0361
1218 +.685704042905E-0361
1219 +.140996956791E-0360
1220 +.250968919782E-0360
1221 +.540791124396E-0360
1222 +.787828623713E-0360
1223 +.215376306403E-0359
1224 +.236823159376E-0360
1225 +.148883097174E-0359
1226 +.532795541400E-0359
1227 +.130531672162E-0358
1228 +.154151975707E-0358
1229 +.197694522147E-0358
1230 +.305634639050E-0358
1231 +.792288170335E-0358
1232 +.343547581839E-0358
1233 +.142943274082E-0357
1234 +.456491000453E-0357
1235 +.513487802237E-0357
1236 +.553295225867E-0357
1237 +.104118415601E-0356
1238 +.215907965611E-0356
1239 +.344048812801E-0356
1240 +.864591754347E-0356
1241 +.563585228759E-0356
1242 +.215057506349E-0355
1243 +.557396724419E-0355
1244 +.853755880029E-0356
1245 +.335393559654E-0355
1246 +.338267640697E-0355
1247 +.110068759458E-0354
1248 +.133445811230E-0354
1249 +.352387975890E-0354
1250 +.625025174982E-0354
1251 +.131827564567E-0353
1252 +.223213685385E-0354
1253 +.427201376895E-0354
1254 +.143674300730E-0353
1255 +.200794332705E-0353
1256 +.240316752686E-0353
1257 +.522886594532E-0353
1258 +.721274504503E-0353
1259 +.203712009332E-0352
1260 +.285987000034E-0353
1261 +.518786545561E-0353
1262 +.194954774389E-0352
1263 +.519737436263E-0352
1264 +.901360313174E-0352
1265 +.795133183168E-0352
1266 +.190999213593E-0351
1267 +.193227653928E-0351
1268 +.641894735189E-0351
1269 +.102758406428E-0350
1270 +.244497440338E-0350
1271 +.204250079463E-0350
1272 +.573121059053E-0350
1273 +.141137224393E-0349
1274 +.118548002923E-0349
1275 +.235668156214E-0349
1276 +.450055649090E-0349
1277 +.854950646219E-0349
1278 +.168194314473E-0348
1279 +.309198838747E-0348
1280 +.644666756389E-0348
1281 +.103343068382E-0347
1282 +.258264892068E-0347
1283 +.176966859636E-0347
1284 +.667465420845E-0347
1285 +.178037072643E-0346
1286 +.604053717847E-0347
1287 +.169486813592E-0346
1288 +.202731792575E-0346
1289 +.615103815802E-0346
1290 +.398375817015E-0346
1291 +.118305553183E-0345
1292 +.373542912311E-0345
1293 +.358217231955E-0345
1294 +.435966269650E-0345
1295 +.718241576499E-0345
1296 +.176234570136E-0344
1297 +.134375042092E-0344
1298 +.493155900576E-0344
1299 +.121195283690E-0343
1300 +.101643368690E-0343
1301 +.201604473949E-0343
1302 +.386668793849E-0343
1303 +.728296236391E-0343
1304 +.145503007749E-0342
1305 +.258719760665E-0342
1306 +.567939037683E-0342
1307 +.779072187217E-0342
1308 +.223119651392E-0341
1309 +.544811128900E-0342
1310 +.138232488206E-0341
1311 +.508914527026E-0341
1312 +.130703404408E-0340
1313 +.193163878287E-0340
1314 +.178621276736E-0340
1315 +.371575494470E-0340
1316 +.646942261333E-0340
1317 +.143884056237E-0339
1318 +.188357984738E-0339
1319 +.556656481866E-0339
1320 +.265117980450E-0339
1321 +.108403484017E-0338
1322 +.371254197427E-0338
1323 +.692670768487E-0338
1324 +.413915363091E-0339
1325 +.300672518435E-0338
1326 +.116733832202E-0338
1327 +.488606511424E-0338
1328 +.139914815397E-0337
1329 +.761145575240E-0338
1330 +.104776494334E-0337
1331 +.127429952607E-0337
1332 +.394606735825E-0337
1333 +.417735189811E-0337
1334 +.121525068422E-0336
1335 +.303861225598E-0336
1336 +.977445163437E-0337
1337 +.280531416487E-0336
1338 +.323446964839E-0336
1339 +.100003291622E-0335
1340 +.815042497295E-0336
1341 +.239825557883E-0335
1342 +.683449672477E-0335
1343 +.722420506461E-0336
1344 +.623513113265E-0336
1345 +.312243826125E-0336
1346 +.113406315319E-0335
1347 +.184558333358E-0335
1348 +.498492168102E-0335
1349 +.469229235607E-0335
1350 +.165594192342E-0334
1351 +.444997745446E-0334
1352 +.217532303861E-0334
1353 +.557291014541E-0334
1354 +.631167241962E-0334
1355 +.197792562465E-0333
1356 +.187740350278E-0333
1357 +.650725437783E-0333
1358 +.154740130001E-0332
1359 +.936082498579E-0333
1360 +.215848317364E-0332
1361 +.324758780840E-0332
1362 +.843657854584E-0332
1363 +.381035604177E-0332
1364 +.157263066838E-0331
1365 +.481206506147E-0331
1366 +.505211241215E-0331
1367 +.860943081813E-0331
1368 +.145033710805E-0330
1369 +.328608735998E-0330
1370 +.396242442563E-0330
1371 +.122794917910E-0329
1372 +.106122358421E-0329
1373 +.311623592471E-0329
1374 +.856123390859E-0329
1375 +.133959681918E-0329
1376 +.520894173315E-0329
1377 +.528238546785E-0329
1378 +.171584770721E-0328
1379 +.203316885272E-0328
1380 +.541417219165E-0328
1381 +.982268934506E-0328
1382 +.201161071246E-0327
1383 +.633366615026E-0329
1384 +.660088008065E-0328
1385 +.213352027707E-0327
1386 +.296197615524E-0327
1387 +.360155400104E-0327
1388 +.777301759094E-0327
1389 +.109755691525E-0326
1390 +.304642819233E-0326
1391 +.724158384472E-0328
1392 +.117199280101E-0326
1393 +.421827626662E-0326
1394 +.110727824655E-0325
1395 +.179198636334E-0325
1396 +.129204898159E-0325
1397 +.304159566737E-0325
1398 +.401922133152E-0325
1399 +.116382010825E-0324
1400 +.347904682407E-0325
1401 +.930075438578E-0325
1402 +.337305287147E-0324
1403 +.810358280568E-0324
1404 +.866893776425E-0324
1405 +.121065792138E-0323
1406 +.164336176300E-0323
1407 +.470912932160E-0323
1408 +.117407285410E-0323
1409 +.295047812242E-0323
1410 +.107943262575E-0322
1411 +.268291472899E-0322
1412 +.340947012361E-0322
1413 +.408143358485E-0322
1414 +.694173636686E-0322
1415 +.163139191186E-0321
1416 +.163164163193E-0321
1417 +.550099187810E-0321
1418 +.959518365204E-0321
1419 +.209124780970E-0320
1420 +.706180371796E-0321
1421 +.184202794564E-0320
1422 +.595004483069E-0320
1423 +.669520273294E-0320
1424 +.713681815699E-0320
1425 +.134447355232E-0319
1426 +.278997810610E-0319
1427 +.443595994123E-0319
1428 +.111736105820E-0318
1429 +.712689729011E-0319
1430 +.273306340423E-0318
1431 +.760499444397E-0318
1432 +.340395794398E-0319
1433 +.295447877818E-0318
1434 +.273575002038E-0318
1435 +.908214776287E-0318
1436 +.137177048574E-0317
1437 +.341827479706E-0317
1438 +.389479029137E-0317
1439 +.101356995811E-0316
1440 +.172106581757E-0316
1441 +.382124794642E-0316
1442 +.164600451850E-0316
1443 +.456737982565E-0316
1444 +.143786324297E-0315
1445 +.130174620090E-0315
1446 +.162888764357E-0315
1447 +.257374620113E-0315
1448 +.658781085950E-0315
1449 +.336922453831E-0315
1450 +.135436261938E-0314
1451 +.413061036948E-0314
1452 +.286822148980E-0314
1453 +.378295414140E-0314
1454 +.511653892088E-0314
1455 +.148782054611E-0313
1456 +.545680504309E-0314
1457 +.152911788340E-0313
1458 +.543898613125E-0313
1459 +.118927690468E-0312
1460 +.691998564288E-0313
1461 +.110350052421E-0312
1462 +.784935659424E-0313
1463 +.290899704573E-0312
1464 +.685166531762E-0312
1465 +.492744805189E-0312
1466 +.106042665512E-0311
1467 +.178117203493E-0311
1468 +.411960319174E-0311
1469 +.459034989256E-0311
1470 +.148031046883E-0310
1471 +.177790988599E-0310
1472 +.476601134875E-0310
1473 +.873457912940E-0310
1474 +.176345226463E-0309
1475 +.111790711631E-0310
1476 +.914710311730E-0310
1477 +.294286082817E-0309
1478 +.387383552658E-0309
1479 +.513567350670E-0309
1480 +.105627596930E-0308
1481 +.168996948085E-0308
1482 +.419025230692E-0308
1483 +.306155300182E-0308
1484 +.113655886375E-0307
1485 +.274350470321E-0307
1486 +.180399341078E-0307
1487 +.403767094413E-0307
1488 +.633889176465E-0307
1489 +.158140717744E-0306
1490 +.110311655483E-0306
1491 +.414169423936E-0306
1492 +.103562570759E-0305
1493 +.471715481152E-0306
1494 +.120174613715E-0305
1495 +.155661798936E-0305
1496 +.452197524715E-0305
1497 +.236735847481E-0305
1498 +.696162240277E-0305
1499 +.239298180210E-0304
1500 +.563600867842E-0304
1501 +.534812280058E-0304
1502 +.784034501987E-0304
1503 +.917437365330E-0304
1504 +.286691524926E-0303
1505 +.321268664417E-0303
1506 +.921379948365E-0303
1507 +.215313885603E-0302
1508 +.150630096400E-0302
1509 +.328166660820E-0302
1510 +.540810601746E-0302
1511 +.127983785407E-0301
1512 +.127200875009E-0301
1513 +.430097424788E-0301
1514 +.694660938439E-0301
1515 +.150601465052E-0300
1516 +.771265921620E-0301
1517 +.218849315589E-0300
1518 +.683494040424E-0300
1519 +.887826927178E-0300
1520 +.120385854116E-0299
1521 +.244089265169E-0299
1522 +.403743361738E-0299
1523 +.964569269236E-0299
1524 +.907127037266E-0299
1525 +.312894831072E-0298
1526 +.553180641030E-0298
1527 +.102285263076E-0297
1528 +.376553062156E-0298
1529 +.158127033570E-0297
1530 +.441798830775E-0297
1531 +.175515447057E-0297
1532 +.412975918480E-0297
1533 +.428933542603E-0297
1534 +.139114287985E-0296
1535 +.166722778500E-0296
1536 +.517400900508E-0296
1537 +.807421889170E-0296
1538 +.199836224671E-0295
1539 +.362545689929E-0296
1540 +.740429434426E-0296
1541 +.229194822309E-0295
1542 +.320607457810E-0295
1543 +.289889983752E-0295
1544 +.652239395819E-0295
1545 +.907278419623E-0295
1546 +.254059151346E-0294
1547 +.685491374604E-0295
1548 +.167963653492E-0294
1549 +.599295535488E-0294
1550 +.160073702411E-0293
1551 +.277957875855E-0293
1552 +.188648773282E-0293
1553 +.472801735557E-0293
1554 +.473127018284E-0293
1555 +.157598287308E-0292
1556 +.230293960669E-0292
1557 +.632049501659E-0292
1558 +.488877938214E-0292
1559 +.138952840951E-0291
1560 +.334661973078E-0291
1561 +.180176884314E-0291
1562 +.433461522080E-0291
1563 +.609951222811E-0291
1564 +.167455990766E-0290
1565 +.218640047089E-0291
1566 +.102678194294E-0290
1567 +.370160715893E-0290
1568 +.919978291517E-0290
1569 +.116669690919E-0289
1570 +.138981260476E-0289
1571 +.235983992029E-0289
1572 +.556299526466E-0289
1573 +.547074492697E-0289
1574 +.185609271680E-0288
1575 +.305246659265E-0288
1576 +.635420822921E-0288
1577 +.107547501095E-0288
1578 +.510978036012E-0288
1579 +.166916613035E-0287
1580 +.232115402554E-0287
1581 +.182945579918E-0287
1582 +.419938814958E-0287
1583 +.586290364476E-0287
1584 +.163495987218E-0286
1585 +.737110079077E-0288
1586 +.478581986086E-0287
1587 +.173950052377E-0286
1588 +.461344578573E-0286
1589 +.780207169164E-0286
1590 +.473278624907E-0286
1591 +.118973434607E-0285
1592 +.132754919237E-0285
1593 +.421912668835E-0285
1594 +.438197726724E-0285
1595 +.145472736739E-0284
1596 +.297178582433E-0284
1597 +.390101415751E-0284
1598 +.530702812373E-0284
1599 +.149134632742E-0283
1600 +.212665351476E-0284
1601 +.446953225654E-0284
1602 +.158184466183E-0283
1603 +.415421404065E-0283
1604 +.671981460091E-0283
1605 +.493265804842E-0283
1606 +.115714052450E-0282
1607 +.153182938558E-0282
1608 +.443106107689E-0282
1609 +.221030075742E-0282
1610 +.645482285336E-0282
1611 +.223330816769E-0281
1612 +.541597213831E-0281
1613 +.603175180877E-0281
1614 +.889555672844E-0281
1615 +.125683018637E-0280
1616 +.347321990062E-0280
1617 +.108591336345E-0281
1618 +.142867844108E-0280
1619 +.513063482581E-0280
1620 +.132464215020E-0279
1621 +.199681474601E-0279
1622 +.179035036431E-0279
1623 +.381535032033E-0279
1624 +.630276311329E-0279
1625 +.149925120859E-0278
1626 +.144799060197E-0278
1627 +.494809512762E-0278
1628 +.845478461769E-0278
1629 +.171237958823E-0277
1630 +.361854870009E-0278
1631 +.101483992599E-0277
1632 +.331101191666E-0277
1633 +.409641192301E-0277
1634 +.395782690195E-0277
1635 +.811322110743E-0277
1636 +.145455387102E-0276
1637 +.310361562183E-0276
1638 +.465914053542E-0276
1639 +.124126176737E-0275
1640 +.353004877617E-0276
1641 +.161655683117E-0275
1642 +.553695110615E-0275
1643 +.103752413171E-0274
1644 +.444273022400E-0276
1645 +.410986142348E-0275
1646 +.152879220511E-0275
1647 +.645497958044E-0275
1648 +.193841111348E-0274
1649 +.111117328540E-0274
1650 +.259096908397E-0274
1651 +.298350738364E-0274
1652 +.918903850672E-0274
1653 +.707827339119E-0274
1654 +.208511814897E-0273
1655 +.567627300493E-0273
1656 +.149054281516E-0273
1657 +.123663597082E-0273
1658 +.147716021433E-0273
1659 +.481370638875E-0273
1660 +.746029791900E-0273
1661 +.179330306124E-0272
1662 +.162682610450E-0272
1663 +.537074387369E-0272
1664 +.113811152719E-0271
1665 +.167329187346E-0271
1666 +.245236197576E-0271
1667 +.639465814733E-0271
1668 +.260043105749E-0271
1669 +.109635793316E-0270
1670 +.354463172262E-0270
1671 +.442449086682E-0270
1672 +.422159684784E-0270
1673 +.872592450893E-0270
1674 +.153976646032E-0269
1675 +.336357490853E-0269
1676 +.468930794537E-0269
1677 +.132695066949E-0268
1678 +.200494798249E-0269
1679 +.111091440185E-0268
1680 +.405113689177E-0268
1681 +.108116012324E-0267
1682 +.187602775463E-0267
1683 +.165130946291E-0267
1684 +.396947501286E-0267
1685 +.400517860993E-0267
1686 +.133185365799E-0266
1687 +.194445877427E-0266
1688 +.522946737344E-0266
1689 +.442828691568E-0266
1690 +.123561060706E-0265
1691 +.312256390685E-0265
1692 +.217754417664E-0265
1693 +.472815235055E-0265
1694 +.788287905923E-0265
1695 +.183928881295E-0264
1696 +.196597234593E-0264
1697 +.645740177390E-0264
1698 +.864212459908E-0264
1699 +.212168011914E-0263
1700 +.237220789089E-0263
1701 +.742585284290E-0263
1702 +.116228344484E-0262
1703 +.242620336691E-0262
1704 +.368237315970E-0263
1705 +.538903800277E-0263
1706 +.161709980462E-0262
1707 +.227404855777E-0262
1708 +.175505477651E-0262
1709 +.405700586256E-0262
1710 +.558464625535E-0262
1711 +.157352768953E-0261
1712 +.155165699997E-0262
1713 +.801559329073E-0263
1714 +.241554420069E-0262
1715 +.650112508294E-0262
1716 +.113673678469E-0261
1717 +.580764037929E-0262
1718 +.154668437946E-0261
1719 +.148870273344E-0261
1720 +.502191133790E-0261
1721 +.774879914525E-0261
1722 +.169890384817E-0260
1723 +.681930117220E-0261
1724 +.178926976332E-0260
1725 +.524205118298E-0260
1726 +.484448027004E-0260
1727 +.593216766823E-0260
1728 +.948285081374E-0260
1729 +.240519145248E-0259
1730 +.136176319310E-0259
1731 +.535740897268E-0259
1732 +.149150693670E-0258
1733 +.562328101874E-0259
1734 +.624159804034E-0259
1735 +.732584419724E-0259
1736 +.235833973419E-0258
1737 +.289429789554E-0258
1738 +.744656248427E-0258
1739 +.107832362087E-0257
1740 +.238729574728E-0257
1741 +.110932380493E-0257
1742 +.299583982447E-0257
1743 +.859064369928E-0257
1744 +.632974518278E-0257
1745 +.822501838196E-0257
1746 +.113916979091E-0256
1747 +.326094936468E-0256
1748 +.813650740768E-0257
1749 +.189473133994E-0256
1750 +.646390098775E-0256
1751 +.161315777237E-0255
1752 +.206618187558E-0255
1753 +.241731974937E-0255
1754 +.416357131842E-0255
1755 +.966320676978E-0255
1756 +.102899009394E-0254
1757 +.338339850173E-0254
1758 +.455793663059E-0254
1759 +.111429436353E-0253
1760 +.118826846834E-0253
1761 +.310366897365E-0253
1762 +.505065836558E-0253
1763 +.992976203073E-0253
1764 +.117031786551E-0253
1765 +.701010313697E-0253
1766 +.216799258188E-0252
1767 +.260613823451E-0252
1768 +.259830474423E-0252
1769 +.517692178924E-0252
1770 +.980467872065E-0252
1771 +.190820838986E-0251
1772 +.358552057028E-0251
1773 +.720132326755E-0251
1774 +.126586317218E-0250
1775 +.282508312573E-0250
1776 +.365265422152E-0250
1777 +.108822700580E-0249
1778 +.571792489057E-0250
1779 +.163372491885E-0249
1780 +.516087658134E-0249
1781 +.822252548817E-0249
1782 +.419434053125E-0249
1783 +.113027113438E-0248
1784 +.101937691066E-0248
1785 +.351902650550E-0248
1786 +.612861729461E-0248
1787 +.115949869066E-0247
1788 +.324154961413E-0248
1789 +.145384687045E-0247
1790 +.424156739325E-0247
1791 +.310683064397E-0247
1792 +.402922439006E-0247
1793 +.558619497348E-0247
1794 +.159832164154E-0246
1795 +.393413120486E-0247
1796 +.909978240262E-0247
1797 +.310536234853E-0246
1798 +.777019323208E-0246
1799 +.100774599002E-0245
1800 +.116060926352E-0245
1801 +.203225760917E-0245
1802 +.462414806032E-0245
1803 +.538945186964E-0245
1804 +.170004463346E-0244
1805 +.168488174428E-0244
1806 +.467807002140E-0244
1807 +.100977745438E-0243
1808 +.102600891691E-0243
1809 +.179366864952E-0243
1810 +.405834840547E-0243
1811 +.479839741128E-0243
1812 +.150191258834E-0242
1813 +.139042753093E-0242
1814 +.391681300365E-0242
1815 +.913812263496E-0242
1816 +.583038643797E-0242
1817 +.130862086447E-0241
1818 +.208018470247E-0241
1819 +.511960939607E-0241
1820 +.397672667086E-0241
1821 +.145290228932E-0240
1822 +.328215819118E-0240
1823 +.297659068604E-0240
1824 +.561969605068E-0240
1825 +.115677343171E-0239
1826 +.186100955257E-0239
1827 +.462660664553E-0239
1828 +.331038849284E-0239
1829 +.123551761336E-0238
1830 +.300110834684E-0238
1831 +.156602024797E-0238
1832 +.378017804079E-0238
1833 +.539429194103E-0238
1834 +.146368143968E-0237
1835 +.246598883388E-0238
1836 +.131435046590E-0237
1837 +.450164794587E-0237
1838 +.102749230979E-0236
1839 +.806160498923E-0237
1840 +.124621353584E-0236
1841 +.117030481345E-0236
1842 +.400290837358E-0236
1843 +.679172211498E-0236
1844 +.133213881158E-0235
1845 +.175331148294E-0236
1846 +.100299842718E-0235
1847 +.308424924440E-0235
1848 +.356454518520E-0235
1849 +.371541275550E-0235
1850 +.714434706525E-0235
1851 +.143590515388E-0234
1852 +.247182338390E-0234
1853 +.567173953874E-0234
1854 +.654855620993E-0234
1855 +.207705971914E-0233
1856 +.215596843045E-0233
1857 +.591425848247E-0233
1858 +.119917409852E-0232
1859 +.153303654370E-0232
1860 +.210994095173E-0232
1861 +.589560423878E-0232
1862 +.404562139042E-0233
1863 +.329498609921E-0233
1864 +.130106736470E-0232
1865 +.340616678807E-0232
1866 +.551651626126E-0232
1867 +.397017862386E-0232
1868 +.935338391486E-0232
1869 +.123355481063E-0231
1870 +.357652541481E-0231
1871 +.110364995634E-0231
1872 +.280821906931E-0231
1873 +.951764509932E-0231
1874 +.226846694798E-0230
1875 +.229415549657E-0230
1876 +.326428182922E-0230
1877 +.413535154913E-0230
1878 +.123857307818E-0229
1879 +.727142166725E-0230
1880 +.209440754616E-0229
1881 +.639334687376E-0229
1882 +.807713802615E-0229
1883 +.756668633860E-0229
1884 +.157482707507E-0228
1885 +.274935908787E-0228
1886 +.609661685803E-0228
1887 +.806882586666E-0228
1888 +.236775546968E-0227
1889 +.964456775335E-0228
1890 +.264839913247E-0227
1891 +.875968768430E-0227
1892 +.182479935993E-0226
1893 +.646032939402E-0227
1894 +.861043155916E-0227
1895 +.504088280138E-0227
1896 +.196673578562E-0226
1897 +.542448884130E-0226
1898 +.168522590433E-0226
1899 +.162364826762E-0226
1900 +.193224673760E-0226
1901 +.626970795164E-0226
1902 +.828874906505E-0226
1903 +.204773196647E-0225
1904 +.233635705818E-0225
1905 +.595650221369E-0225
1906 +.843382422799E-0225
1907 +.190260694917E-0224
1908 +.108851104406E-0224
1909 +.301233383462E-0224
1910 +.819644751805E-0224
1911 +.266703346924E-0224
1912 +.268323515928E-0224
1913 +.315270266684E-0224
1914 +.102443123541E-0223
1915 +.135921804148E-0223
1916 +.335066895179E-0223
1917 +.377104543969E-0223
1918 +.966563266239E-0223
1919 +.141179396254E-0222
1920 +.310450471506E-0222
1921 +.132677708611E-0222
1922 +.352977242361E-0222
1923 +.102686806865E-0221
1924 +.883548410073E-0222
1925 +.111150534240E-0221
1926 +.169015044833E-0221
1927 +.449135752414E-0221
1928 +.121954978759E-0221
1929 +.564685800054E-0221
1930 +.186458364263E-0220
1931 +.354421874276E-0220
1932 +.206595352789E-0222
1933 +.101687542842E-0220
1934 +.323829550403E-0221
1935 +.141287445014E-0220
1936 +.407670766353E-0220
1937 +.261402331038E-0220
1938 +.340234504457E-0220
1939 +.443618134860E-0220
1940 +.132413656879E-0219
1941 +.757223908178E-0220
1942 +.217761613971E-0219
1943 +.670427050237E-0219
1944 +.900514509407E-0219
1945 +.761646933205E-0219
1946 +.168281547936E-0218
1947 +.258561616685E-0218
1948 +.664682415612E-0218
1949 +.342676849897E-0218
1950 +.137584583156E-0217
1951 +.398814380086E-0217
1952 +.276831517376E-0217
1953 +.360256985564E-0217
1954 +.486612840530E-0217
1955 +.141834547229E-0216
1956 +.547679954147E-0217
1957 +.148491166086E-0216
1958 +.492965142646E-0216
1959 +.104902669738E-0215
1960 +.467953992313E-0216
1961 +.687727530942E-0216
1962 +.425125142818E-0216
1963 +.163343793009E-0215
1964 +.429959386397E-0215
1965 +.868804477341E-0217
1966 +.146171930850E-0215
1967 +.131851950766E-0215
1968 +.439732360179E-0215
1969 +.594598027229E-0215
1970 +.145022359787E-0214
1971 +.152234705844E-0214
1972 +.399588560322E-0214
1973 +.668647770671E-0214
1974 +.126781080731E-0213
1975 +.340233920547E-0214
1976 +.154276722389E-0213
1977 +.453138738525E-0213
1978 +.356714077652E-0213
1979 +.457751174874E-0213
1980 +.660650061670E-0213
1981 +.183380456065E-0212
1982 +.478990551353E-0214
1983 +.379555421179E-0213
1984 +.137390482439E-0212
1985 +.361271733410E-0212
1986 +.589367540205E-0212
1987 +.413171324652E-0212
1988 +.983841153252E-0212
1989 +.126311081646E-0211
1990 +.372531582972E-0211
1991 +.163277219220E-0211
1992 +.454631096680E-0211
1993 +.148703287616E-0210
1994 +.291237920889E-0210
1995 +.318101631570E-0211
1996 +.161485900450E-0211
1997 +.459128816265E-0212
1998 +.108791394891E-0211
1999 +.309580604911E-0211
2000 +.215199849433E-0211
2001 +.280378939005E-0211
2002 +.378284646462E-0211
2003 +.110333785570E-0210
2004 +.431598094317E-0211
2005 +.117366436722E-0210
2006 +.389059614716E-0210
2007 +.821202017291E-0210
2008 +.337002265294E-0210
2009 +.480873866849E-0210
2010 +.289194127109E-0210
2011 +.111910274539E-0209
2012 +.300654605095E-0209
2013 +.362307649302E-0210
2014 +.187952185471E-0210
2015 +.520921322972E-0211
2016 +.213980984541E-0210
2017 +.309546855368E-0210
2018 +.726060202333E-0210
2019 +.571222191253E-0210
2020 +.158015838384E-0209
2021 +.366537170124E-0209
2022 +.244546432366E-0209
2023 +.538984330588E-0209
2024 +.881872232321E-0209
2025 +.210289039340E-0208
2026 +.200435063296E-0208
2027 +.688068655573E-0208
2028 +.118744647981E-0207
2029 +.227732269909E-0207
2030 +.512267135258E-0208
2031 +.243779014847E-0207
2032 +.727007801345E-0207
2033 +.661519246069E-0207
2034 +.813147958636E-0207
2035 +.128978098923E-0206
2036 +.329693142555E-0206
2037 +.170948783480E-0206
2038 +.685203833495E-0206
2039 +.197755835911E-0205
2040 +.130244590406E-0205
2041 +.169629258267E-0205
2042 +.223715986346E-0205
2043 +.662739520821E-0205
2044 +.339414850909E-0205
2045 +.966168248930E-0205
2046 +.306192341867E-0204
2047 +.497940668455E-0204
2048 +.229206617395E-0204
2049 +.638200840699E-0204
2050 +.527836824729E-0204
2051 +.187055201233E-0203
2052 +.366475906598E-0203
2053 +.554315824921E-0203
2054 +.553173301431E-0203
2055 +.181476510114E-0202
2056 +.237543631488E-0202
2057 +.590120814563E-0202
2058 +.696800063062E-0202
2059 +.175103671678E-0201
2060 +.227517869305E-0201
2061 +.544416243489E-0201
2062 +.512971712311E-0201
2063 +.138442381461E-0200
2064 +.271476459883E-0200
2065 +.381530657583E-0200
2066 +.449276025237E-0200
2067 +.137367702775E-0199
2068 +.101709102192E-0199
2069 +.293337607131E-0199
2070 +.808779929064E-0199
2071 +.335816475475E-0199
2072 +.393638380615E-0199
2073 +.460187606174E-0199
2074 +.147633910156E-0198
2075 +.175425937150E-0198
2076 +.458128895916E-0198
2077 +.719669122757E-0198
2078 +.147339641508E-0197
2079 +.945755299985E-0199
2080 +.115800674434E-0198
2081 +.400325657174E-0198
2082 +.564659177060E-0198
2083 +.442788973190E-0198
2084 +.102921219950E-0197
2085 +.137073239901E-0197
2086 +.395385403908E-0197
2087 +.115085900406E-0197
2088 +.308542889504E-0197
2089 +.112493339439E-0196
2090 +.277724730509E-0196
2091 +.341459572208E-0196
2092 +.418709900042E-0196
2093 +.683107302221E-0196
2094 +.168272620387E-0195
2095 +.124499386015E-0195
2096 +.460436428732E-0195
2097 +.109653360199E-0194
2098 +.802598360630E-0195
2099 +.171923105074E-0194
2100 +.289873857726E-0194
2101 +.667437339241E-0194
2102 +.758993638890E-0194
2103 +.242443721739E-0193
2104 +.271381250800E-0193
2105 +.748288503687E-0193
2106 +.155180881597E-0192
2107 +.250680257593E-0192
2108 +.212398607060E-0192
2109 +.735589200752E-0192
2110 +.141354154299E-0191
2111 +.267581348833E-0191
2112 +.825661570765E-0192
2113 +.361285657412E-0191
2114 +.108939590871E-0190
2115 +.675622209008E-0191
2116 +.890927801926E-0191
2117 +.114605720410E-0190
2118 +.344589958616E-0190
2119 +.216675726695E-0190
2120 +.642131508866E-0190
2121 +.204645608312E-0189
2122 +.213863903321E-0189
2123 +.246655181085E-0189
2124 +.434994579953E-0189
2125 +.985943918390E-0189
2126 +.116916208527E-0188
2127 +.365599717687E-0188
2128 +.340320534173E-0188
2129 +.118104726901E-0187
2130 +.280269723860E-0187
2131 +.172900903127E-0187
2132 +.395831217975E-0187
2133 +.602252136105E-0187
2134 +.154864499664E-0186
2135 +.797978145022E-0187
2136 +.320391683537E-0186
2137 +.939290640638E-0186
2138 +.648667073002E-0186
2139 +.140735428612E-0185
2140 +.176810908342E-0185
2141 +.518819556678E-0185
2142 +.311166240192E-0185
2143 +.928736041743E-0185
2144 +.311615121597E-0184
2145 +.653547828808E-0184
2146 +.251801555321E-0184
2147 +.349915786025E-0184
2148 +.207309991641E-0184
2149 +.805596317289E-0184
2150 +.225434911321E-0183
2151 +.467180667853E-0184
2152 +.158994676155E-0183
2153 +.150386265840E-0183
2154 +.501694155329E-0183
2155 +.797385796996E-0183
2156 +.190791957692E-0182
2157 +.166111113146E-0182
2158 +.463439586841E-0182
2159 +.110469300514E-0181
2160 +.111733056267E-0181
2161 +.197436801760E-0181
2162 +.440259779165E-0181
2163 +.551934914694E-0181
2164 +.167297799132E-0180
2165 +.114372790834E-0180
2166 +.342617685688E-0180
2167 +.107311044703E-0179
2168 +.952733972869E-0180
2169 +.120087782439E-0179
2170 +.187015770023E-0179
2171 +.485374291748E-0179
2172 +.206204218544E-0179
2173 +.861759972991E-0179
2174 +.276614883231E-0178
2175 +.325130755970E-0178
2176 +.334711053530E-0178
2177 +.654764415496E-0178
2178 +.127651068510E-0177
2179 +.234893915928E-0177
2180 +.488622935209E-0177
2181 +.787832796397E-0177
2182 +.195658167398E-0176
2183 +.141291358100E-0176
2184 +.526149712471E-0176
2185 +.135378739668E-0175
2186 +.771372645934E-0176
2187 +.180749260073E-0175
2188 +.268184207689E-0175
2189 +.704850599361E-0175
2190 +.266447841089E-0175
2191 +.114215673609E-0174
2192 +.375922332887E-0174
2193 +.538247028864E-0174
2194 +.395235039671E-0174
2195 +.936438935570E-0174
2196 +.120312239848E-0173
2197 +.355048469590E-0173
2198 +.164559836561E-0173
2199 +.483297760188E-0173
2200 +.167930106876E-0172
2201 +.324657264693E-0172
2202 +.250586085127E-0173
2203 +.512248870766E-0173
2204 +.234169638950E-0173
2205 +.955607623438E-0173
2206 +.290913494836E-0172
2207 +.198952379507E-0172
2208 +.432945422118E-0172
2209 +.542427322008E-0172
2210 +.159422348238E-0171
2211 +.649417270777E-0172
2212 +.185971456958E-0171
2213 +.653357707722E-0171
2214 +.133947161251E-0170
2215 +.400470100789E-0171
2216 +.512237840169E-0171
2217 +.292543394438E-0171
2218 +.114920804319E-0170
2219 +.340824842183E-0170
2220 +.154894108591E-0170
2221 +.192790264893E-0170
2222 +.228482989533E-0170
2223 +.723993568947E-0170
2224 +.776370615049E-0170
2225 +.214172497583E-0169
2226 +.458323951634E-0169
2227 +.685185676305E-0169
2228 +.722469077564E-0169
2229 +.231958191534E-0168
2230 +.305810380422E-0168
2231 +.825699131675E-0168
2232 +.145117249264E-0167
2233 +.263715170049E-0167
2234 +.127916872806E-0167
2235 +.506014574195E-0167
2236 +.134025883299E-0166
2237 +.242385432524E-0167
2238 +.880037762100E-0167
2239 +.886332023853E-0167
2240 +.289127463096E-0166
2241 +.358229020239E-0166
2242 +.937651778797E-0166
2243 +.158972879859E-0165
2244 +.353015846526E-0165
2245 +.152339214351E-0165
2246 +.422772142676E-0165
2247 +.133062899424E-0164
2248 +.120193897091E-0164
2249 +.150542758619E-0164
2250 +.237482962306E-0164
2251 +.608812569120E-0164
2252 +.305520015267E-0164
2253 +.123301902309E-0163
2254 +.378387129217E-0163
2255 +.283688192848E-0163
2256 +.371169806650E-0163
2257 +.522280055529E-0163
2258 +.147612192238E-0162
2259 +.228292601892E-0163
2260 +.434394809971E-0163
2261 +.162327899907E-0162
2262 +.425410234145E-0162
2263 +.687064300379E-0162
2264 +.754222404966E-0162
2265 +.166475199501E-0161
2266 +.222980618167E-0161
2267 +.642173069278E-0161
2268 +.301958108058E-0161
2269 +.873199090800E-0161
2270 +.304028002582E-0160
2271 +.757463639310E-0160
2272 +.965709715046E-0160
2273 +.113631509179E-0159
2274 +.194511385717E-0159
2275 +.454707925729E-0159
2276 +.467126399000E-0159
2277 +.155864832216E-0158
2278 +.233454862173E-0158
2279 +.544827404483E-0158
2280 +.487166802594E-0158
2281 +.142151526212E-0157
2282 +.376536684270E-0157
2283 +.249831757207E-0158
2284 +.162448734049E-0157
2285 +.147115304426E-0157
2286 +.493744509573E-0157
2287 +.793236139294E-0157
2288 +.187982223240E-0156
2289 +.152381519986E-0156
2290 +.428988400363E-0156
2291 +.107937154168E-0155
2292 +.777292790521E-0156
2293 +.166454397251E-0155
2294 +.283689117946E-0155
2295 +.644003827116E-0155
2296 +.778492916799E-0155
2297 +.241081890594E-0154
2298 +.248589711626E-0154
2299 +.727675260918E-0154
2300 +.187398674241E-0153
2301 +.260695013940E-0154
2302 +.107723394564E-0153
2303 +.106699840513E-0153
2304 +.349367341952E-0153
2305 +.440592746451E-0153
2306 +.114039386498E-0152
2307 +.185025052930E-0152
2308 +.428999096876E-0152
2309 +.289502219397E-0152
2310 +.829825832734E-0152
2311 +.232088867036E-0151
2312 +.964010954725E-0153
2313 +.887263792085E-0152
2314 +.811409352529E-0152
2315 +.270486834031E-0151
2316 +.417071697385E-0151
2317 +.102308929067E-0150
2318 +.105626615805E-0150
2319 +.284135192450E-0150
2320 +.564611211850E-0150
2321 +.100121620218E-0149
2322 +.555792103541E-0150
2323 +.213603631912E-0149
2324 +.558900138460E-0149
2325 +.253891820146E-0149
2326 +.644128651969E-0149
2327 +.855450801311E-0149
2328 +.244405568173E-0148
2329 +.472965422060E-0149
2330 +.105928811352E-0148
2331 +.392599878993E-0148
2332 +.102006072516E-0147
2333 +.158670021691E-0147
2334 +.129332960984E-0147
2335 +.288158706046E-0147
2336 +.434330685810E-0147
2337 +.113577364726E-0146
2338 +.463478795318E-0147
2339 +.195445454080E-0146
2340 +.634116333632E-0146
2341 +.813528736101E-0146
2342 +.745038803238E-0146
2343 +.158047081983E-0145
2344 +.264645549142E-0145
2345 +.619842557390E-0145
2346 +.650039431039E-0145
2347 +.215240015412E-0144
2348 +.342250773561E-0144
2349 +.819566306613E-0144
2350 +.717593019898E-0144
2351 +.200051480364E-0143
2352 +.474612343697E-0143
2353 +.491363978584E-0143
2354 +.852758494972E-0143
2355 +.194116173127E-0142
2356 +.223857182109E-0142
2357 +.709522768116E-0142
2358 +.747008382397E-0142
2359 +.210199600206E-0141
2360 +.475529698354E-0141
2361 +.597105454152E-0141
2362 +.853005030542E-0141
2363 +.231919269795E-0140
2364 +.278472908922E-0141
2365 +.168506273344E-0140
2366 +.598050827431E-0140
2367 +.141758344672E-0139
2368 +.140526276501E-0139
2369 +.287094510245E-0139
2370 +.336757490477E-0139
2371 +.102757642987E-0138
2372 +.923006769862E-0139
2373 +.275495709307E-0138
2374 +.790266004473E-0138
2375 +.514823321901E-0138
2376 +.114644098048E-0137
2377 +.138793934113E-0137
2378 +.416228124678E-0137
2379 +.316962393355E-0137
2380 +.954880911550E-0137
2381 +.298622511615E-0136
2382 +.416981208406E-0136
2383 +.504161898838E-0136
2384 +.109088073664E-0135
2385 +.152952693323E-0135
2386 +.426813530416E-0135
2387 +.105731648576E-0135
2388 +.248691405196E-0135
2389 +.888615987782E-0135
2390 +.236291635969E-0134
2391 +.402993198142E-0134
2392 +.327864801256E-0134
2393 +.787787338970E-0134
2394 +.853920685208E-0134
2395 +.275564279397E-0133
2396 +.328694540394E-0133
2397 +.883285396646E-0133
2398 +.163834948409E-0132
2399 +.325151491209E-0132
2400 +.416821204110E-0133
2401 +.241080399798E-0132
2402 +.745870164782E-0132
2403 +.883275053734E-0132
2404 +.134361631418E-0131
2405 +.250896812940E-0131
2406 +.488340289474E-0131
2407 +.908686344888E-0131
2408 +.185430496195E-0130
2409 +.313914029359E-0130
2410 +.736493666838E-0130
2411 +.765552596167E-0130
2412 +.254454553869E-0129
2413 +.412972216081E-0129
2414 +.970941914096E-0129
2415 +.739795913307E-0129
2416 +.209449218533E-0128
2417 +.507290396009E-0128
2418 +.367068276989E-0128
2419 +.837409878153E-0128
2420 +.114645615385E-0127
2421 +.322542804508E-0127
2422 +.379645218001E-0128
2423 +.231897307541E-0127
2424 +.844629991205E-0127
2425 +.225504693773E-0126
2426 +.391900023082E-0126
2427 +.207698461642E-0126
2428 +.546575471956E-0126
2429 +.541980284549E-0126
2430 +.180865060078E-0125
2431 +.265116895372E-0125
2432 +.723143593323E-0125
2433 +.531535107163E-0125
2434 +.151645306258E-0124
2435 +.406140467786E-0124
2436 +.137110234707E-0124
2437 +.386054203662E-0124
2438 +.457380094574E-0124
2439 +.139503261499E-0123
2440 +.123605126559E-0123
2441 +.369609668966E-0123
2442 +.107142878731E-0122
2443 +.788249053195E-0123
2444 +.166704649364E-0122
2445 +.215899085218E-0122
2446 +.621526507648E-0122
2447 +.179792205205E-0122
2448 +.756493184477E-0122
2449 +.273067511375E-0121
2450 +.678305124289E-0121
2451 +.857689454820E-0121
2452 +.102710041501E-0120
2453 +.173690657722E-0120
2454 +.411214386511E-0120
2455 +.395010862983E-0120
2456 +.135159299013E-0119
2457 +.252957961442E-0119
2458 +.501211452269E-0119
2459 +.630063913650E-0120
2460 +.367237745792E-0119
2461 +.113407757232E-0118
2462 +.132814628723E-0118
2463 +.204490356293E-0118
2464 +.378095145902E-0118
2465 +.748346462350E-0118
2466 +.134482366491E-0117
2467 +.290243113512E-0117
2468 +.420864581804E-0117
2469 +.115521656815E-0116
2470 +.991226261690E-0118
2471 +.699542474646E-0117
2472 +.251215431226E-0116
2473 +.630958057428E-0116
2474 +.840326362702E-0116
2475 +.933927323483E-0116
2476 +.169312995297E-0115
2477 +.368438064137E-0115
2478 +.508262665151E-0115
2479 +.144845143910E-0114
2480 +.301109343538E-0115
2481 +.713734588485E-0115
2482 +.249625049095E-0114
2483 +.655023332470E-0114
2484 +.105406389542E-0113
2485 +.787346470484E-0114
2486 +.183361790094E-0113
2487 +.247184360620E-0113
2488 +.706310507145E-0113
2489 +.155816057052E-0113
2490 +.377628531992E-0113
2491 +.131738418605E-0112
2492 +.342318161937E-0112
2493 +.528190121339E-0112
2494 +.439935653598E-0112
2495 +.969710477970E-0112
2496 +.149731699735E-0111
2497 +.382757522532E-0111
2498 +.210605322030E-0111
2499 +.834025451768E-0111
2500 +.236383402431E-0110
2501 +.115617252250E-0110
2502 +.285532184645E-0110
2503 +.309409212254E-0110
2504 +.981095510127E-0110
2505 +.102636524810E-0109
2506 +.330815404285E-0109
2507 +.719565474838E-0109
2508 +.796510329615E-0109
2509 +.129736091983E-0108
2510 +.316017398233E-0108
2511 +.251392177231E-0108
2512 +.911698622086E-0108
2513 +.200129698983E-0107
2514 +.208909818688E-0107
2515 +.356650952068E-0107
2516 +.828128876036E-0107
2517 +.871180466631E-0107
2518 +.287775140829E-0106
2519 +.399092220867E-0106
2520 +.956784062107E-0106
2521 +.893569890818E-0106
2522 +.241450041610E-0105
2523 +.477319062820E-0105
2524 +.656577304244E-0105
2525 +.804562613113E-0105
2526 +.241022069978E-0104
2527 +.140108972942E-0104
2528 +.403092964085E-0104
2529 +.123210365215E-0103
2530 +.157200312093E-0103
2531 +.145108795982E-0103
2532 +.304866265154E-0103
2533 +.522313847947E-0103
2534 +.118811437270E-0102
2535 +.142436633060E-0102
2536 +.443108941203E-0102
2537 +.387817696937E-0102
2538 +.110271180397E-0101
2539 +.271460816483E-0101
2540 +.919044751005E-0102
2541 +.258246598592E-0101
2542 +.308432533682E-0101
2543 +.936688136624E-0101
2544 +.613653086540E-0101
2545 +.177567008872E-0100
2546 +.521846902507E-0100
2547 +.482800313509E-0100
2548 +.591058025256E-0100
2549 +.945226311685E-0100
2550 +.239640144409E-0099
2551 +.136304834998E-0099
2552 +.535716382068E-0099
2553 +.148833355500E-0098
2554 +.537786842853E-0099
2555 +.581503033537E-0099
2556 +.682941157132E-0099
2557 +.220358071119E-0098
2558 +.275850999679E-0098
2559 +.702715558285E-0098
2560 +.962458175181E-0098
2561 +.222416708781E-0097
2562 +.159417390866E-0097
2563 +.443514040245E-0097
2564 +.109468760560E-0096
2565 +.351001997835E-0097
2566 +.100563709197E-0096
2567 +.118266201438E-0096
2568 +.361901166040E-0096
2569 +.258566909695E-0096
2570 +.747649523377E-0096
2571 +.211039241531E-0095
2572 +.125553183337E-0095
2573 +.163019890353E-0095
2574 +.205345963572E-0095
2575 +.626299371188E-0095
2576 +.467341099686E-0095
2577 +.134821596609E-0094
2578 +.370927634036E-0094
2579 +.148061152974E-0094
2580 +.170236690993E-0094
2581 +.198552549627E-0094
2582 +.638889420792E-0094
2583 +.777833181786E-0094
2584 +.200895911290E-0093
2585 +.297159828970E-0093
2586 +.645847484540E-0093
2587 +.234939680999E-0093
2588 +.601977630465E-0093
2589 +.178740040840E-0092
2590 +.187241909693E-0092
2591 +.213413471656E-0092
2592 +.376097755960E-0092
2593 +.855414968083E-0092
2594 +.998922299690E-0092
2595 +.314826322751E-0091
2596 +.309746984926E-0091
2597 +.861508296590E-0091
2598 +.187664015473E-0090
2599 +.182942577329E-0090
2600 +.329843842917E-0090
2601 +.719809805555E-0090
2602 +.974731192379E-0090
2603 +.281322186045E-0089
2604 +.790869343222E-0090
2605 +.194404045007E-0089
2606 +.662363119571E-0089
2607 +.162813838443E-0088
2608 +.193636716753E-0088
2609 +.245379705437E-0088
2610 +.383326056892E-0088
2611 +.984952039444E-0088
2612 +.480906517189E-0088
2613 +.195183774987E-0087
2614 +.575009604557E-0087
2615 +.476385699933E-0087
2616 +.604014416548E-0087
2617 +.900063264693E-0087
2618 +.243437064403E-0086
2619 +.373958572587E-0087
2620 +.205789821017E-0086
2621 +.706733476628E-0086
2622 +.163118826400E-0085
2623 +.137409430156E-0085
2624 +.209397203904E-0085
2625 +.212726337112E-0085
2626 +.707081755337E-0085
2627 +.102543667057E-0084
2628 +.237404720353E-0084
2629 +.169236184962E-0084
2630 +.470631083859E-0084
2631 +.116267793053E-0083
2632 +.366432746225E-0084
2633 +.105645398130E-0083
2634 +.123635827799E-0083
2635 +.379224990301E-0083
2636 +.277964310174E-0083
2637 +.803007463139E-0083
2638 +.223586924040E-0082
2639 +.109375582116E-0082
2640 +.136448531744E-0082
2641 +.163026091872E-0082
2642 +.514180985181E-0082
2643 +.530618885224E-0082
2644 +.145654742685E-0081
2645 +.296638251247E-0081
2646 +.387659463501E-0081
2647 +.540441072603E-0081
2648 +.149139933643E-0080
2649 +.292831553564E-0081
2650 +.594908790633E-0081
2651 +.212804648285E-0080
2652 +.544196582380E-0080
2653 +.786103366274E-0080
2654 +.776472711472E-0080
2655 +.156273606889E-0079
2656 +.287869018568E-0079
2657 +.587932690022E-0079
2658 +.992742247800E-0079
2659 +.233611169272E-0078
2660 +.239108641103E-0078
2661 +.799653331959E-0078
2662 +.121448173518E-0077
2663 +.279918699706E-0077
2664 +.231098321576E-0077
2665 +.677593050159E-0077
2666 +.187592172835E-0076
2667 +.653668914560E-0077
2668 +.181756549669E-0076
2669 +.180559630156E-0076
2670 +.593282148638E-0076
2671 +.779826013843E-0076
2672 +.198978116856E-0075
2673 +.293069745187E-0075
2674 +.732186187409E-0075
2675 +.846502946519E-0075
2676 +.220585986869E-0074
2677 +.368364302472E-0074
2678 +.831691137502E-0074
2679 +.434520587413E-0074
2680 +.123386613249E-0073
2681 +.374563230006E-0073
2682 +.222073293575E-0073
2683 +.294948889996E-0073
2684 +.371507499798E-0073
2685 +.113072115334E-0072
2686 +.821503929028E-0073
2687 +.242585106422E-0072
2688 +.727317647480E-0072
2689 +.367180411016E-0072
2690 +.475543331698E-0072
2691 +.570950313881E-0072
2692 +.179000245768E-0071
2693 +.174699380713E-0071
2694 +.494916142311E-0071
2695 +.119057464165E-0070
2696 +.114099537312E-0070
2697 +.209555975449E-0070
2698 +.445857617006E-0070
2699 +.654904441793E-0070
2700 +.177604550948E-0069
2701 +.292624722260E-0070
2702 +.157187643625E-0069
2703 +.557046273697E-0069
2704 +.128254840980E-0068
2705 +.107209643922E-0068
2706 +.163691863083E-0068
2707 +.164807250514E-0068
2708 +.549693371686E-0068
2709 +.831799165571E-0068
2710 +.222700124363E-0067
2711 +.140701558557E-0067
2712 +.402765748671E-0067
2713 +.115385030458E-0066
2714 +.153972687684E-0067
2715 +.473660709993E-0068
2716 +.315594590458E-0068
2717 +.109900652284E-0067
2718 +.178980033449E-0067
2719 +.484018727725E-0067
2720 +.459393319086E-0067
2721 +.161744679735E-0066
2722 +.432162093501E-0066
2723 +.228299167017E-0066
2724 +.571972371927E-0066
2725 +.667856357772E-0066
2726 +.206309514909E-0065
2727 +.204953575099E-0065
2728 +.603790591878E-0065
2729 +.160706774184E-0064
2730 +.167710279613E-0065
2731 +.813662553229E-0065
2732 +.741305200986E-0065
2733 +.249207783765E-0064
2734 +.365341799825E-0064
2735 +.854724463483E-0064
2736 +.824044050107E-0064
2737 +.238578736829E-0063
2738 +.600065562065E-0063
2739 +.192357264624E-0063
2740 +.553335670611E-0063
2741 +.632162434580E-0063
2742 +.196344504800E-0062
2743 +.167255633991E-0062
2744 +.489471294787E-0062
2745 +.135354062532E-0061
2746 +.151870902168E-0062
2747 +.706281832082E-0062
2748 +.689917401376E-0062
2749 +.226568390456E-0061
2750 +.328196674491E-0061
2751 +.841811680915E-0061
2752 +.113402261549E-0060
2753 +.270917954576E-0060
2754 +.295851398106E-0060
2755 +.838047891325E-0060
2756 +.187412495206E-0059
2757 +.177235690631E-0059
2758 +.332283106327E-0059
2759 +.684763892175E-0059
2760 +.109999829215E-0058
2761 +.273898951915E-0058
2762 +.193446298821E-0058
2763 +.724295151303E-0058
2764 +.189301328932E-0057
2765 +.893128122510E-0058
2766 +.223619337610E-0057
2767 +.302162877890E-0057
2768 +.853367743257E-0057
2769 +.938855659929E-0058
2770 +.118217777099E-0057
2771 +.452800321396E-0057
2772 +.120547442442E-0056
2773 +.208384472228E-0056
2774 +.186023136143E-0056
2775 +.445095141976E-0056
2776 +.456789158246E-0056
2777 +.150900526409E-0055
2778 +.234524056820E-0055
2779 +.572151474095E-0055
2780 +.569777247560E-0055
2781 +.154787623463E-0054
2782 +.322213300019E-0054
2783 +.517797842888E-0054
2784 +.446397301248E-0054
2785 +.153793754612E-0053
2786 +.264005697044E-0053
2787 +.518879901313E-0053
2788 +.864851945052E-0054
2789 +.452826163237E-0053
2790 +.142479306970E-0052
2791 +.151858558398E-0052
2792 +.169773339498E-0052
2793 +.305249170801E-0052
2794 +.676673725851E-0052
2795 +.875006782084E-0052
2796 +.260469136439E-0051
2797 +.187621413564E-0051
2798 +.565684886730E-0051
2799 +.181123801270E-0050
2800 +.293813699672E-0050
2801 +.245266077919E-0050
2802 +.610638877138E-0050
2803 +.516794562791E-0050
2804 +.182436949487E-0049
2805 +.359904126923E-0049
2806 +.646414817404E-0049
2807 +.588021149362E-0049
2808 +.197863817703E-0048
2809 +.330894893587E-0048
2810 +.753750286989E-0048
2811 +.434513925000E-0048
2812 +.123216591383E-0047
2813 +.339144207830E-0047
2814 +.120637954669E-0047
2815 +.129552149402E-0047
2816 +.151236853203E-0047
2817 +.489685622808E-0047
2818 +.673065341720E-0047
2819 +.184714330013E-0046
2820 +.276182626441E-0046
2821 +.680272904244E-0046
2822 +.720825476828E-0046
2823 +.231044170533E-0045
2824 +.398542635267E-0045
2825 +.749210068820E-0045
2826 +.275422880779E-0045
2827 +.115714694635E-0044
2828 +.323567129808E-0044
2829 +.130534948213E-0044
2830 +.189077716007E-0044
2831 +.211982464987E-0044
2832 +.682290876788E-0044
2833 +.833298269075E-0044
2834 +.259291137706E-0043
2835 +.413456222066E-0043
2836 +.856541137440E-0043
2837 +.290169808689E-0043
2838 +.744187071833E-0043
2839 +.237635549923E-0042
2840 +.335435318957E-0042
2841 +.311632647135E-0042
2842 +.703743859838E-0042
2843 +.950587474655E-0042
2844 +.271967226532E-0041
2845 +.632087797023E-0042
2846 +.305447338981E-0041
2847 +.110827588096E-0040
2848 +.285871123505E-0040
2849 +.429677906944E-0040
2850 +.428781386058E-0040
2851 +.896647587945E-0040
2852 +.149498502209E-0039
2853 +.352224355832E-0039
2854 +.358128260079E-0039
2855 +.120056929957E-0038
2856 +.182149535244E-0038
2857 +.412303799934E-0038
2858 +.213598070535E-0038
2859 +.835415524877E-0038
2860 +.239130900619E-0037
2861 +.149314431516E-0037
2862 +.338007544668E-0037
2863 +.401084938381E-0037
2864 +.121618899512E-0036
2865 +.787417257609E-0037
2866 +.227715234536E-0036
2867 +.671565326600E-0036
2868 +.641468878987E-0036
2869 +.773523370581E-0036
2870 +.126675328536E-0035
2871 +.313484856510E-0035
2872 +.223310687252E-0035
2873 +.833816393014E-0035
2874 +.202571626584E-0034
2875 +.105499099139E-0034
2876 +.254838170011E-0034
2877 +.363292552609E-0034
2878 +.986517589379E-0034
2879 +.161053354074E-0034
2880 +.867714395588E-0034
2881 +.297640739743E-0033
2882 +.683979122782E-0033
2883 +.560557846059E-0033
2884 +.859570490182E-0033
2885 +.846626604773E-0033
2886 +.284714677329E-0032
2887 +.441517541512E-0032
2888 +.962215723229E-0032
2889 +.355444740526E-0032
2890 +.913905724982E-0032
2891 +.270401270035E-0031
2892 +.274598075779E-0031
2893 +.319671950103E-0031
2894 +.549293748630E-0031
2895 +.128851995367E-0030
2896 +.130017927118E-0030
2897 +.436918034234E-0030
2898 +.671881943417E-0030
2899 +.147828018612E-0029
2900 +.621592739484E-0030
2901 +.164727809620E-0029
2902 +.479457107551E-0029
2903 +.415068432218E-0029
2904 +.521124620500E-0029
2905 +.795688671426E-0029
2906 +.210676428014E-0028
2907 +.622303639096E-0029
2908 +.282178933228E-0028
2909 +.922776260434E-0028
2910 +.166255426472E-0027
2911 +.389347079145E-0028
2912 +.136708248187E-0027
2913 +.683154447201E-0028
2914 +.272140230119E-0027
2915 +.782183537414E-0027
2916 +.161348582515E-0027
2917 +.238439348673E-0027
2918 +.205194438717E-0027
2919 +.690878951922E-0027
2920 +.107009132352E-0026
2921 +.287886584477E-0026
2922 +.265386574235E-0026
2923 +.773968561033E-0026
2924 +.183095065272E-0025
2925 +.190295998136E-0025
2926 +.329186084363E-0025
2927 +.752096651244E-0025
2928 +.853551253553E-0025
2929 +.272635725926E-0024
2930 +.304964230560E-0024
2931 +.841305682466E-0024
2932 +.174684881051E-0023
2933 +.281376934063E-0023
2934 +.240720273679E-0023
2935 +.831276659255E-0023
2936 +.157877823956E-0022
2937 +.304787066748E-0022
2938 +.703480378834E-0023
2939 +.332286824094E-0022
2940 +.103067263750E-0021
2941 +.912217561064E-0022
2942 +.114273817863E-0021
2943 +.178071085762E-0021
2944 +.462314105599E-0021
2945 +.195222389382E-0021
2946 +.816911564224E-0021
2947 +.262578030402E-0020
2948 +.312213011952E-0020
2949 +.317176719160E-0020
2950 +.626942531157E-0020
2951 +.120086037150E-0019
2952 +.228858903763E-0019
2953 +.447811889275E-0019
2954 +.832628383827E-0019
2955 +.170348046790E-0018
2956 +.286637208364E-0018
2957 +.677603254219E-0018
2958 +.676993794901E-0018
2959 +.228526913739E-0017
2960 +.401311879210E-0017
2961 +.867626468125E-0017
2962 +.257206136956E-0017
2963 +.645508963454E-0017
2964 +.196816137107E-0016
2965 +.239812645404E-0016
2966 +.235786708979E-0016
2967 +.474723463350E-0016
2968 +.882413390494E-0016
2969 +.177557051837E-0015
2970 +.310606790569E-0015
2971 +.697728272938E-0015
2972 +.879926856535E-0015
2973 +.266144125000E-0014
2974 +.175984577771E-0014
2975 +.658259819642E-0014
2976 +.197355697243E-0013
2977 +.194695325558E-0013
2978 +.348892448210E-0013
2979 +.556330586581E-0013
2980 +.134416598847E-0012
2981 +.116988668810E-0012
2982 +.413519484528E-0012
2983 +.818496218961E-0012
2984 +.123143257385E-0011
2985 +.130207620929E-0011
2986 +.417136280794E-0011
2987 +.463803753955E-0011
2988 +.124276999152E-0010
2989 +.226243055315E-0010
2990 +.457861380232E-0010
2991 +.296273250180E-0010
2992 +.109528937313E-0009
2993 +.241664525871E-0009
2994 +.255810329861E-0009
2995 +.436867227628E-0009
2996 +.101103948099E-0008
2997 +.108188803850E-0008
2998 +.354829344473E-0008
2999 +.534885725284E-0008
3000 +.133630901710E-0007
3001 +.154617728150E-0007
3002 +.399974556796E-0007
3003 +.573956985193E-0007
3004 +.153694265130E-0006
3005 +.914756054388E-0007
3006 +.262096137845E-0006
3007 +.718336946100E-0006
3008 +.226620901221E-0006
3009 +.598121095113E-0006
3010 +.590663935842E-0006
3011 +.194993461347E-0005
3012 +.265250210717E-0005
3013 +.663651452412E-0005
3014 +.883058785789E-0005
3015 +.233531405920E-0004
3016 +.371026251965E-0004
3017 +.777297562850E-0004
3018 +.909935890742E-0005
3019 +.546926418898E-0004
3020 +.178438626093E-0003
3021 +.253056826011E-0003
3022 +.249128721987E-0003
3023 +.560337729108E-0003
3024 +.745495585972E-0003
3025 +.215661183703E-0002
3026 +.680557293162E-0003
3027 +.304345277056E-0002
3028 +.109152486443E-0001
3029 +.264211544298E-0001
3030 +.293395136762E-0001
3031 +.403135863833E-0001
3032 +.573962043925E-0001
3033 +.161211174146E+0000
3034 +.202979411870E-0001
3035 +.671933049942E-0001
3036 +.245101816861E+0000
3037 +.640783674572E+0000
3038 +.105350397846E+0001
3039 +.191021940420E+0001
3040 +.502599992186E+0001
