0 +.122197454540E-0149
1 +.378812109074E-0149
2 +.387610325801E-0149
3 +.105414875685E-0148
4 +.207052943934E-0148
5 +.289742904732E-0148
6 +.344077603769E-0148
7 +.104763075178E-0147
8 +.741208257529E-0148
9 +.214117660542E-0147
10 +.604934506048E-0147
11 +.364258260412E-0147
12 +.473559424973E-0147
13 +.599079814376E-0147
14 +.182224547006E-0146
15 +.131924274997E-0146
16 +.381085036864E-0146
17 +.106627269802E-0145
18 +.561562337560E-0146
19 +.714224881649E-0146
20 +.867438449239E-0146
21 +.270691722853E-0145
22 +.254176727054E-0145
23 +.713432887634E-0145
24 +.163420818682E-0144
25 +.119772383000E-0144
26 +.253550335737E-0144
27 +.441917283971E-0144
28 +.973314657296E-0144
29 +.131922824066E-0143
30 +.380892210184E-0143
31 +.108113868754E-0143
32 +.266789890692E-0143
33 +.908722730000E-0143
34 +.222915193616E-0142
35 +.262412196156E-0142
36 +.335694773623E-0142
37 +.517404888846E-0142
38 +.134578553238E-0141
39 +.554493610101E-0142
40 +.233221231638E-0141
41 +.720090093704E-0141
42 +.895178584476E-0141
43 +.854325947607E-0141
44 +.175625239533E-0140
45 +.314097515705E-0140
46 +.672551990782E-0140
47 +.999113415636E-0140
48 +.268648799290E-0139
49 +.598554709922E-0140
50 +.292476543593E-0139
51 +.985837025322E-0139
52 +.208653804070E-0138
53 +.890444226593E-0139
54 +.128950008591E-0138
55 +.783984342095E-0139
56 +.302496729986E-0138
57 +.805748254188E-0138
58 +.489811331020E-0139
59 +.144926333843E-0138
60 +.110348440892E-0138
61 +.376802582663E-0138
62 +.533358125419E-0138
63 +.126098585636E-0137
64 +.106233470956E-0137
65 +.291816083260E-0137
66 +.640825630746E-0137
67 +.600654315860E-0137
68 +.111231824489E-0136
69 +.234810678380E-0136
70 +.352766014580E-0136
71 +.938102306715E-0136
72 +.277767098492E-0136
73 +.125947094740E-0135
74 +.412836413412E-0135
75 +.754016533643E-0135
76 +.962049277989E-0136
77 +.441409752022E-0135
78 +.199069036620E-0135
79 +.808608445305E-0135
80 +.224743102706E-0134
81 +.807721018449E-0135
82 +.870466720167E-0135
83 +.102216803044E-0134
84 +.329943720943E-0134
85 +.414371311968E-0134
86 +.105382147386E-0133
87 +.142961998823E-0133
88 +.332572720350E-0133
89 +.252136702105E-0133
90 +.699692954131E-0133
91 +.166868444170E-0132
92 +.864283732344E-0133
93 +.209512767800E-0132
94 +.296468450996E-0132
95 +.809885550667E-0132
96 +.992819584658E-0133
97 +.595997306110E-0132
98 +.206705309555E-0131
99 +.497872535185E-0131
100 +.535766728009E-0131
101 +.734993249598E-0131
102 +.100761515316E-0130
103 +.287190352814E-0130
104 +.606317742105E-0131
105 +.128440764338E-0130
106 +.438861637986E-0130
107 +.112230350861E-0129
108 +.160947030782E-0129
109 +.158213735799E-0129
110 +.316343477840E-0129
111 +.592321557659E-0129
112 +.117590377738E-0128
113 +.211952843832E-0128
114 +.455796649722E-0128
115 +.668532908257E-0128
116 +.181772306024E-0127
117 +.267764065888E-0128
118 +.149685608357E-0127
119 +.516332919814E-0127
120 +.121688417032E-0126
121 +.116121063187E-0126
122 +.169855426429E-0126
123 +.200075346365E-0126
124 +.623161587057E-0126
125 +.561769883748E-0126
126 +.158834481040E-0125
127 +.379074562706E-0125
128 +.195435812358E-0125
129 +.474610164227E-0125
130 +.669667798848E-0125
131 +.183343460746E-0124
132 +.197037934409E-0125
133 +.125100478675E-0124
134 +.435537292358E-0124
135 +.106486390697E-0123
136 +.123868526986E-0123
137 +.160176080463E-0123
138 +.242989417220E-0123
139 +.640867133313E-0123
140 +.207162858881E-0123
141 +.919392418952E-0123
142 +.296912420850E-0122
143 +.497370881265E-0122
144 +.189023079926E-0122
145 +.559204280118E-0122
146 +.400862019876E-0122
147 +.147510126907E-0121
148 +.332185821210E-0121
149 +.306480704508E-0121
150 +.572421141929E-0121
151 +.119500118309E-0120
152 +.185201653924E-0120
153 +.478397403585E-0120
154 +.231070729129E-0120
155 +.940612892607E-0120
156 +.278985089955E-0119
157 +.247218777742E-0119
158 +.306907301002E-0119
159 +.478154244464E-0119
160 +.124329819959E-0118
161 +.512105925109E-0119
162 +.215426409169E-0118
163 +.665479687502E-0118
164 +.830395359774E-0118
165 +.788370418695E-0118
166 +.162637317127E-0117
167 +.288912962092E-0117
168 +.624885019318E-0117
169 +.899820018423E-0117
170 +.248339718671E-0116
171 +.108996658121E-0117
172 +.113341386477E-0116
173 +.401157399002E-0116
174 +.103573146856E-0115
175 +.155816436738E-0115
176 +.138347495173E-0115
177 +.294722232883E-0115
178 +.489422930675E-0115
179 +.115674465262E-0114
180 +.115731538776E-0114
181 +.390379386817E-0114
182 +.613505280290E-0114
183 +.132054934206E-0113
184 +.402028906794E-0114
185 +.972551271935E-0114
186 +.292204538217E-0113
187 +.342562341158E-0113
188 +.352985657591E-0113
189 +.685525333307E-0113
190 +.135567938305E-0112
191 +.242006144165E-0112
192 +.527801777342E-0112
193 +.739831995989E-0112
194 +.208545943891E-0111
195 +.222789272453E-0112
196 +.167202921428E-0112
197 +.548751118771E-0112
198 +.147612861534E-0111
199 +.260780799077E-0111
200 +.138445636984E-0111
201 +.367828401301E-0111
202 +.338553135797E-0111
203 +.116037185874E-0110
204 +.197420705837E-0110
205 +.401040786173E-0110
206 +.919496569701E-0111
207 +.211673779426E-0110
208 +.697792720626E-0110
209 +.885733515425E-0110
210 +.834630448156E-0110
211 +.175006877225E-0109
212 +.298981870198E-0109
213 +.682878745243E-0109
214 +.804599938670E-0109
215 +.252575153509E-0108
216 +.288374496070E-0108
217 +.823414200058E-0108
218 +.188373735915E-0107
219 +.152112860014E-0107
220 +.310408845983E-0107
221 +.567554171312E-0107
222 +.116420705294E-0106
223 +.194413331179E-0106
224 +.463680168129E-0106
225 +.440983187805E-0106
226 +.151544807825E-0105
227 +.289494487264E-0105
228 +.555143243872E-0105
229 +.142899081110E-0105
230 +.654872732958E-0105
231 +.201318349773E-0104
232 +.160757855187E-0104
233 +.207705865055E-0104
234 +.302792974004E-0104
235 +.832757805742E-0104
236 +.416448523880E-0105
237 +.398121599547E-0104
238 +.143018029406E-0103
239 +.365465095071E-0103
240 +.526541187225E-0103
241 +.513164649951E-0103
242 +.103211975883E-0102
243 +.191263188544E-0102
244 +.386581723831E-0102
245 +.669207621167E-0102
246 +.152491253775E-0101
247 +.181485354280E-0101
248 +.566868691831E-0101
249 +.515252989788E-0101
250 +.148374391104E-0100
251 +.383871042818E-0100
252 +.210487422128E-0100
253 +.501292722921E-0100
254 +.723177315098E-0100
255 +.194643104048E-0099
256 +.433007328453E-0100
257 +.211630020612E-0099
258 +.738588475063E-0099
259 +.155250987900E-0098
260 +.626448465302E-0099
261 +.926211290300E-0099
262 +.545826919827E-0099
263 +.211932028112E-0098
264 +.604487931680E-0098
265 +.866861747523E-0099
266 +.133169825675E-0099
267 +.251257801468E-0099
268 +.800003481929E-0099
269 +.129054320134E-0098
270 +.353590848374E-0098
271 +.362911850999E-0098
272 +.124774187374E-0097
273 +.313244148484E-0097
274 +.290448074890E-0097
275 +.601333405553E-0097
276 +.999134813244E-0097
277 +.235248123131E-0096
278 +.239799717585E-0096
279 +.803022525472E-0096
280 +.122859068484E-0095
281 +.281287155415E-0095
282 +.221972794253E-0095
283 +.651612858517E-0095
284 +.184156419588E-0094
285 +.921279138906E-0095
286 +.226052915600E-0094
287 +.245347557813E-0094
288 +.777467016503E-0094
289 +.924273508665E-0094
290 +.260348680987E-0093
291 +.559364965856E-0093
292 +.615792968367E-0093
293 +.102309326728E-0092
294 +.243589272011E-0092
295 +.224570965805E-0092
296 +.778983332652E-0092
297 +.141391814136E-0091
298 +.254612126573E-0091
299 +.133406858457E-0091
300 +.518847965359E-0091
301 +.133074208309E-0090
302 +.505589247199E-0091
303 +.137409338809E-0090
304 +.162345039372E-0090
305 +.496575062080E-0090
306 +.363737465189E-0090
307 +.108109975066E-0089
308 +.327345865957E-0089
309 +.192857789553E-0089
310 +.255839235435E-0089
311 +.321293107148E-0089
312 +.979718304654E-0089
313 +.726873923964E-0089
314 +.214360030631E-0088
315 +.635811707736E-0088
316 +.264763291901E-0088
317 +.323005298183E-0088
318 +.375784275987E-0088
319 +.120411243679E-0087
320 +.141093516708E-0087
321 +.376507856685E-0087
322 +.696085382564E-0087
323 +.138885361690E-0086
324 +.150541788716E-0087
325 +.935435637134E-0087
326 +.299388129635E-0086
327 +.367715100076E-0086
328 +.355411872160E-0086
329 +.723982606925E-0086
330 +.131755511964E-0085
331 +.274584713305E-0085
332 +.440451673693E-0085
333 +.109972782285E-0084
334 +.759487615598E-0085
335 +.285918301105E-0084
336 +.758755772137E-0084
337 +.283110724126E-0084
338 +.768254924982E-0084
339 +.947350064587E-0084
340 +.282887084497E-0083
341 +.148302930126E-0083
342 +.437301489800E-0083
343 +.147096945277E-0082
344 +.232590355298E-0082
345 +.123293461345E-0082
346 +.328880985998E-0082
347 +.301508794765E-0082
348 +.103545299586E-0081
349 +.178048133949E-0081
350 +.356534157215E-0081
351 +.611088440237E-0082
352 +.264293269628E-0081
353 +.844908767067E-0081
354 +.973410292634E-0081
355 +.116612975565E-0080
356 +.219884838821E-0080
357 +.442572316543E-0080
358 +.761933627268E-0080
359 +.174779128108E-0079
360 +.202066723458E-0079
361 +.640493329047E-0079
362 +.782520708593E-0079
363 +.218506311211E-0078
364 +.450499762669E-0078
365 +.573812068790E-0078
366 +.813191244994E-0078
367 +.222160591133E-0077
368 +.211008967317E-0078
369 +.141679854360E-0077
370 +.506242046681E-0077
371 +.123635492675E-0076
372 +.143673726438E-0076
373 +.185965086307E-0076
374 +.281709546265E-0076
375 +.743896678247E-0076
376 +.234591010965E-0076
377 +.104715419331E-0075
378 +.344438845175E-0075
379 +.588692382997E-0075
380 +.336490687142E-0075
381 +.913607991649E-0075
382 +.604356022409E-0075
383 +.227164184083E-0074
384 +.555177658602E-0074
385 +.325964764171E-0074
386 +.761063407852E-0074
387 +.111680630600E-0073
388 +.296536174835E-0073
389 +.923750916885E-0074
390 +.413707905114E-0073
391 +.134575782343E-0072
392 +.235298608977E-0072
393 +.142137798836E-0072
394 +.384658426540E-0072
395 +.230571526967E-0072
396 +.886321534449E-0072
397 +.230683317374E-0071
398 +.577515056470E-0072
399 +.182338400225E-0071
400 +.194975180548E-0071
401 +.622678686060E-0071
402 +.775018166068E-0071
403 +.214743479703E-0070
404 +.427104634699E-0070
405 +.603298514656E-0070
406 +.726649029332E-0070
407 +.219342868333E-0069
408 +.147628325348E-0069
409 +.451368587779E-0069
410 +.135606817501E-0068
411 +.133145092115E-0068
412 +.178486301833E-0068
413 +.293744480731E-0068
414 +.710561890585E-0068
415 +.603417765454E-0068
416 +.214896613831E-0067
417 +.444538929304E-0067
418 +.618274427385E-0067
419 +.776359728068E-0067
420 +.228826749690E-0066
421 +.111948074556E-0066
422 +.340137221211E-0066
423 +.117153807937E-0065
424 +.216282060736E-0065
425 +.207711305094E-0066
426 +.111437561092E-0065
427 +.467058952372E-0066
428 +.192530760531E-0065
429 +.570975922321E-0065
430 +.264675386292E-0065
431 +.322718330943E-0065
432 +.385794808933E-0065
433 +.121919041833E-0064
434 +.135454814497E-0064
435 +.371808163841E-0064
436 +.738207663637E-0064
437 +.109106203486E-0063
438 +.132795606415E-0063
439 +.396929009202E-0063
440 +.220752093417E-0063
441 +.652718919318E-0063
442 +.215600049015E-0062
443 +.300528269635E-0062
444 +.362347804285E-0062
445 +.785339147265E-0062
446 +.109566876722E-0061
447 +.306885893493E-0061
448 +.286990039543E-0062
449 +.194289506059E-0061
450 +.706801088802E-0061
451 +.188767611650E-0060
452 +.328447706422E-0060
453 +.172932264243E-0060
454 +.456064576325E-0060
455 +.449790275025E-0060
456 +.150401106557E-0059
457 +.223928933563E-0059
458 +.523796463866E-0059
459 +.361389406251E-0059
460 +.132761487325E-0058
461 +.345153632313E-0058
462 +.210976040705E-0059
463 +.145318945116E-0058
464 +.136069046073E-0058
465 +.451184314645E-0058
466 +.602997938428E-0058
467 +.175893598156E-0057
468 +.201843524269E-0057
469 +.623184325851E-0057
470 +.916812859605E-0057
471 +.206152407633E-0056
472 +.149911967343E-0056
473 +.440225318182E-0056
474 +.128621200360E-0055
475 +.973919750281E-0056
476 +.186167088437E-0055
477 +.248110504297E-0055
478 +.704839638226E-0055
479 +.263527116452E-0055
480 +.723735056024E-0055
481 +.255456925285E-0054
482 +.668955980926E-0054
483 +.106864188562E-0053
484 +.804242892197E-0054
485 +.185908352125E-0053
486 +.256957175853E-0053
487 +.721201449559E-0053
488 +.642559040680E-0054
489 +.445185673577E-0053
490 +.161933641124E-0052
491 +.432856759745E-0052
492 +.755773057082E-0052
493 +.522224951070E-0052
494 +.130933067634E-0051
495 +.127967123650E-0051
496 +.430103870920E-0051
497 +.661948109487E-0051
498 +.173484859989E-0050
499 +.884689391350E-0051
500 +.250547357865E-0050
501 +.715195019932E-0050
502 +.450916861007E-0050
503 +.587909091486E-0050
504 +.757772898537E-0050
505 +.227792433023E-0049
506 +.152955226593E-0049
507 +.583336693344E-0049
508 +.175471171112E-0048
509 +.184869639039E-0048
510 +.314987679810E-0048
511 +.530130164955E-0048
512 +.120261894111E-0047
513 +.144276251121E-0047
514 +.448329377749E-0047
515 +.388033839807E-0047
516 +.112669844232E-0046
517 +.303549835433E-0046
518 +.882631244822E-0047
519 +.262463010439E-0046
520 +.298167795966E-0046
521 +.927563227750E-0046
522 +.962836572468E-0046
523 +.281315121663E-0045
524 +.718284845867E-0045
525 +.138678664030E-0045
526 +.488386295785E-0045
527 +.505436887367E-0045
528 +.163218161786E-0044
529 +.216742173291E-0044
530 +.583740336224E-0044
531 +.101305876974E-0043
532 +.187652254441E-0043
533 +.778031052880E-0044
534 +.318319209445E-0043
535 +.866413917274E-0043
536 +.178794257766E-0043
537 +.184359007448E-0043
538 +.211554321311E-0043
539 +.694242831478E-0043
540 +.110747977648E-0042
541 +.264384968457E-0042
542 +.288963786886E-0042
543 +.817848909026E-0042
544 +.182245188790E-0041
545 +.175462175543E-0041
546 +.325156826820E-0041
547 +.680467819309E-0041
548 +.104909469460E-0040
549 +.272357476740E-0040
550 +.122939736607E-0040
551 +.507578770836E-0040
552 +.154028467658E-0039
553 +.163570120398E-0039
554 +.276268727252E-0039
555 +.469541843884E-0039
556 +.105190322724E-0038
557 +.132639131746E-0038
558 +.400828134082E-0038
559 +.323302745589E-0038
560 +.100060812837E-0037
561 +.302365141642E-0037
562 +.310096084932E-0037
563 +.492543547727E-0037
564 +.819090036240E-0037
565 +.190703323208E-0036
566 +.203001271812E-0036
567 +.667563694329E-0036
568 +.914644884542E-0036
569 +.228273189814E-0035
570 +.298222719123E-0035
571 +.795263536329E-0035
572 +.131884619816E-0034
573 +.262792591482E-0034
574 +.377785692702E-0035
575 +.208839867695E-0034
576 +.663652900700E-0034
577 +.756765144399E-0034
578 +.104043734081E-0033
579 +.191287031416E-0033
580 +.391230379647E-0033
581 +.650094490967E-0033
582 +.155865004249E-0032
583 +.143708235121E-0032
584 +.499095913335E-0032
585 +.912475328950E-0032
586 +.162239779138E-0031
587 +.921007875940E-0032
588 +.352035877938E-0031
589 +.854204567190E-0031
590 +.450256416983E-0031
591 +.108328333790E-0030
592 +.155238245801E-0030
593 +.419841839415E-0030
594 +.799933324253E-0031
595 +.409559126658E-0030
596 +.144146971743E-0029
597 +.318677251775E-0029
598 +.201708209987E-0029
599 +.318681017683E-0029
600 +.243009255161E-0029
601 +.884810956401E-0029
602 +.200004920241E-0028
603 +.210289614684E-0028
604 +.370482239693E-0028
605 +.821691008442E-0028
606 +.105327445651E-0027
607 +.315035074407E-0027
608 +.238406978210E-0027
609 +.718843176878E-0027
610 +.225960295081E-0026
611 +.326494636957E-0026
612 +.369631168827E-0026
613 +.825311827536E-0026
614 +.105274619437E-0025
615 +.313123244991E-0025
616 +.169504800788E-0025
617 +.645631514010E-0025
618 +.217276333560E-0024
619 +.360470314187E-0024
620 +.147568902231E-0024
621 +.426863237247E-0024
622 +.318365183738E-0024
623 +.116013238322E-0023
624 +.255523835213E-0023
625 +.284084872866E-0023
626 +.469878620812E-0023
627 +.112192926478E-0022
628 +.101755055972E-0022
629 +.354864548689E-0022
630 +.721757269663E-0022
631 +.122871708733E-0021
632 +.836512407231E-0022
633 +.306860020128E-0021
634 +.717847040521E-0021
635 +.783741167172E-0021
636 +.129573452820E-0020
637 +.310632958198E-0020
638 +.274474602150E-0020
639 +.965233287808E-0020
640 +.203169056343E-0019
641 +.319239483296E-0019
642 +.292568894489E-0019
643 +.988384974086E-0019
644 +.153733611793E-0018
645 +.394958973893E-0018
646 +.156966558700E-0018
647 +.429955653244E-0018
648 +.128147583755E-0017
649 +.127507466909E-0017
650 +.227085200911E-0017
651 +.364643795502E-0017
652 +.874318981682E-0017
653 +.797603142276E-0017
654 +.277752015504E-0016
655 +.513819865242E-0016
656 +.894208821273E-0016
657 +.571970670834E-0016
658 +.212853576968E-0015
659 +.482802347584E-0015
660 +.427233963272E-0015
661 +.819029306239E-0015
662 +.165161238013E-0014
663 +.279497436584E-0014
664 +.655168894308E-0014
665 +.683654228226E-0014
666 +.226869208872E-0013
667 +.324051837812E-0013
668 +.771998093421E-0013
669 +.632565458938E-0013
670 +.221889436251E-0012
671 +.516130482849E-0012
672 +.378090506078E-0012
673 +.808272080086E-0012
674 +.137187798287E-0011
675 +.313221144426E-0011
676 +.369606158735E-0011
677 +.115921558174E-0010
678 +.131498397363E-0010
679 +.376177693999E-0010
680 +.868127875888E-0010
681 +.662923969733E-0010
682 +.138963176271E-0009
683 +.243645667981E-0009
684 +.532547329764E-0009
685 +.740732879444E-0009
686 +.209940769728E-0008
687 +.751882790240E-0009
688 +.204217245639E-0008
689 +.723960708332E-0008
690 +.192814521259E-0007
691 +.330592400185E-0007
692 +.258679464386E-0007
693 +.627702803838E-0007
694 +.664964568393E-0007
695 +.216668280810E-0006
696 +.271481033434E-0006
697 +.821880045969E-0006
698 +.114306596304E-0005
699 +.268039854451E-0005
700 +.196291831352E-0005
701 +.709791063272E-0005
702 +.178081656067E-0004
703 +.552903680843E-0005
704 +.160756914916E-0004
705 +.183239215899E-0004
706 +.569551449084E-0004
707 +.588154053967E-0004
708 +.172026830507E-0003
709 +.441549188122E-0003
710 +.708725762016E-0004
711 +.272293179089E-0003
712 +.274458741994E-0003
713 +.893995580860E-0003
714 +.109378198803E-0002
715 +.337678924594E-0002
716 +.517331387424E-0002
717 +.112001923223E-0001
718 +.321231131900E-0002
719 +.143477125498E-0001
720 +.445481430330E-0001
721 +.579705268968E-0001
722 +.811795292313E-0001
723 +.165076268454E+0000
724 +.293209882902E+0000
725 +.710225271321E+0000
726 +.978450237033E+0000
727 +.329612635179E+0001
