1 +.197215226305E-0029
2  .*E-0014           
3  .*E-0013           
4  .*E-0013           
5  .*E-0012           
6  .*E-0012           
7  .*E-0012           
8  .*E-0012           
9  .*E-0011           
10  .*E-0011           
11  .*E-0011           
12  .*E-0011           
13  .*E-0011           
14  .*E-0010           
15  .*E-0010           
16  .*E-0010           
17  .*E-0009           
18  .*E-0009           
19  .*E-0009           
20  .*E-0009           
21  .*E-0009           
22  .*E-0009           
23  .*E-0008           
24  .*E-0008           
25  .*E-0008           
26  .*E-0007           
27  .*E-0007           
28  .*E-0007           
29  .*E-0006           
30  .*E-0006           
31  .*E-0006           
32  .*E-0006           
33  .*E-0005           
34  .*E-0005           
35  .*E-0005           
36  .*E-0005           
37  .*E-0004           
38  .*E-0004           
39  .*E-0004           
40  .*E-0004           
41  .*E-0003           
42  .*E-0003           
43  .*E-0003           
44  .*E-0003           
45  .*E-0003           
46  .*E-0002           
47  .*E-0002           
48  .*E-0002           
49  .*E-0002           
50  .*E-0001           
51  .*E-0001           
52  .*E-0001           
53  .*E-0001           
54  .*E00000           
55  .*E-0001           
56  .*E00000           
57  .*E00000           
58  .*E00000           
59  .*E00000           
60  .*E00000           
61  .*E00001           
62  .*E00001           
63  .*E00001           
64  .*E00001           
65  .*E00002           
66  .*E00002           
67  .*E00003           
68  .*E00003           
69  .*E00005           
70  .*E00008           
71  .*E00015           
72  .*E00029           
73  .*E00056           
74  .*E00110           
75  .*E00219           
76 +.488187679358E-0016
77 +.223991439332E-0015
78 +.101016708024E-0015
79 +.410324802954E-0015
80 +.114044900061E-0014
81 +.409874482094E-0015
82 +.441714512759E-0015
83 +.518694676159E-0015
84 +.167428491587E-0014
85 +.210270901721E-0014
86 +.534757076951E-0014
87 +.725454382000E-0014
88 +.168762565785E-0013
89 +.127945661722E-0013
90 +.355056115477E-0013
91 +.846766588588E-0013
92 +.438576982753E-0013
93 +.106316333527E-0012
94 +.150441612926E-0012
95 +.410972864459E-0012
96 +.503801936291E-0013
97 +.302436214476E-0012
98 +.104891701175E-0011
99 +.252643230580E-0011
100 +.271872472240E-0011
101 +.372969095320E-0011
102 +.511309882518E-0011
103 +.145733482766E-0010
104 +.307673274408E-0011
105 +.651767015700E-0011
106 +.222698410096E-0010
107 +.569507984696E-0010
108 +.816718636584E-0010
109 +.802848651362E-0010
110 +.160527107997E-0009
111 +.300570972149E-0009
112 +.596707205525E-0009
113 +.107554539444E-0008
114 +.231292007310E-0008
115 +.339244087796E-0008
116 +.922395580889E-0008
117 +.135875710940E-0008
118 +.759573086046E-0008
119 +.262010885499E-0007
120 +.617502548957E-0007
121 +.589251203244E-0007
122 +.861923886967E-0007
123 +.101527343025E-0006
124 +.316220587941E-0006
125 +.285067781599E-0006
126 +.805998874603E-0006
127 +.192359696301E-0005
128 +.991735379139E-0006
129 +.240839608853E-0005
130 +.339821928930E-0005
131 +.930371865070E-0005
132 +.999987289586E-0006
133 +.634862963986E-0005
134 +.221026801279E-0004
135 +.540391180665E-0004
136 +.628561022224E-0004
137 +.812845807626E-0004
138 +.123299584146E-0003
139 +.325217115776E-0003
140 +.104977005613E-0003
141 +.466045111794E-0003
142 +.150538009001E-0002
143 +.252487093197E-0002
144 +.951201360895E-0003
145 +.282189356887E-0002
146 +.201091026498E-0002
147 +.741045452294E-0002
148 +.167657425960E-0001
149 +.150852117579E-0001
150 +.286181816831E-0001
151 +.585262707335E-0001
152 +.956746505420E-0001
153 +.233361505495E+0000
154 +.190556641532E+0000
155 +.676509547392E+0000
156 +.135848144908E+0001
157 +.131431392858E+0001
158 +.657557948221E-0001
159 +.486903284922E+0000
160 +.860112604931E+0000
161 +.143682057993E+0001
162 +.236553862793E+0001
163 +.788978613822E+0000
164 +.106969821015E+0001
165 +.565909832502E+0000
166 +.219359000751E+0000
167 +.594913719344E+0000
168 +.756577226771E+0000
169 +.196436052613E+0001
170 +.163068841147E+0000
171 +.637104699840E+0000
172 +.165305159697E+0001
173 +.188171327139E+0001
174 +.237553813538E+0000
175 +.815285022166E+0000
176 +.174575998555E+0001
177 +.893022363512E+0000
178 +.282997633291E+0000
179 +.237706826206E+0000
180 +.371657358930E+0000
181 +.102014352095E+0001
182 +.125480583438E+0000
183 +.100465335585E-0001
184 +.330440600390E-0001
185 +.117041848242E+0000
186 +.375433813602E+0000
187 +.635091507867E+0000
188 +.139627182897E+0000
189 +.448337006450E+0000
190 +.577844454152E+0000
191 +.154583396125E+0001
192 +.604988779293E-0001
193 +.392393598717E+0000
194 +.788397750402E+0000
195 +.819786140506E+0000
196 +.221302531525E+0001
197 +.855981696212E+0000
198 +.186244870998E+0001
199 +.151681468356E+0001
200 +.167528558603E+0001
201 +.879974237762E+0000
202 +.876107760808E+0000
203 +.137866725520E+0001
204 +.487174845898E+0000
205 +.113780357356E+0001
206 +.186574765023E+0001
207 +.189961131534E+0001
208 +.402949208121E+0000
209 +.817375987049E+0000
210 +.175926349567E+0001
211 +.959035890624E+0000
212 +.314224233218E+0000
213 +.236571465431E+0000
214 +.420286286768E+0000
215 +.103600057346E+0001
216 +.544869436462E+0000
217 +.159413354908E+0001
218 +.651461117050E-0001
219 +.412711397852E+0000
220 +.907789712180E+0000
221 +.496452738865E+0000
222 +.155429062036E+0001
223 +.864985654828E+0000
224 +.393848766894E+0000
225 +.801689038936E+0000
226 +.172050321449E+0001
227 +.124822673182E+0001
228 +.924516548834E+0000
229 +.166443618287E+0001
230 +.208675430460E+0001
231 +.317279911345E+0000
232 +.262699598891E+0000
233 +.625709296817E+0000
234 +.297566164117E+0000
235 +.106882327264E+0001
236 +.158431618348E+0001
237 +.180690559935E+0001
238 +.138811526916E+0001
239 +.127569743256E+0001
240 +.173745307106E+0000
241 +.545956490825E+0000
242 +.139943659435E+0001
243 +.193432213139E+0000
244 +.112562381146E+0000
245 +.102380267875E+0000
246 +.263992746561E+0000
247 +.212576401826E+0000
248 +.752858922261E+0000
249 +.148635958015E+0001
250 +.137275031564E+0001
251 +.324408878773E+0000
252 +.489876043864E-0001
253 +.409701121924E-0002
254 +.927841889833E-0002
255 +.219347898496E-0001
256 +.454470158515E-0002
257 +.226926106494E-0001
258 +.771617932382E-0001
259 +.170704246880E+0000
260 +.108461630568E+0000
261 +.166724849061E+0000
262 +.135877797071E+0000
263 +.482580645666E+0000
264 +.972364217109E+0000
265 +.114174619876E+0001
266 +.712239821173E+0000
267 +.166129437784E+0001
268 +.137521351756E+0001
269 +.105720386397E+0001
270 +.154779610718E+0001
271 +.225198087769E+0001
272 +.448737755853E+0000
273 +.129889584991E+0000
274 +.608615007957E-0002
275 +.282836163361E-0001
276 +.421898892299E-0001
277 +.977123233339E-0001
278 +.113176635106E+0000
279 +.357069688399E+0000
280 +.357842037780E+0000
281 +.945601013928E+0000
282 +.176677319350E+0001
283 +.120435738455E+0001
284 +.925216956120E+0000
285 +.472484264716E+0000
286 +.841017275565E+0000
287 +.194195424612E+0001
288 +.589615089667E+0000
289 +.424160449067E+0000
290 +.122681637855E+0001
291 +.511335190351E+0000
292 +.619930116169E+0000
293 +.476391790655E+0000
294 +.155193257442E+0001
295 +.199375710291E+0001
296 +.236414757321E+0000
297 +.226817211348E+0000
298 +.437797455844E+0000
299 +.492831653330E+0000
300 +.142585482317E+0001
301 +.702942714164E+0000
302 +.568726013430E+0000
303 +.854664098249E+0000
304 +.210866845228E+0001
305 +.541936489413E-0001
306 +.680730762013E+0000
307 +.158928563633E+0001
308 +.911398380163E+0000
309 +.239464409473E+0000
310 +.624611658833E+0000
311 +.126119294666E+0001
312 +.150500666222E+0001
313 +.228475684826E+0001
314 +.660348303198E+0000
315 +.595568051238E+0000
316 +.110709854208E+0000
317 +.370862445257E+0000
318 +.566031404652E+0000
319 +.133046557797E+0001
320 +.964447231506E+0000
321 +.187772355108E+0001
322 +.196509345772E+0001
323 +.603218044772E+0000
324 +.112809627806E+0001
325 +.192490669366E+0001
326 +.541969220558E+0000
327 +.781106315584E+0000
328 +.163734826262E+0001
329 +.691831448408E+0000
330 +.413192500406E-0002
331 +.199643344208E+0000
332 +.234462039732E+0000
333 +.678413323754E+0000
334 +.186995365292E+0000
335 +.370258474766E+0000
336 +.705041411149E+0000
337 +.927610973183E+0000
338 +.778231224222E+0000
339 +.199980056719E+0001
340 +.119644641246E+0000
341 +.545237302079E+0000
342 +.148861003545E+0001
343 +.158993476447E+0001
344 +.720255057674E+0000
345 +.260891733147E+0000
346 +.859636440113E+0000
347 +.264886973278E+0000
348 +.466882510369E+0000
349 +.448954510277E+0000
350 +.110207376836E+0001
351 +.158949085242E+0001
352 +.160210303268E+0001
353 +.940295612110E+0000
354 +.237877906966E+0000
355 +.106802864727E+0000
356 +.230035069226E+0000
357 +.532526793056E+0000
358 +.509418128339E+0000
359 +.160284702531E+0001
360 +.180047114623E+0001
361 +.220546792795E+0000
362 +.359660069251E+0000
363 +.977673920995E+0000
364 +.658375260288E+0000
365 +.123177867323E+0001
366 +.471154307042E+0000
367 +.507121988666E+0000
368 +.490540833791E+0000
369 +.155954502784E+0001
370 +.195057789419E+0001
371 +.258820119324E+0000
372 +.222415165603E+0000
373 +.492205008639E+0000
374 +.359089140842E+0000
375 +.120530000609E+0001
376 +.168295620138E+0001
377 +.158440255812E+0001
378 +.122196163660E+0001
379 +.361902169018E+0000
380 +.273402655534E-0002
381 +.102571971593E+0000
382 +.704275754552E-0001
383 +.256609637983E+0000
384 +.527463545410E+0000
385 +.667942013267E+0000
386 +.751858472867E+0000
387 +.199848227007E+0001
388 +.468112875928E+0000
389 +.813392431989E+0000
390 +.179281837389E+0001
391 +.120808957895E+0001
392 +.495437451680E+0000
393 +.195488064359E+0000
394 +.527081446145E+0000
395 +.705100131263E+0000
396 +.181961883838E+0001
397 +.376142303138E-0001
398 +.555573513898E+0000
399 +.153176222022E+0001
400 +.162576734104E+0001
401 +.576084986731E+0000
402 +.289444128933E+0000
403 +.927298707821E+0000
404 +.638885789584E+0000
405 +.127625728273E+0001
406 +.822556471173E+0000
407 +.947936769707E+0000
408 +.805791339580E+0000
409 +.208199533198E+0001
410 +.659439660093E-0001
411 +.676672555185E+0000
412 +.163103706388E+0001
413 +.120211821435E+0001
414 +.176333878378E+0000
415 +.532042628086E+0000
416 +.136342524434E+0001
417 +.139599409808E+0000
418 +.172667856513E+0000
419 +.179432557857E+0000
420 +.492722410995E+0000
421 +.119741190345E+0000
422 +.541804395328E+0000
423 +.136575060249E+0001
424 +.464367163222E-0001
425 +.418279307362E+0000
426 +.119633300682E+0001
427 +.144370113014E+0001
428 +.164095789639E+0001
429 +.544107919131E+0000
430 +.274992023535E+0000
431 +.455903379110E+0000
432 +.224350044471E+0000
433 +.859928297413E+0000
434 +.195434734545E+0001
435 +.286937038429E+0000
436 +.102172161775E+0000
437 +.227034632855E+0000
438 +.333060021282E+0000
439 +.826239965158E+0000
440 +.513218618348E+0000
441 +.162778761072E+0001
442 +.134806446210E+0001
443 +.299200593647E+0000
444 +.575442695938E+0000
445 +.165736105596E+0001
446 +.159008488083E+0001
447 +.748268584020E-0001
448 +.472417348136E+0000
449 +.139271444043E+0001
450 +.214756557971E+0001
451 +.480567667194E+0000
452 +.461239682061E+0000
453 +.119634079455E+0000
454 +.889293411469E-0001
455 +.124551752149E+0000
456 +.383550453647E+0000
457 +.354212337138E+0000
458 +.945537783216E+0000
459 +.189073532849E+0001
460 +.835261594656E+0000
461 +.695777636188E+0000
462 +.549988371323E+0000
463 +.874217729928E+0000
464 +.201545144395E+0001
465 +.612596006292E+0000
466 +.261029507094E+0000
467 +.791213567273E+0000
468 +.345806093387E-0001
469 +.137964017737E+0000
470 +.200101195997E+0000
471 +.498504538646E+0000
472 +.583877294182E+0000
473 +.132863770281E+0001
474 +.132127315309E+0001
475 +.118067613550E+0001
476 +.439994813804E+0000
477 +.114257679740E+0001
478 +.129299375684E+0001
479 +.233645542905E+0001
480 +.103671726412E+0001
481 +.150294477367E+0001
482 +.956603317821E+0000
483 +.588318898321E+0000
484 +.750829233489E+0000
485 +.823565649623E+0000
486 +.220623925181E+0001
487 +.854032890626E+0000
488 +.183451899015E+0001
489 +.156515284487E+0001
490 +.164543796112E+0001
491 +.941723245444E+0000
492 +.790620791996E+0000
493 +.113670840536E+0001
494 +.784691905100E+0000
495 +.187607521331E+0001
496 +.103760091635E+0001
497 +.403235723476E+0000
498 +.106184963748E+0001
499 +.103646528728E+0001
500 +.226894150850E+0001
501 +.844938362135E+0000
502 +.762724562213E+0000
503 +.289441843465E+0000
504 +.652575301488E+0000
505 +.130044054645E+0001
506 +.161663014466E+0001
507 +.217442205026E+0001
508 +.392508140166E+0000
509 +.622531679475E-0001
510 +.211520819528E+0000
511 +.274788822027E+0000
512 +.743555397686E+0000
513 +.102112876812E+0000
514 +.529438871453E+0000
515 +.871142226590E+0000
516 +.156153404066E+0001
517 +.370588236954E+0000
518 +.127168618043E+0000
519 +.158412722256E+0000
520 +.166999253048E+0000
521 +.561981677115E+0000
522 +.921210515042E+0000
523 +.160109479704E+0001
524 +.356674867654E+0000
525 +.200011287795E+0000
526 +.342599005878E+0000
527 +.221054947127E+0000
528 +.820953258408E+0000
529 +.189113406594E+0001
530 +.267299791576E+0000
531 +.177872174589E+0000
532 +.391459341905E+0000
533 +.366802524341E+0000
534 +.116438529493E+0001
535 +.124649840125E+0001
536 +.170610552345E+0001
537 +.362608603555E+0000
538 +.385311695035E+0000
539 +.847082413166E+0000
540 +.153694519872E+0000
541 +.174759725402E+0000
542 +.165693949483E+0000
543 +.423576433962E+0000
544 +.677556847537E+0000
545 +.123619061075E+0001
546 +.305205722072E-0001
547 +.313230633739E+0000
548 +.291498204904E+0000
549 +.912971125730E+0000
550 +.772866597482E+0000
551 +.156711872137E+0001
552 +.118664088835E+0001
553 +.358389650856E+0000
554 +.680244310242E+0000
555 +.179064888273E+0001
556 +.589446399055E+0000
557 +.359295497919E+0000
558 +.642724197426E+0000
559 +.212242886920E+0000
560 +.843610342220E+0000
561 +.153613575102E+0001
562 +.162760780342E+0001
563 +.891520635394E+0000
564 +.286819424591E+0000
565 +.233413044853E+0000
566 +.380709388018E+0000
567 +.101176628264E+0001
568 +.911515460842E-0001
569 +.534930673775E+0000
570 +.206591537378E+0000
571 +.497626056526E+0000
572 +.115563899447E+0001
573 +.451002261487E+0000
574 +.627324371258E+0000
575 +.174307381273E+0001
576 +.100273169758E+0001
577 +.164017933798E+0000
578 +.473113589360E-0001
579 +.305878414620E-0001
580 +.704522720323E-0001
581 +.122859459959E+0000
582 +.272386930962E+0000
583 +.357789500152E+0000
584 +.102867657713E+0001
585 +.380760297777E+0000
586 +.622137638588E+0000
587 +.179443726289E+0000
588 +.359335000415E+0000
589 +.665515375375E+0000
590 +.945353612417E+0000
591 +.684890358252E+0000
592 +.183638190952E+0001
593 +.663049600725E-0001
594 +.562347721151E+0000
595 +.157089760023E+0001
596 +.181331766285E+0001
597 +.277816748296E+0000
598 +.297794299706E+0000
599 +.814613968941E+0000
600 +.373196807198E+0000
601 +.772638601712E+0000
602 +.830730254081E+0000
603 +.166909168180E+0001
604 +.118667498903E+0001
605 +.423533159718E-0001
606 +.309952598244E+0000
607 +.707324385618E+0000
608 +.329084674258E+0000
609 +.118329332420E+0001
610 +.174709281241E+0001
611 +.156060838504E+0001
612 +.144279343948E+0001
613 +.543355079687E+0000
614 +.226082621703E+0000
615 +.384710964631E+0000
616 +.406888679619E-0001
617 +.252911666479E+0000
618 +.729454702501E+0000
619 +.476096100351E+0000
620 +.375463174899E+0000
621 +.756399756495E+0000
622 +.139933003795E+0001
623 +.202188118136E+0001
624 +.156956785645E+0001
625 +.936498977293E+0000
626 +.402439985948E+0000
627 +.380221608812E+0000
628 +.620203010500E+0000
629 +.153332742124E+0001
630 +.490865375618E+0000
631 +.103072016230E+0001
632 +.215467736036E+0001
633 +.764112800120E+0000
634 +.261203500317E+0000
635 +.184961988319E+0000
636 +.285434238264E+0000
637 +.802041708025E+0000
638 +.206632713340E+0000
639 +.356112006728E+0000
640 +.479658290992E+0000
641 +.103731832186E+0001
642 +.609936817451E+0000
643 +.102885927289E+0001
644 +.187641276120E-0001
645 +.263576846848E+0000
646 +.438977547703E-0001
647 +.720286648595E-0001
648 +.215130570607E+0000
649 +.278804262357E+0000
650 +.239113259824E+0000
651 +.507366080378E+0000
652 +.833084584139E+0000
653 +.177960454601E+0001
654 +.142808099609E+0001
655 +.624194892339E+0000
656 +.105136014637E+0001
657 +.222601454704E+0001
658 +.618084005194E+0000
659 +.249144276323E+0000
660 +.154897854302E+0000
661 +.285586274784E+0000
662 +.691859781891E+0000
663 +.483424296212E+0000
664 +.158222984350E+0001
665 +.191127821119E+0001
666 +.204196480189E+0000
667 +.321631274043E+0000
668 +.738512531817E+0000
669 +.179057815378E+0000
670 +.739203135090E+0000
671 +.963951427075E+0000
672 +.188363410586E+0001
673 +.142274222485E+0001
674 +.118380489179E+0001
675 +.104797535546E+0000
676 +.480409746188E+0000
677 +.109292678149E+0001
678 +.681160928221E+0000
679 +.180704588983E+0001
680 +.448155483463E+0000
681 +.650681023900E+0000
682 +.183552610171E+0001
683 +.156605742644E+0001
684 +.829165665852E+0000
685 +.392838205207E+0000
686 +.563864814794E+0000
687 +.420714046935E+0000
688 +.141646668734E+0001
689 +.215027796477E+0001
690 +.503304065635E+0000
691 +.515810797967E+0000
692 +.140066953512E+0000
693 +.103970542323E+0000
694 +.154442325046E+0000
695 +.457287449125E+0000
696 +.275985840644E+0000
697 +.738888002570E+0000
698 +.178240299127E+0001
699 +.166161164935E+0000
700 +.712713689703E+0000
701 +.152421119423E+0001
702 +.484269451209E+0000
703 +.661967528199E-0001
704 +.267650328850E+0000
705 +.397613686324E+0000
706 +.990186216690E+0000
707 +.565002995206E+0000
708 +.166681701211E+0001
709 +.358084635319E+0000
710 +.229871591211E+0000
711 +.420072619091E+0000
712 +.212468453158E+0000
713 +.818061260815E+0000
714 +.193742781014E+0001
715 +.504182432179E-0002
716 +.573056655970E+0000
717 +.875592351769E+0000
718 +.897502262268E+0000
719 +.220388959811E+0001
720 +.932155310947E-0001
721 +.538653209009E+0000
722 +.105346500337E+0001
723 +.487214770358E+0000
724 +.140534690730E+0001
725 +.372046273085E+0000
726 +.987976963147E+0000
727 +.164677433879E+0001
728 +.209616259799E+0001
729 +.517724322435E+0000
730 +.188598906657E-0001
731 +.190144377868E+0000
732 +.146589605918E+0000
733 +.503244354094E+0000
734 +.776967704364E+0000
735 +.150738453760E+0001
736 +.609270221636E+0000
737 +.192035435635E+0000
738 +.511066633323E+0000
739 +.885477339110E+0000
740 +.169837198214E+0001
741 +.195598469255E+0001
742 +.512256281596E+0000
743 +.253430246505E+0000
744 +.744551162252E+0000
745 +.551140501160E-0001
746 +.612930868486E-0001
747 +.113352129995E+0000
748 +.257167473588E+0000
749 +.130908470544E+0000
750 +.349462604371E+0000
751 +.911011183105E+0000
752 +.140588215746E+0000
753 +.108800235367E+0000
754 +.184594097044E+0000
755 +.211200102084E+0000
756 +.672936973242E+0000
757 +.763370902376E+0000
758 +.169033936124E+0001
759 +.181932808172E+0001
760 +.490165775847E+0000
761 +.941527116729E+0000
762 +.196332622727E+0001
763 +.133330051301E+0001
764 +.144732993814E+0001
765 +.473843857291E+0000
766 +.610346292575E+0000
767 +.178520144151E+0001
768 +.173949453087E+0001
769 +.701740273899E+0000
770 +.867790200779E+0000
771 +.167018423224E+0001
772 +.465104227230E+0000
773 +.211706176790E+0000
774 +.339810788044E+0000
775 +.192450980840E+0000
776 +.735896950214E+0000
777 +.181734994682E+0001
778 +.200237703052E+0000
779 +.785726008644E+0000
780 +.154491729506E+0001
781 +.153055664079E+0000
782 +.303974721267E+0000
783 +.610229257215E+0000
784 +.513715896582E+0000
785 +.164352424996E+0001
786 +.196934360286E+0001
787 +.156147637151E+0000
788 +.809876061483E+0000
789 +.144595453587E+0001
790 +.297257681795E+0000
791 +.821202075520E+0000
792 +.162923954919E+0001
793 +.150346193351E+0001
794 +.118578542435E+0001
795 +.129154862570E+0001
796 +.204753842818E+0001
797 +.145216042438E+0001
798 +.911651879032E+0000
799 +.128126274592E+0000
800 +.667788317205E-0001
801 +.673135451684E-0001
802 +.156393323802E+0000
803 +.210811306282E+0000
804 +.603665567400E+0000
805 +.157263332050E+0000
806 +.317182008066E+0000
807 +.699268346393E+0000
808 +.522133900426E+0000
809 +.849475989855E+0000
810 +.189564839351E+0001
811 +.946659028885E+0000
812 +.403918022482E+0000
813 +.109833530551E+0001
814 +.731380764915E+0000
815 +.184220415936E+0001
816 +.778618676546E+0000
817 +.590480064350E+0000
818 +.158918838467E+0001
819 +.809205951894E-0001
820 +.395792632055E+0000
821 +.864013664151E+0000
822 +.488647903672E+0000
823 +.155415162737E+0001
824 +.112311349948E+0001
825 +.538056775591E+0000
826 +.831377130563E+0000
827 +.212539702312E+0001
828 +.583663260715E+0000
829 +.121841495948E+0001
830 +.208318727397E+0001
831 +.103236045648E+0001
832 +.178324291428E+0001
833 +.133946930666E+0001
834 +.912451279842E+0000
835 +.269092197828E+0000
836 +.647656832840E+0000
837 +.136579723409E+0001
838 +.133789127008E+0001
839 +.203744135344E+0001
840 +.153613947544E+0001
841 +.101440332089E+0001
842 +.364879108272E+0000
843 +.231910244566E+0000
844 +.484700119502E+0000
845 +.980409986392E+0000
846 +.140966852011E+0001
847 +.253597805979E+0001
848 +.359095806703E+0000
849 +.325749671955E+0000
850 +.730423904380E+0000
851 +.126053611178E+0000
852 +.446713766279E-0002
853 +.319068920826E-0001
854 +.763831410145E-0001
855 +.270595312223E-0001
856 +.117592364209E+0000
857 +.374414034071E+0000
858 +.580053007507E+0000
859 +.252055882931E+0000
860 +.636905889950E+0000
861 +.865319639682E+0000
862 +.208155189433E+0001
863 +.367151331609E+0000
864 +.333637507260E+0000
865 +.900756115560E+0000
866 +.219128828222E+0000
867 +.311115374236E+0000
868 +.205709327723E+0000
869 +.548562107619E+0000
870 +.123930544098E+0001
871 +.614666566451E+0000
872 +.608843172516E+0000
873 +.173330021417E+0001
874 +.100216176000E+0001
875 +.133825670333E+0000
876 +.950320468695E-0001
877 +.123089667936E+0000
878 +.247218178686E+0000
879 +.462615441351E+0000
880 +.902551421656E+0000
881 +.149587338638E+0001
882 +.237764784406E+0001
883 +.606437121080E+0000
884 +.693521538646E+0000
885 +.342317497700E+0000
886 +.341693237483E+0000
887 +.555856505893E+0000
888 +.137427267956E+0001
889 +.548449907473E+0000
890 +.128813326101E+0001
891 +.185637407309E+0001
892 +.185385001676E+0001
893 +.361862042620E+0000
894 +.720329894513E+0000
895 +.163469325496E+0001
896 +.104749583561E+0001
897 +.146983925955E+0000
898 +.506455360214E+0000
899 +.111087932335E+0001
900 +.954579744589E+0000
901 +.220568700955E+0001
902 +.727486596589E+0000
903 +.356263789602E+0000
904 +.267102307239E+0000
905 +.461552562867E+0000
906 +.112193830095E+0001
907 +.634535239644E+0000
908 +.169818849693E+0001
909 +.590730763995E+0000
910 +.857864034457E+0000
911 +.219733362229E+0001
912 +.878356364491E+0000
913 +.185274271142E+0001
914 +.152558267977E+0001
915 +.163779327857E+0001
916 +.826049524972E+0000
917 +.727076423164E+0000
918 +.122312756913E+0001
919 +.401430723098E+0000
920 +.114152980919E+0001
921 +.106265112274E+0001
922 +.221399982597E+0001
923 +.118240076244E+0001
924 +.117026531447E+0001
925 +.471163391055E-0001
926 +.395061508166E+0000
927 +.988020199504E+0000
928 +.846452247431E-0002
929 +.318216431061E+0000
930 +.173475151907E+0000
931 +.480610015934E+0000
932 +.134617739400E+0001
933 +.103539033289E+0001
934 +.474123728186E+0000
935 +.423561597752E+0000
936 +.718459650115E+0000
937 +.168135420030E+0001
938 +.824534875866E+0000
939 +.100984443481E+0001
940 +.232210406390E+0001
941 +.103383574347E-0001
942 +.677237410214E+0000
943 +.682083282732E+0000
944 +.107976489909E+0001
945 +.216872550965E+0001
946 +.116665857052E+0001
947 +.911653550498E+0000
948 +.275498406920E+0000
949 +.644979739476E+0000
950 +.138702613129E+0001
951 +.123638135287E+0001
952 +.194758113231E+0001
953 +.185174533823E+0001
954 +.961321726417E+0000
955 +.120981396928E+0001
956 +.142025242783E+0001
957 +.596020986977E+0000
958 +.116124171351E+0001
959 +.219981872659E+0001
960 +.108321572781E+0001
961 +.938984138989E+0000
962 +.295606277546E+0000
963 +.658511106610E+0000
964 +.147167056096E+0001
965 +.101004001458E+0001
966 +.160825483322E+0001
967 +.239158117318E+0001
968 +.710798230999E-0001
969 +.891083803659E+0000
970 +.250500798598E+0000
971 +.473138644970E-0001
972 +.163746848674E+0000
973 +.246949612631E+0000
974 +.623342106629E+0000
975 +.362870961281E+0000
976 +.127905248459E+0001
977 +.208921021795E+0001
978 +.917732655034E+0000
979 +.138039521274E+0001
980 +.593052365453E+0000
981 +.265853435191E+0000
982 +.448174376396E+0000
983 +.944012803432E-0001
984 +.446838321859E+0000
985 +.116656875509E+0001
986 +.108772690881E+0000
987 +.277759588258E+0000
988 +.682472354615E+0000
989 +.183234474680E+0000
990 +.352223710796E+0000
991 +.638825999977E+0000
992 +.948607369174E+0000
993 +.615996521286E+0000
994 +.170949588631E+0001
995 +.849822401170E-0002
996 +.507548984341E+0000
997 +.130263697979E+0001
998 +.592573430999E+0000
999 +.643288132837E+0000
1000 +.667774691724E+0000
1001 +.194781212859E+0001
1002 +.147740123207E+0001
1003 +.132405914614E+0001
1004 +.761999291089E-0001
1005 +.329147900662E+0000
1006 +.792923230564E+0000
1007 +.118505489033E-0001
1008 +.272496969412E+0000
1009 +.405259762973E+0000
1010 +.922591241775E+0000
1011 +.692074981193E+0000
1012 +.132913777759E+0001
1013 +.624649816193E+0000
1014 +.581214396657E+0000
1015 +.768135333245E+0000
1016 +.204892462271E+0001
1017 +.704403814459E+0000
1018 +.109796617665E+0001
1019 +.192037651086E+0001
1020 +.576936869009E+0000
1021 +.774007876028E+0000
1022 +.158653866992E+0001
1023 +.520061925204E+0000
1024 +.642776771123E-0002
1025 +.143258580767E+0000
1026 +.155717501078E+0000
1027 +.474308344354E+0000
1028 +.299513285575E+0000
1029 +.799405276754E+0000
1030 +.186834168164E+0001
1031 +.216470705527E-0001
1032 +.589998249513E+0000
1033 +.111820098665E+0001
1034 +.437721229007E+0000
1035 +.126313706792E+0001
1036 +.682544086079E+0000
1037 +.159180429437E+0001
1038 +.163030537013E+0001
1039 +.120942159884E+0001
1040 +.928307664688E+0000
1041 +.169521415206E+0001
1042 +.203202962496E+0001
1043 +.263325853685E+0000
1044 +.361154958112E+0000
1045 +.891857455578E+0000
1046 +.198648291739E-0001
1047 +.214212578289E+0000
1048 +.187858648792E+0000
1049 +.536905538468E+0000
1050 +.134480448449E+0001
1051 +.638869707244E-0001
1052 +.387971127721E+0000
1053 +.106263780239E+0001
1054 +.111876267302E+0001
1055 +.175580636163E+0001
1056 +.532866426546E+0000
1057 +.413360571020E+0000
1058 +.811827960608E+0000
1059 +.700063704960E-0001
1060 +.443564649799E+0000
1061 +.558431909859E+0000
1062 +.132504905354E+0001
1063 +.156352766626E+0001
1064 +.118060845526E+0001
1065 +.117737066096E+0000
1066 +.164234676426E+0000
1067 +.184080324509E+0000
1068 +.484665657130E+0000
1069 +.234728945272E+0000
1070 +.899063789828E+0000
1071 +.199513920796E+0001
1072 +.392543538247E+0000
1073 +.125817477534E+0000
1074 +.138436694416E-0001
1075 +.610555721824E-0001
1076 +.107702210518E+0000
1077 +.219000163367E+0000
1078 +.374268297559E+0000
1079 +.849018064361E+0000
1080 +.911187655374E+0000
1081 +.233106961212E+0001
1082 +.490543196763E+0000
1083 +.162903716814E+0001
1084 +.944010938126E+0000
1085 +.716584949196E-0001
1086 +.143366654124E+0000
1087 +.807005479410E-0001
1088 +.294086589482E+0000
1089 +.514660042172E+0000
1090 +.925576818132E+0000
1091 +.201198395878E+0000
1092 +.790752676517E+0000
1093 +.316080499804E+0000
1094 +.660107215196E+0000
1095 +.875869946243E+0000
1096 +.167935591788E+0001
1097 +.896260686742E+0000
1098 +.108514872990E+0000
1099 +.834833379478E-0001
1100 +.894423758385E-0001
1101 +.225214106192E+0000
1102 +.190408173760E+0000
1103 +.668857904251E+0000
1104 +.128317813987E+0001
1105 +.146903447631E+0001
1106 +.101244208112E-0002
1107 +.441764609211E+0000
1108 +.963098187742E+0000
1109 +.658559704708E+0000
1110 +.186661612113E+0001
1111 +.419852994186E+0000
1112 +.539234182854E+0000
1113 +.123657920172E+0001
1114 +.657440562838E+0000
1115 +.838751433986E+0000
1116 +.603838148785E+0000
1117 +.178844082006E+0001
1118 +.982421338646E+0000
1119 +.323024219789E+0000
1120 +.233532330457E+0000
1121 +.429866104520E+0000
1122 +.102469651773E+0001
1123 +.724011783485E+0000
1124 +.194991508192E+0001
1125 +.276593762600E-0002
1126 +.585671272803E+0000
1127 +.160064262518E+0001
1128 +.198557169349E+0001
1129 +.872107064227E-0001
1130 +.725467812424E+0000
1131 +.123933791335E+0001
1132 +.609613915321E+0000
1133 +.144963732044E+0001
1134 +.158564406097E+0001
1135 +.170786856711E+0001
1136 +.994990856356E+0000
1137 +.647817315376E+0000
1138 +.153695877671E+0001
1139 +.111987592682E+0001
1140 +.144345821975E+0001
1141 +.230897285021E+0001
1142 +.634163514663E+0000
1143 +.587343907538E+0000
1144 +.417017473981E-0001
1145 +.250365925160E+0000
1146 +.346849512510E+0000
1147 +.900765911126E+0000
1148 +.328762690615E+0000
1149 +.115389979775E+0001
1150 +.874565466003E+0000
1151 +.135560017765E+0001
1152 +.132577115083E+0000
1153 +.615922740835E+0000
1154 +.968942285656E+0000
1155 +.189379723731E+0001
1156 +.176217600724E+0001
1157 +.290865934489E+0000
1158 +.566136600124E+0000
1159 +.136349065089E+0001
1160 +.970145469406E+0000
1161 +.946560791238E+0000
1162 +.906838020627E+0000
1163 +.221510296047E+0001
1164 +.988753992281E-0001
1165 +.528800092029E+0000
1166 +.994590412454E+0000
1167 +.605493203907E+0000
1168 +.167712821794E+0001
1169 +.153084855588E+0000
1170 +.614350393036E+0000
1171 +.158674286798E+0001
1172 +.604428017920E+0000
1173 +.105118019151E+0000
1174 +.373761210143E+0000
1175 +.555548356333E+0000
1176 +.135071577482E+0001
1177 +.751300299527E+0000
1178 +.159770017952E+0001
1179 +.201008436889E+0001
1180 +.782203662412E+0000
1181 +.507966816046E-0001
1182 +.138337406477E+0000
1183 +.883493780205E-0001
1184 +.312713088952E+0000
1185 +.503461481558E+0000
1186 +.100827835681E+0001
1187 +.204632863242E+0000
1188 +.188266940838E+0000
1189 +.194923548872E-0001
1190 +.123922881913E+0000
1191 +.397248948456E+0000
1192 +.620109177899E+0000
1193 +.248452875886E+0000
1194 +.635035991659E+0000
1195 +.890162514430E+0000
1196 +.207955984579E+0001
1197 +.593610367511E+0000
1198 +.140808165651E+0000
1199 +.483732163580E+0000
1200 +.129565997633E+0000
1201 +.560455430004E+0000
1202 +.125029363265E+0001
1203 +.842568006576E+0000
1204 +.586770106907E+0000
1205 +.161127837330E+0001
1206 +.530745527759E-0001
1207 +.433484586946E+0000
1208 +.986565422859E+0000
1209 +.350818442203E+0000
1210 +.117824437093E+0001
1211 +.384726951004E+0000
1212 +.457343037781E+0000
1213 +.256914945659E+0000
1214 +.954041682223E+0000
1215 +.204681566434E+0001
1216 +.499443685232E+0000
1217 +.408413349118E+0000
1218 +.850848119349E-0001
1219 +.280522324137E+0000
1220 +.373746487798E+0000
1221 +.102207914714E+0001
1222 +.370461267076E-0002
1223 +.297278191031E+0000
1224 +.124769931861E+0000
1225 +.332998324608E+0000
1226 +.983108690676E+0000
1227 +.107293705777E+0001
1228 +.181032269703E+0000
1229 +.552970363819E+0000
1230 +.120793220381E+0001
1231 +.102004079097E+0001
1232 +.214331268560E+0001
1233 +.130973249779E+0001
1234 +.104365948007E+0001
1235 +.560679908323E-0001
1236 +.383389486024E+0000
1237 +.837318682968E+0000
1238 +.736313999383E+0000
1239 +.207700882891E+0001
1240 +.990180447920E+0000
1241 +.146849989399E+0001
1242 +.161163602354E+0001
1243 +.226954211567E+0000
1244 +.356684328534E+0000
1245 +.812630861425E+0000
1246 +.599740600344E-0001
1247 +.715149178337E-0001
1248 +.117451027487E+0000
1249 +.294447718914E+0000
1250 +.332191550162E+0000
1251 +.822987911877E+0000
1252 +.108998931349E+0001
1253 +.183986622867E+0001
1254 +.833201198449E+0000
1255 +.670176439331E+0000
1256 +.103705885462E+0001
1257 +.691870071715E+0000
1258 +.184025309356E+0001
1259 +.263679936196E+0000
1260 +.589987481342E+0000
1261 +.169016854419E+0001
1262 +.189563242835E+0001
1263 +.378566981006E+0000
1264 +.981985080209E+0000
1265 +.193283058736E+0001
1266 +.950028313527E+0000
1267 +.100096148820E+0001
1268 +.134062779145E+0001
1269 +.791395661257E+0000
1270 +.155666661869E+0001
1271 +.215536602627E+0001
1272 +.690881041347E+0000
1273 +.312650509940E+0000
1274 +.230284237825E+0000
1275 +.395097400095E+0000
1276 +.982522122800E+0000
1277 +.479146039546E+0000
1278 +.148312487001E+0001
1279 +.435453837380E+0000
1280 +.126435766446E+0000
1281 +.337506389555E+0000
1282 +.658756720992E+0000
1283 +.108110698124E+0001
1284 +.216559677242E+0001
1285 +.128588960413E+0001
1286 +.108432939340E+0001
1287 +.518152473446E-0001
1288 +.385496305744E+0000
1289 +.880435380609E+0000
1290 +.543607786104E+0000
1291 +.167494228032E+0001
1292 +.102864298261E+0001
1293 +.901614301491E-0001
1294 +.433343442888E+0000
1295 +.897051485177E+0000
1296 +.104116109365E+0001
1297 +.245330408443E+0001
1298 +.754780013023E-0001
1299 +.923287642963E+0000
1300 +.329041359142E+0000
1301 +.106374546887E+0000
1302 +.302486693239E+0000
1303 +.426239042626E+0000
1304 +.112877134548E+0001
1305 +.181674572197E+0000
1306 +.752997596262E+0000
1307 +.190715214904E+0000
1308 +.781303571160E+0000
1309 +.105370817791E+0001
1310 +.194105516204E+0001
1311 +.132576562491E+0001
1312 +.141850288816E+0001
1313 +.488599643589E+0000
1314 +.642326750423E+0000
1315 +.185200544106E+0001
1316 +.165179323937E+0001
1317 +.986313578141E+0000
1318 +.699341579610E+0000
1319 +.925902696016E+0000
1320 +.888110868143E+0000
1321 +.224549160677E+0001
1322 +.199924181277E+0000
1323 +.973187308287E+0000
1324 +.147388438560E+0001
1325 +.557680426905E+0000
1326 +.107105934833E+0001
1327 +.221672261538E+0001
1328 +.727950406331E+0000
1329 +.396605593138E+0000
1330 +.286213721704E+0000
1331 +.519386830162E+0000
1332 +.118844240210E+0001
1333 +.990205601574E+0000
1334 +.214508519658E+0001
1335 +.119471791630E+0001
1336 +.855903575689E+0000
1337 +.274237627757E+0000
1338 +.649584736904E+0000
1339 +.133089310690E+0001
1340 +.148424096032E+0001
1341 +.213808655713E+0001
1342 +.970166742063E+0000
1343 +.676704824574E+0000
1344 +.404782530790E+0000
1345 +.775764338057E+0000
1346 +.163172820970E+0001
1347 +.143957373010E+0001
1348 +.121111219889E+0001
1349 +.147988374273E+0001
1350 +.204821341937E+0001
1351 +.987209424500E+0000
1352 +.377574017200E+0000
1353 +.239831645789E+0000
1354 +.437338905518E+0000
1355 +.105884759138E+0001
1356 +.630777043029E+0000
1357 +.174758911347E+0001
1358 +.157966166270E+0000
1359 +.601196167372E+0000
1360 +.164153658775E+0001
1361 +.133590323093E+0001
1362 +.213084726626E+0000
1363 +.535969668523E+0000
1364 +.151782936730E+0001
1365 +.131216799374E+0001
1366 +.706174023677E+0000
1367 +.697118511805E+0000
1368 +.194385266614E+0001
1369 +.102275793822E+0001
1370 +.949763195729E+0000
1371 +.113730874749E+0001
1372 +.102697956321E+0001
1373 +.216480195672E+0001
1374 +.114281348856E+0001
1375 +.875379279041E+0000
1376 +.309871910682E+0000
1377 +.687376425682E+0000
1378 +.146090121222E+0001
1379 +.132813919946E+0001
1380 +.178047566015E+0001
1381 +.180692087932E+0001
1382 +.375843166323E-0001
1383 +.550059195194E+0000
1384 +.146350810515E+0001
1385 +.152457100606E+0001
1386 +.839927695577E+0000
1387 +.309493436301E+0000
1388 +.977680337841E+0000
1389 +.760794221758E-0003
1390 +.291354857951E+0000
1391 +.149094461349E+0000
1392 +.412792458136E+0000
1393 +.119479986305E+0001
1394 +.116197954233E+0001
1395 +.215878268399E+0000
1396 +.876798920911E-0001
1397 +.115923618574E+0000
1398 +.145900935705E+0000
1399 +.453931267505E+0000
1400 +.427429144107E+0000
1401 +.111241084813E+0001
1402 +.204881600656E+0001
1403 +.790289776072E+0000
1404 +.100647589312E+0001
1405 +.131270282620E-0001
1406 +.317182912272E+0000
1407 +.701893240989E+0000
1408 +.536393043492E+0000
1409 +.170160615154E+0001
1410 +.180762632574E+0001
1411 +.280566934854E+0000
1412 +.754765105191E+0000
1413 +.178330895344E+0001
1414 +.163968282618E+0001
1415 +.734741894776E+0000
1416 +.606626413316E+0000
1417 +.112763179127E+0001
1418 +.956145000832E-0001
1419 +.550325072176E+0000
1420 +.198827069762E+0000
1421 +.785575113493E+0000
1422 +.152355550729E+0001
1423 +.144117808605E+0001
1424 +.530253510744E+0000
1425 +.236987001890E-0001
1426 +.205266614185E+0000
1427 +.244812625733E+0000
1428 +.715945745703E+0000
1429 +.272781882457E+0000
1430 +.598820998651E+0000
1431 +.103557180625E+0001
1432 +.147972627730E+0001
1433 +.170742665208E+0000
1434 +.636932690061E+0000
1435 +.139139949496E+0001
1436 +.925631539754E+0000
1437 +.170831401016E+0001
1438 +.223584739166E+0001
1439 +.154981894673E+0000
1440 +.949678075990E+0000
1441 +.967198109321E+0000
1442 +.106500205299E+0001
1443 +.229043950916E+0001
1444 +.701124714457E+0000
1445 +.569012478627E+0000
1446 +.223990638815E+0000
1447 +.541162257782E+0000
1448 +.939619225893E+0000
1449 +.176881105914E+0001
1450 +.197443046410E+0001
1451 +.113994201740E+0000
1452 +.506194143631E+0000
1453 +.126854576104E+0001
1454 +.673835943295E+0000
1455 +.793721725485E+0000
1456 +.711146226844E+0000
1457 +.201583550747E+0001
1458 +.105202839188E+0001
1459 +.126689361695E+0001
1460 +.136807633251E+0001
1461 +.592337573950E+0000
1462 +.121153498266E+0001
1463 +.210177509701E+0001
1464 +.142737922749E+0001
1465 +.105490252345E+0001
1466 +.155981047177E+0000
1467 +.110279182216E+0000
1468 +.171543476832E+0000
1469 +.243176703874E+0000
1470 +.687406472524E+0000
1471 +.140169949064E+0000
1472 +.224577161998E+0000
1473 +.415003370621E+0000
1474 +.597305392454E+0000
1475 +.565352402351E+0000
1476 +.168216792734E+0001
1477 +.121912571769E+0001
1478 +.850076031375E-0001
1479 +.448944855342E+0000
1480 +.112944681967E+0001
1481 +.893188987276E-0002
1482 +.318474058664E+0000
1483 +.494802140923E-0001
1484 +.262341612752E+0000
1485 +.728945378573E+0000
1486 +.279381388884E+0000
1487 +.169883497172E+0000
1488 +.368154779437E+0000
1489 +.709322286595E+0000
1490 +.122433308088E+0001
1491 +.218446074826E+0001
1492 +.147133252408E+0001
1493 +.158259953402E+0001
1494 +.958379695753E+0000
1495 +.632138370040E+0000
1496 +.843001804765E+0000
1497 +.830280442685E+0000
1498 +.220515472019E+0001
1499 +.659315947141E+0000
1500 +.154826464663E+0001
1501 +.188621070194E+0001
1502 +.115492066480E+0001
1503 +.131815341861E+0001
1504 +.100215853278E+0001
1505 +.774679889281E+0000
1506 +.188959523020E+0001
1507 +.651683459931E+0000
1508 +.496206552939E+0000
1509 +.140847642815E+0001
1510 +.501280904688E+0000
1511 +.320697683766E+0000
1512 +.572451591175E+0000
1513 +.140023519702E+0001
1514 +.562559911970E+0000
1515 +.127684511116E+0001
1516 +.197401844998E+0001
1517 +.168532118262E+0001
1518 +.776726030346E+0000
1519 +.595292202680E+0000
1520 +.932811224746E+0000
1521 +.645344620672E+0000
1522 +.183486704527E+0001
1523 +.469000403634E+0000
1524 +.476229025874E+0000
1525 +.103252670625E+0001
1526 +.279828359381E+0000
1527 +.364764721900E+0000
1528 +.272233725271E-0001
1529 +.183315867991E-0001
1530 +.611646001973E-0001
1531 +.284686253374E-0001
1532 +.345597420408E-0001
1533 +.417014795629E-0001
1534 +.131137015100E+0000
1535 +.132706328549E+0000
1536 +.363930603648E+0000
1537 +.748718947657E+0000
1538 +.815146592901E+0000
1539 +.908174207600E+0000
1540 +.221309088313E+0001
1541 +.380177431241E-0001
1542 +.612407508873E+0000
1543 +.114349458299E+0001
1544 +.546523066029E+0000
1545 +.144856444894E+0001
1546 +.970190781929E+0000
1547 +.159451522456E+0001
1548 +.241146812662E+0001
1549 +.453152944005E-0001
1550 +.837793998467E+0000
1551 +.391614846159E+0000
1552 +.239469408485E+0000
1553 +.531520447055E+0000
1554 +.935623235523E+0000
1555 +.176996958638E+0001
1556 +.195891660960E+0001
1557 +.132840500592E+0000
1558 +.495110134709E+0000
1559 +.126720927999E+0001
1560 +.766253723652E+0000
1561 +.929687560043E+0000
1562 +.738387779014E+0000
1563 +.198916403961E+0001
1564 +.280995824010E+0000
1565 +.713274281048E+0000
1566 +.174229025938E+0001
1567 +.170596795257E+0001
1568 +.546189659018E+0000
1569 +.720874947700E+0000
1570 +.158804236426E+0001
1571 +.101787332627E+0001
1572 +.292748917868E+0000
1573 +.675983502829E+0000
1574 +.153532493359E+0001
1575 +.877341252374E+0000
1576 +.136935167062E+0001
1577 +.251034465580E+0001
1578 +.226636634702E+0000
1579 +.989899784780E-0001
1580 +.742927108738E-0001
1581 +.365386556080E-0001
1582 +.941211332691E-0001
1583 +.117663787554E+0000
1584 +.350458876560E+0000
1585 +.183094317498E+0000
1586 +.500358685783E+0000
1587 +.139010208007E+0001
1588 +.101681707206E+0001
1589 +.574129203342E+0000
1590 +.606545942143E+0000
1591 +.881955034562E+0000
1592 +.214981106816E+0001
1593 +.486165717490E-0001
1594 +.593170072678E+0000
1595 +.131986029278E+0001
1596 +.198750086389E+0000
1597 +.556517585702E-0001
1598 +.770223002127E-0002
1599 +.365582829995E-0001
1600 +.362296231688E-0002
1601 +.192724708050E-0002
1602 +.581755788386E-0002
1603 +.154104004591E-0001
1604 +.252450527802E-0001
1605 +.173954251073E-0001
1606 +.416952771781E-0001
1607 +.526490262217E-0001
1608 +.156753698305E+0000
1609 +.805404938341E-0001
1610 +.227536422840E+0000
1611 +.704265289239E+0000
1612 +.102071671307E+0001
1613 +.236828518595E+0000
1614 +.608617843084E+0000
1615 +.132572645134E+0001
1616 +.110413188423E+0001
1617 +.200362977209E+0001
1618 +.184616545927E+0001
1619 +.121506018883E+0001
1620 +.152250360561E+0001
1621 +.762537508547E+0000
1622 +.468330430457E+0000
1623 +.137716830841E+0001
1624 +.433589571682E+0000
1625 +.276296574765E+0000
1626 +.468956327775E+0000
1627 +.123185810919E+0001
1628 +.803796628808E-0001
1629 +.534069961854E+0000
1630 +.389687140101E+0000
1631 +.129039505520E+0001
1632 +.162393114006E+0001
1633 +.144507608275E+0001
1634 +.705877351933E+0000
1635 +.967217977238E-0001
1636 +.384110077074E+0000
1637 +.577769665625E+0000
1638 +.136869039287E+0001
1639 +.923559695553E+0000
1640 +.176340871452E+0001
1641 +.213881050206E+0001
1642 +.252297052348E+0000
1643 +.100318866841E+0001
1644 +.153067801829E+0001
1645 +.456805481410E+0000
1646 +.906452215278E+0000
1647 +.208296709186E+0001
1648 +.239098766938E+0000
1649 +.431680055053E+0000
1650 +.111326657201E+0001
1651 +.466906160805E+0000
1652 +.677220715303E+0000
1653 +.194526718612E+0000
1654 +.786169788303E+0000
1655 +.128133296629E+0001
1656 +.186742654275E+0001
1657 +.861961358641E+0000
1658 +.860034817841E+0000
1659 +.129907780652E+0001
1660 +.687518735689E+0000
1661 +.151370800611E+0001
1662 +.187073609891E+0001
1663 +.127798776549E+0001
1664 +.541716528923E-0001
1665 +.451263942463E+0000
1666 +.870634862340E+0000
1667 +.116618155022E+0001
1668 +.250522749195E+0001
1669 +.277255335415E+0000
1670 +.174779574587E-0001
1671 +.102943534026E+0000
1672 +.131468337711E+0000
1673 +.237090953114E+0000
1674 +.502094062975E+0000
1675 +.729637613514E+0000
1676 +.181296427709E+0001
1677 +.357403374891E+0000
1678 +.636624691920E+0000
1679 +.180323727682E+0001
1680 +.173485816450E+0001
1681 +.814582102984E+0000
1682 +.913389887852E+0000
1683 +.156968243961E+0001
1684 +.628222034868E-0001
1685 +.531977024767E+0000
1686 +.123347547446E+0001
1687 +.415812895323E+0000
1688 +.119017700716E+0001
1689 +.101471588483E+0001
1690 +.210636493231E+0001
1691 +.141928235749E+0001
1692 +.102996567238E+0001
1693 +.117643617285E+0000
1694 +.148481900385E+0000
1695 +.253571867064E+0000
1696 +.372996737881E+0000
1697 +.100174511157E+0001
1698 +.846304487138E-0001
1699 +.517238600053E+0000
1700 +.230041085521E+0000
1701 +.577301178670E+0000
1702 +.135648431233E+0001
1703 +.342325363619E+0000
1704 +.469852392244E+0000
1705 +.140996035208E+0001
1706 +.159578925248E+0001
1707 +.105763259672E+0001
1708 +.454016851160E-0001
1709 +.232872808357E+0000
1710 +.200795341083E+0000
1711 +.648307507279E+0000
1712 +.661142458898E+0000
1713 +.154647337707E+0001
1714 +.201192810152E+0001
1715 +.115022062365E-0001
1716 +.622222962953E+0000
1717 +.963228772158E+0000
1718 +.887391643589E+0000
1719 +.214558157692E+0001
1720 +.390336719831E+0000
1721 +.219979956012E+0000
1722 +.574423610427E+0000
1723 +.218771786856E+0000
1724 +.842850807188E+0000
1725 +.150549368063E+0001
1726 +.168310846333E+0001
1727 +.906975302329E+0000
1728 +.428938758124E+0000
1729 +.477767167259E+0000
1730 +.662238087944E+0000
1731 +.178380480808E+0001
1732 +.448735923024E+0000
1733 +.374059381779E+0000
1734 +.774101615332E+0000
1735 +.273605892520E-0001
1736 +.152192512823E+0000
1737 +.241598592799E+0000
1738 +.553276702432E+0000
1739 +.364663097151E+0000
1740 +.903061248041E+0000
1741 +.157433302910E+0001
1742 +.152719362916E+0001
1743 +.811366987560E+0000
1744 +.494602482808E-0001
1745 +.155577422533E+0000
1746 +.198605205363E+0000
1747 +.516953211396E+0000
1748 +.250554409423E+0000
1749 +.951909803409E+0000
1750 +.202633438353E+0001
1751 +.584057714651E+0000
1752 +.547542134808E+0000
1753 +.173900646250E+0000
1754 +.461533673227E+0000
1755 +.744733880070E+0000
1756 +.161170795186E+0001
1757 +.143213159149E+0001
1758 +.129495534463E+0001
1759 +.153616523177E+0001
1760 +.186555877948E+0001
1761 +.985943397309E+0000
1762 +.202898429879E+0000
1763 +.674457987148E+0000
1764 +.674295318934E+0000
1765 +.188841220926E+0001
1766 +.739983199080E+0000
1767 +.617669312376E+0000
1768 +.108208720688E+0001
1769 +.376393416613E+0000
1770 +.117915248122E+0001
1771 +.274470410335E+0000
1772 +.932634642412E+0000
1773 +.588852801009E+0000
1774 +.171237793419E+0001
1775 +.399132200355E+0000
1776 +.274342692494E+0000
1777 +.528578133529E+0000
1778 +.142496698982E+0000
1779 +.618646713519E+0000
1780 +.144067644264E+0001
1781 +.561645759762E+0000
1782 +.382831421551E+0000
1783 +.118016448946E+0001
1784 +.902063719087E+0000
1785 +.132073091008E+0001
1786 +.297765971419E+0000
1787 +.886737535641E+0000
1788 +.129744765616E+0001
1789 +.233611616476E+0001
1790 +.105781851378E+0001
1791 +.153178602349E+0001
1792 +.988323659518E+0000
1793 +.685423041155E+0000
1794 +.858593011477E+0000
1795 +.936321915140E+0000
1796 +.233714491462E+0001
1797 +.350750848611E+0000
1798 +.137571598003E+0001
1799 +.925130185095E+0000
1800 +.493959799985E+0000
1801 +.135540038718E+0001
1802 +.428059601939E+0000
1803 +.110561517217E+0001
1804 +.162003792534E+0001
1805 +.224635347807E+0001
1806 +.338431539150E+0000
1807 +.671727717062E-0001
1808 +.172800821441E+0000
1809 +.313026243929E+0000
1810 +.569195831028E+0000
1811 +.114500504091E+0001
1812 +.162868341289E+0001
1813 +.239326435102E+0001
1814 +.128588205043E-0001
1815 +.749580496124E+0000
1816 +.215836588786E+0000
1817 +.928620390686E-0001
1818 +.212025210433E+0000
1819 +.446729297984E+0000
1820 +.635550429527E+0000
1821 +.164505558701E+0001
1822 +.128036774148E+0000
1823 +.603685787009E+0000
1824 +.148866171971E+0001
1825 +.937022609579E-0001
1826 +.321799476762E+0000
1827 +.566922023642E+0000
1828 +.883727931570E+0000
1829 +.200446934581E+0001
1830 +.860139669693E+0000
1831 +.120629867605E+0000
1832 +.500247357589E+0000
1833 +.337521149897E+0000
1834 +.115443145818E+0001
1835 +.169768074521E+0001
1836 +.164423012769E+0001
1837 +.142983846915E+0001
1838 +.769392626027E+0000
1839 +.102732654739E+0000
1840 +.179502109971E-0001
1841 +.169953978733E-0001
1842 +.477210166516E-0001
1843 +.832432607693E-0001
1844 +.153975674771E+0000
1845 +.548798960239E-0001
1846 +.230831141426E+0000
1847 +.630857531535E+0000
1848 +.179627203015E+0000
1849 +.897720110599E-0001
1850 +.189389633105E+0000
1851 +.428244197433E+0000
1852 +.473341019470E+0000
1853 +.144576313895E+0001
1854 +.130407691939E+0001
1855 +.982815996135E+0000
1856 +.630408820171E+0000
1857 +.165000333588E+0001
1858 +.474647568725E+0000
1859 +.856616955731E+0000
1860 +.214765930267E+0001
1861 +.667567161120E+0000
1862 +.138568461553E+0001
1863 +.204097078764E+0001
1864 +.105976396728E+0001
1865 +.173387493706E+0001
1866 +.128148349601E+0001
1867 +.619272116107E+0000
1868 +.279465863035E+0000
1869 +.628104981799E+0000
1870 +.120974554091E+0001
1871 +.173883074882E+0001
1872 +.224487857437E+0001
1873 +.296120653831E+0000
1874 +.123027342120E+0001
1875 +.940813416465E+0000
1876 +.747637689779E+0000
1877 +.185430172050E+0001
1878 +.525160798544E+0000
1879 +.581487980585E+0000
1880 +.165618663270E+0001
1881 +.121356002413E+0001
1882 +.151058127001E+0000
1883 +.509504109334E+0000
1884 +.130599949723E+0001
1885 +.143252788004E+0000
1886 +.127487694666E+0000
1887 +.857510613774E-0001
1888 +.280735480678E+0000
1889 +.227664584604E+0000
1890 +.636058836212E+0000
1891 +.153858116622E+0001
1892 +.577199876501E-0001
1893 +.444787827223E+0000
1894 +.126401445510E+0001
1895 +.164789940501E+0001
1896 +.140394649529E+0001
1897 +.726340255778E+0000
1898 +.170766071095E+0000
1899 +.506504029946E+0000
1900 +.855453299552E+0000
1901 +.168753636389E+0001
1902 +.185652758697E+0001
1903 +.688721777815E+0000
1904 +.351601212622E+0000
1905 +.102239471306E+0001
1906 +.970700948501E-0003
1907 +.309112593859E+0000
1908 +.838928575611E-0001
1909 +.193274498716E+0000
1910 +.573973861142E+0000
1911 +.642687947303E+0000
1912 +.488674345689E+0000
1913 +.955587335826E+0000
1914 +.172927023999E+0001
1915 +.201914605144E+0001
1916 +.245080907410E+0000
1917 +.384179912910E+0000
1918 +.953996714592E+0000
1919 +.115691759331E+0000
1920 +.107050864324E-0001
1921 +.285115771030E-0001
1922 +.100216251278E+0000
1923 +.308353316173E+0000
1924 +.396697733342E+0000
1925 +.324537396675E+0000
1926 +.682560324696E+0000
1927 +.112427043193E+0001
1928 +.215269888696E+0001
1929 +.143873640907E+0001
1930 +.130014493017E+0001
1931 +.418297524277E+0000
1932 +.815009807306E-0001
1933 +.668174440924E-0001
1934 +.398855287730E-0001
1935 +.158719707553E+0000
1936 +.492186402620E+0000
1937 +.651183431213E+0000
1938 +.410918268603E+0000
1939 +.872817634217E+0000
1940 +.146115300995E+0001
1941 +.226836559981E+0001
1942 +.947999626192E+0000
1943 +.107882574481E+0001
1944 +.106146546421E-0002
1945 +.324781000017E+0000
1946 +.750380274380E+0000
1947 +.360194261905E+0000
1948 +.126237028855E+0001
1949 +.161945598673E+0001
1950 +.150933732259E+0001
1951 +.812695510164E+0000
1952 +.814893346441E-0002
1953 +.229589101612E+0000
1954 +.328538886351E+0000
1955 +.802397501843E+0000
1956 +.607515199508E+0000
1957 +.184314704223E+0001
1958 +.138455168953E+0001
1959 +.690368023009E+0000
1960 +.412502048021E-0001
1961 +.293093017956E+0000
1962 +.253988910752E+0000
1963 +.850238970085E+0000
1964 +.121614997560E+0001
1965 +.197873820939E+0001
1966 +.120296846488E+0001
1967 +.155594052342E+0001
1968 +.921434126834E+0000
1969 +.326606554554E+0000
1970 +.996144635435E+0000
1971 +.318995109306E+0000
1972 +.108485148003E+0001
1973 +.195955264080E+0000
1974 +.134980868390E+0000
1975 +.481459128091E-0001
1976 +.208232105328E+0000
1977 +.671653302233E+0000
1978 +.115416355147E+0001
1979 +.145508632683E+0000
1980 +.199902757553E+0000
1981 +.413730907734E+0000
1982 +.244091272741E+0000
1983 +.910004254425E+0000
1984 +.202697931059E+0001
1985 +.317100959109E+0000
1986 +.138113930206E-0001
1987 +.831751384247E-0001
1988 +.148633881610E+0000
1989 +.227979985745E+0000
1990 +.590938574743E+0000
1991 +.238173389750E+0000
1992 +.924061467097E+0000
1993 +.185513544130E+0001
1994 +.107775708491E+0001
1995 +.102227301982E+0001
1996 +.502477754141E+0000
1997 +.814237801400E+0000
1998 +.201107497712E+0001
1999 +.709407319032E-0001
