1 +.217745245405E-0601
2  .*E-0014           
3  .*E-0013           
4  .*E-0013           
5  .*E-0012           
6  .*E-0012           
7  .*E-0012           
8  .*E-0012           
9  .*E-0011           
10  .*E-0011           
11  .*E-0011           
12  .*E-0011           
13  .*E-0011           
14  .*E-0010           
15  .*E-0010           
16  .*E-0010           
17  .*E-0009           
18  .*E-0009           
19  .*E-0009           
20  .*E-0009           
21  .*E-0009           
22  .*E-0009           
23  .*E-0008           
24  .*E-0008           
25  .*E-0008           
26  .*E-0007           
27  .*E-0007           
28  .*E-0007           
29  .*E-0006           
30  .*E-0006           
31  .*E-0006           
32  .*E-0006           
33  .*E-0005           
34  .*E-0005           
35  .*E-0005           
36  .*E-0005           
37  .*E-0004           
38  .*E-0004           
39  .*E-0004           
40  .*E-0004           
41  .*E-0003           
42  .*E-0003           
43  .*E-0003           
44  .*E-0003           
45  .*E-0003           
46  .*E-0002           
47  .*E-0002           
48  .*E-0002           
49  .*E-0002           
50  .*E-0001           
51  .*E-0001           
52  .*E-0001           
53  .*E-0001           
54 +.722468823025E-0591
55 +.439243278145E-0591
56 +.169479985981E-0590
57 +.451436955467E-0590
58 +.274426826096E-0591
59 +.811979456079E-0591
60 +.618249731700E-0591
61 +.211111361205E-0590
62 +.298824809190E-0590
63 +.706493142148E-0590
64 +.595194770177E-0590
65 +.163495934988E-0589
66 +.359035679228E-0589
67 +.336528877637E-0589
68 +.623199069154E-0589
69 +.131557489834E-0588
70 +.197644381836E-0588
71 +.525591023076E-0588
72 +.155624703647E-0588
73 +.705644383392E-0588
74 +.231300052601E-0587
75 +.422453199930E-0587
76 +.539007803998E-0588
77 +.247308850538E-0587
78 +.111532503300E-0587
79 +.453039436097E-0587
80 +.125916924450E-0586
81 +.452542237033E-0587
82 +.487696801011E-0587
83 +.572690565870E-0587
84 +.184857724585E-0586
85 +.232160010941E-0586
86 +.590425055583E-0586
87 +.800973866970E-0586
88 +.186330675327E-0585
89 +.141264749341E-0585
90 +.392017302343E-0585
91 +.934914621388E-0585
92 +.484232655499E-0585
93 +.117383817508E-0584
94 +.166102519260E-0584
95 +.453754960522E-0584
96 +.556247498269E-0585
97 +.333919692582E-0584
98 +.115810881549E-0583
99 +.278943280766E-0583
100 +.300174278102E-0583
101 +.411795015581E-0583
102 +.564537018431E-0583
103 +.160904274803E-0582
104 +.339701928138E-0583
105 +.719615677839E-0583
106 +.245881217482E-0582
107 +.628793517583E-0582
108 +.901738690592E-0582
109 +.886424845862E-0582
110 +.177237909950E-0581
111 +.331860279259E-0581
112 +.658824165519E-0581
113 +.118750920060E-0580
114 +.255369404517E-0580
115 +.374559248704E-0580
116 +.101841655869E-0579
117 +.150020299839E-0580
118 +.838644265906E-0580
119 +.289286089193E-0579
120 +.681784269652E-0579
121 +.650592029933E-0579
122 +.951649801015E-0579
123 +.112096308937E-0578
124 +.349139037116E-0578
125 +.314743078467E-0578
126 +.889902698162E-0578
127 +.212384284537E-0577
128 +.109496915025E-0577
129 +.265910061187E-0577
130 +.375195094392E-0577
131 +.102721927468E-0576
132 +.110394536704E-0577
133 +.700901043558E-0577
134 +.244018684785E-0576
135 +.596611804805E-0576
136 +.693998782002E-0576
137 +.897419283592E-0576
138 +.136139795712E-0575
139 +.359058931891E-0575
140 +.116067232927E-0575
141 +.515108425410E-0575
142 +.166351262460E-0574
143 +.278662218887E-0574
144 +.105904050392E-0574
145 +.313305646508E-0574
146 +.224591153471E-0574
147 +.826455685699E-0574
148 +.186113907163E-0573
149 +.171712089271E-0573
150 +.320710663926E-0573
151 +.669523878045E-0573
152 +.103763018239E-0572
153 +.268031939573E-0572
154 +.129462106698E-0572
155 +.526997630221E-0572
156 +.156307108300E-0571
157 +.138509381532E-0571
158 +.171951098690E-0571
159 +.267895704698E-0571
160 +.696583270324E-0571
161 +.286917828870E-0571
162 +.120697056155E-0570
163 +.372848619267E-0570
164 +.465246000971E-0570
165 +.441700667357E-0570
166 +.911208865892E-0570
167 +.161869401918E-0569
168 +.350104625324E-0569
169 +.504142587308E-0569
170 +.139137411637E-0568
171 +.610676091976E-0570
172 +.635018322084E-0569
173 +.224756645674E-0568
174 +.580289759758E-0568
175 +.872993487077E-0568
176 +.775120165545E-0568
177 +.165124164811E-0567
178 +.274209216851E-0567
179 +.648089873627E-0567
180 +.648409639675E-0567
181 +.218718043689E-0566
182 +.343728893556E-0566
183 +.739864804455E-0566
184 +.225244925756E-0566
185 +.544891761113E-0566
186 +.163713574830E-0565
187 +.191927564901E-0565
188 +.197767441329E-0565
189 +.384079602724E-0565
190 +.759547129135E-0565
191 +.135588896853E-0564
192 +.295711751425E-0564
193 +.414506022310E-0564
194 +.116842134620E-0563
195 +.124822251049E-0564
196 +.936788598701E-0565
197 +.299437403865E-0564
198 +.806212463812E-0564
199 +.142421650945E-0563
200 +.684879562593E-0564
201 +.185986425341E-0563
202 +.170729419459E-0563
203 +.585313619274E-0563
204 +.983270296614E-0563
205 +.195670789398E-0562
206 +.135320960175E-0563
207 +.105349694385E-0562
208 +.329501710607E-0562
209 +.419867265808E-0562
210 +.386473262544E-0562
211 +.813283644782E-0562
212 +.138899667160E-0561
213 +.317256103912E-0561
214 +.373805138427E-0561
215 +.117342676054E-0560
216 +.111546209822E-0560
217 +.312611843826E-0560
218 +.709049321177E-0560
219 +.554760964041E-0560
220 +.113868510570E-0559
221 +.208100931620E-0559
222 +.426887225921E-0559
223 +.712865429021E-0559
224 +.170020050301E-0558
225 +.161697623667E-0558
226 +.555677315041E-0558
227 +.964486083652E-0558
228 +.183429100777E-0557
229 +.474547320742E-0558
230 +.217196028546E-0557
231 +.639240668420E-0557
232 +.513226857993E-0557
233 +.655941959060E-0557
234 +.957894657031E-0557
235 +.263411176828E-0556
236 +.104380554942E-0557
237 +.116192501308E-0556
238 +.410623024219E-0556
239 +.104986296569E-0555
240 +.151251601003E-0555
241 +.147407739826E-0555
242 +.296479228368E-0555
243 +.549408685503E-0555
244 +.111046647456E-0554
245 +.192231701973E-0554
246 +.438035257276E-0554
247 +.521321596391E-0554
248 +.162834567308E-0553
249 +.148007817075E-0553
250 +.418324823101E-0553
251 +.994297739571E-0553
252 +.534999533187E-0553
253 +.127972622699E-0552
254 +.184546167150E-0552
255 +.496720451209E-0552
256 +.110499893835E-0552
257 +.540064531023E-0552
258 +.181852438446E-0551
259 +.382822978312E-0551
260 +.154390378264E-0551
261 +.218819232731E-0551
262 +.130869889788E-0551
263 +.507161664359E-0551
264 +.136811683009E-0550
265 +.204444799382E-0551
266 +.833977407837E-0553
267 +.542075501216E-0552
268 +.161475407399E-0551
269 +.229010920491E-0551
270 +.536426443546E-0551
271 +.423128085891E-0551
272 +.117016765870E-0550
273 +.270864919014E-0550
274 +.183679932598E-0550
275 +.402115037278E-0550
276 +.664963780930E-0550
277 +.156624056405E-0549
278 +.159647150485E-0549
279 +.534616023954E-0549
280 +.805967003267E-0549
281 +.180688653015E-0548
282 +.947321903504E-0549
283 +.259898554177E-0548
284 +.723835960700E-0548
285 +.363247009159E-0548
286 +.456312468402E-0548
287 +.548443838051E-0548
288 +.172323028027E-0547
289 +.172094747223E-0547
290 +.476486358525E-0547
291 +.101477836694E-0546
292 +.109130697176E-0546
293 +.182016557782E-0546
294 +.433237840335E-0546
295 +.399428686403E-0546
296 +.138551801370E-0545
297 +.251482749552E-0545
298 +.445060444220E-0545
299 +.234493591117E-0545
300 +.911252128883E-0545
301 +.229242479004E-0544
302 +.720315339623E-0545
303 +.207663032360E-0544
304 +.244034642810E-0544
305 +.746777638827E-0544
306 +.533355648356E-0544
307 +.154221776016E-0543
308 +.435400541705E-0543
309 +.259646479812E-0543
310 +.337216998110E-0543
311 +.425123795137E-0543
312 +.129593881628E-0542
313 +.961446286827E-0543
314 +.277444214682E-0542
315 +.765858265837E-0542
316 +.324688923883E-0542
317 +.384226448468E-0542
318 +.449931978123E-0542
319 +.144094758261E-0541
320 +.168837940890E-0541
321 +.443584637339E-0541
322 +.719576122686E-0541
323 +.141941191395E-0540
324 +.147287014379E-0541
325 +.933386902587E-0541
326 +.289807454997E-0540
327 +.356784484333E-0540
328 +.345051318663E-0540
329 +.702814484217E-0540
330 +.127904120273E-0539
331 +.266558077037E-0539
332 +.427576451146E-0539
333 +.106758072674E-0538
334 +.737286376056E-0539
335 +.277560375869E-0538
336 +.692338743124E-0538
337 +.253327966573E-0538
338 +.691456667237E-0538
339 +.852204125394E-0538
340 +.254486482346E-0537
341 +.133415063570E-0537
342 +.380961833893E-0537
343 +.120267395357E-0536
344 +.190869990468E-0536
345 +.991206631960E-0537
346 +.265565217684E-0536
347 +.243331740311E-0536
348 +.835701988402E-0536
349 +.141909781631E-0535
350 +.278360364116E-0535
351 +.365656080918E-0536
352 +.209338666232E-0535
353 +.643736135310E-0535
354 +.744033543355E-0535
355 +.775467753143E-0535
356 +.149123493261E-0534
357 +.299686044712E-0534
358 +.516009068395E-0534
359 +.118365561294E-0533
360 +.136845679504E-0533
361 +.433761359164E-0533
362 +.447839171296E-0533
363 +.123035731765E-0532
364 +.251401122677E-0532
365 +.313719838085E-0532
366 +.446125352436E-0532
367 +.121847272773E-0531
368 +.107774678490E-0532
369 +.748772681453E-0532
370 +.260968246822E-0531
371 +.637894468238E-0531
372 +.741213422120E-0531
373 +.959377227991E-0531
374 +.145331838328E-0530
375 +.383770626730E-0530
376 +.121023723765E-0530
377 +.540218899571E-0530
378 +.175077412897E-0529
379 +.299469472324E-0529
380 +.968316360128E-0530
381 +.301926778297E-0529
382 +.195414719054E-0529
383 +.736476316848E-0529
384 +.178043002070E-0528
385 +.978761685012E-0529
386 +.231924132891E-0528
387 +.339894933820E-0528
388 +.902583779334E-0528
389 +.281157146448E-0528
390 +.125919044117E-0527
391 +.409604369641E-0527
392 +.716171482873E-0527
393 +.186858033518E-0527
394 +.627734485340E-0527
395 +.362745763345E-0527
396 +.140117355820E-0526
397 +.359454037601E-0526
398 +.694740352431E-0527
399 +.243933687511E-0526
400 +.258503358148E-0526
401 +.826219566701E-0526
402 +.873192118746E-0526
403 +.238205774453E-0525
404 +.469471013619E-0525
405 +.650875294608E-0525
406 +.786558697877E-0525
407 +.237362027816E-0524
408 +.151430191039E-0524
409 +.437441785292E-0524
410 +.129426940767E-0523
411 +.127276690470E-0523
412 +.151103491007E-0523
413 +.253046610901E-0523
414 +.611318437783E-0523
415 +.519237759512E-0523
416 +.184913898678E-0522
417 +.377966167417E-0522
418 +.510601664000E-0522
419 +.644409506494E-0522
420 +.189857596966E-0521
421 +.862364149316E-0522
422 +.241245197014E-0521
423 +.781232318141E-0521
424 +.144659052074E-0520
425 +.126152218493E-0521
426 +.716713669672E-0521
427 +.298158860985E-0521
428 +.123066583260E-0520
429 +.347069385944E-0520
430 +.162694567457E-0520
431 +.199545213016E-0520
432 +.238258703749E-0520
433 +.753018544585E-0520
434 +.792276038963E-0520
435 +.216273422891E-0519
436 +.428016782830E-0519
437 +.586820510424E-0519
438 +.723525399456E-0519
439 +.216034287960E-0518
440 +.120124493036E-0518
441 +.344484401385E-0518
442 +.106687972880E-0517
443 +.149358777475E-0517
444 +.115930762931E-0517
445 +.267226050229E-0517
446 +.370611978562E-0517
447 +.103852227825E-0516
448 +.615655723388E-0518
449 +.922646499520E-0518
450 +.350028412493E-0517
451 +.933646052780E-0517
452 +.162463808699E-0516
453 +.855417412009E-0517
454 +.225593135024E-0516
455 +.222489689860E-0516
456 +.743962139103E-0516
457 +.109227159654E-0515
458 +.250569918764E-0515
459 +.164749021194E-0515
460 +.458421767093E-0515
461 +.117981733091E-0514
462 +.707332222855E-0516
463 +.493995636195E-0515
464 +.462255907502E-0515
465 +.153286521127E-0514
466 +.203574734126E-0514
467 +.502141965266E-0514
468 +.566794780194E-0514
469 +.145113756250E-0513
470 +.210584100557E-0513
471 +.465650196396E-0513
472 +.213314940603E-0513
473 +.574719247525E-0513
474 +.165233933971E-0512
475 +.125390578503E-0512
476 +.162325537922E-0512
477 +.228477491301E-0512
478 +.646332557700E-0512
479 +.104854472490E-0512
480 +.178200589491E-0512
481 +.606008335831E-0512
482 +.158888622177E-0511
483 +.253798559256E-0511
484 +.191000557141E-0511
485 +.441517530729E-0511
486 +.610252611368E-0511
487 +.171279544376E-0510
488 +.120815703573E-0511
489 +.835951775113E-0512
490 +.336697482972E-0511
491 +.897318525383E-0511
492 +.156703081900E-0510
493 +.809247773680E-0511
494 +.214772084563E-0510
495 +.208485945980E-0510
496 +.701167833345E-0510
497 +.106384175104E-0509
498 +.237041936785E-0509
499 +.116098427378E-0509
500 +.315822443819E-0509
501 +.894056900436E-0509
502 +.564470715399E-0509
503 +.736334983688E-0509
504 +.948997361588E-0509
505 +.285277995415E-0508
506 +.179218073226E-0508
507 +.517842348874E-0508
508 +.154467001483E-0507
509 +.162870417018E-0507
510 +.184787391036E-0507
511 +.327325656354E-0507
512 +.739639821461E-0507
513 +.887718765952E-0507
514 +.275843401100E-0506
515 +.238744465364E-0506
516 +.679901416133E-0506
517 +.168988810664E-0505
518 +.475570820659E-0506
519 +.143047686108E-0505
520 +.162343085884E-0505
521 +.505072735067E-0505
522 +.426869585753E-0505
523 +.121904644774E-0504
524 +.308645604220E-0504
525 +.518781195456E-0505
526 +.194682799341E-0504
527 +.200458801982E-0504
528 +.647627311784E-0504
529 +.739700487902E-0504
530 +.196501827913E-0503
531 +.337656009924E-0503
532 +.616017820837E-0503
533 +.256936988540E-0503
534 +.105011190793E-0502
535 +.285815540253E-0502
536 +.589821452130E-0503
537 +.296732960100E-0503
538 +.431118422277E-0503
539 +.139108123639E-0502
540 +.196259469836E-0502
541 +.463699868147E-0502
542 +.389658714590E-0502
543 +.107068843844E-0501
544 +.235636048393E-0501
545 +.218466195469E-0501
546 +.407466822179E-0501
547 +.852297307058E-0501
548 +.131406936420E-0500
549 +.341146874717E-0500
550 +.153990794094E-0500
551 +.635778544705E-0500
552 +.192416383148E-0499
553 +.204387001633E-0499
554 +.229743919171E-0499
555 +.410977867255E-0499
556 +.917083676001E-0499
557 +.115687615469E-0498
558 +.349590054066E-0498
559 +.223045028034E-0498
560 +.645313910423E-0498
561 +.191899993899E-0497
562 +.197114484259E-0497
563 +.227804854168E-0497
564 +.394942760590E-0497
565 +.916613301757E-0497
566 +.976097675098E-0497
567 +.320976288906E-0496
568 +.432687289437E-0496
569 +.105735971903E-0495
570 +.112446038293E-0495
571 +.293957812319E-0495
572 +.480743450158E-0495
573 +.939324325330E-0495
574 +.135617986584E-0495
575 +.748480448182E-0495
576 +.229722196723E-0494
577 +.262720379669E-0494
578 +.276820019012E-0494
579 +.527352951177E-0494
580 +.107556579561E-0493
581 +.178767255031E-0493
582 +.428599874569E-0493
583 +.395172008079E-0493
584 +.137242439571E-0492
585 +.250914374274E-0492
586 +.438415521971E-0492
587 +.250182800132E-0492
588 +.955583201593E-0492
589 +.231864017113E-0491
590 +.122216264554E-0491
591 +.294043591784E-0491
592 +.421374580857E-0491
593 +.113960757374E-0490
594 +.217131782640E-0491
595 +.111169644657E-0490
596 +.378240815517E-0490
597 +.837317725685E-0490
598 +.529833357774E-0490
599 +.828978942689E-0490
600 +.633675483337E-0490
601 +.230664372160E-0489
602 +.511929504921E-0489
603 +.506816201929E-0489
604 +.901864408167E-0489
605 +.199871383970E-0488
606 +.256223322411E-0488
607 +.766360786936E-0488
608 +.426220199171E-0488
609 +.122419255523E-0487
610 +.380976125881E-0487
611 +.550846185326E-0487
612 +.394962416475E-0487
613 +.942464342006E-0487
614 +.119404157766E-0486
615 +.355340868324E-0486
616 +.180627965748E-0486
617 +.514076467726E-0486
618 +.163535889587E-0485
619 +.272156724638E-0485
620 +.109264226177E-0485
621 +.317637986985E-0485
622 +.236738807532E-0485
623 +.862749150061E-0485
624 +.188049169076E-0484
625 +.202462154470E-0484
626 +.336656585661E-0484
627 +.803511667229E-0484
628 +.728797571194E-0484
629 +.254162362176E-0483
630 +.473211846445E-0483
631 +.799144364206E-0483
632 +.545195269863E-0483
633 +.199945312218E-0482
634 +.435030570645E-0482
635 +.470769328037E-0482
636 +.779460615611E-0482
637 +.186843101401E-0481
638 +.165096772695E-0481
639 +.580587987287E-0481
640 +.112300423270E-0480
641 +.175045784712E-0480
642 +.160691289966E-0480
643 +.542774859739E-0480
644 +.840037834968E-0480
645 +.183329613451E-0479
646 +.690663663363E-0480
647 +.178491831795E-0479
648 +.527023310095E-0479
649 +.524890870694E-0479
650 +.618442821535E-0479
651 +.104636056493E-0478
652 +.249893846114E-0478
653 +.228091847514E-0478
654 +.794250919545E-0478
655 +.146929958177E-0477
656 +.251204163773E-0477
657 +.161455717249E-0477
658 +.600478613916E-0477
659 +.136199844602E-0476
660 +.120523465545E-0476
661 +.231049764408E-0476
662 +.465923052520E-0476
663 +.788467687073E-0476
664 +.184824415171E-0475
665 +.192860183097E-0475
666 +.640002436254E-0475
667 +.914156516450E-0475
668 +.214455319256E-0474
669 +.170327523542E-0474
670 +.470771700060E-0474
671 +.108421240312E-0473
672 +.763649788490E-0474
673 +.164503746495E-0473
674 +.279035965899E-0473
675 +.637113710452E-0473
676 +.751800689710E-0473
677 +.235791378719E-0472
678 +.222367549446E-0472
679 +.624197822473E-0472
680 +.142820852020E-0471
681 +.105481250963E-0471
682 +.222518039764E-0471
683 +.389942030128E-0471
684 +.852348332846E-0471
685 +.118554705262E-0470
686 +.336011459985E-0470
687 +.492064569376E-0471
688 +.740634389430E-0471
689 +.251141798133E-0470
690 +.669839273761E-0470
691 +.114837195210E-0469
692 +.652649099659E-0470
693 +.167798202026E-0469
694 +.176593381865E-0469
695 +.575731955341E-0469
696 +.721410995156E-0469
697 +.183854879676E-0468
698 +.252281023944E-0468
699 +.582232770383E-0468
700 +.412564508292E-0468
701 +.114815356075E-0467
702 +.285212099876E-0467
703 +.804816522862E-0468
704 +.241798468703E-0467
705 +.274808102659E-0467
706 +.854379292556E-0467
707 +.717362763027E-0467
708 +.205025667405E-0466
709 +.521810787291E-0466
710 +.706031832639E-0467
711 +.295838412450E-0466
712 +.296229581769E-0466
713 +.965497494998E-0466
714 +.116719229659E-0465
715 +.302713020845E-0465
716 +.457752100072E-0465
717 +.974637608755E-0465
718 +.249751679694E-0465
719 +.561611584457E-0465
720 +.170275498613E-0464
721 +.218421095428E-0464
722 +.200037932170E-0464
723 +.422382826803E-0464
724 +.716260895457E-0464
725 +.165107273069E-0463
726 +.186835104466E-0463
727 +.598268772498E-0463
728 +.669397081609E-0463
729 +.179251645038E-0462
730 +.321038596044E-0462
731 +.547537960553E-0462
732 +.356381228168E-0462
733 +.132218126482E-0461
734 +.298149773009E-0461
735 +.272390818177E-0461
736 +.512063579627E-0461
737 +.105995951553E-0460
738 +.168065562572E-0460
739 +.424294640442E-0460
740 +.264778436323E-0460
741 +.102038405306E-0459
742 +.271333246415E-0459
743 +.126002278812E-0460
744 +.564930505846E-0460
745 +.451561594439E-0460
746 +.153221535936E-0459
747 +.215332288612E-0459
748 +.511671163097E-0459
749 +.447739576781E-0459
750 +.122356278491E-0458
751 +.259425240766E-0458
752 +.283987897698E-0458
753 +.466019017494E-0458
754 +.112749640153E-0457
755 +.939065324023E-0458
756 +.336178178480E-0457
757 +.701554267463E-0457
758 +.888373255144E-0457
759 +.123625606021E-0456
760 +.342683773445E-0456
761 +.441281495033E-0458
762 +.870973759005E-0457
763 +.312403162119E-0456
764 +.810381617692E-0456
765 +.124649366075E-0455
766 +.104715934500E-0455
767 +.229811254973E-0455
768 +.358279374654E-0455
769 +.907230744497E-0455
770 +.551536378977E-0455
771 +.213754382611E-0454
772 +.576110590021E-0454
773 +.808503722516E-0455
774 +.137360687893E-0455
775 +.125083141757E-0455
776 +.337127457779E-0455
777 +.474157400870E-0455
778 +.111061242040E-0454
779 +.880454364062E-0455
780 +.243381906480E-0454
781 +.561239526061E-0454
782 +.391596147001E-0454
783 +.847003962314E-0454
784 +.142755865651E-0453
785 +.328583916424E-0453
786 +.374341222049E-0453
787 +.119470548153E-0452
788 +.130268232791E-0452
789 +.351976488111E-0452
790 +.660221789909E-0452
791 +.102963201769E-0451
792 +.945262856592E-0452
793 +.319432634754E-0451
794 +.495908045442E-0451
795 +.107893717327E-0450
796 +.388824815736E-0451
797 +.993090419779E-0451
798 +.294585774990E-0450
799 +.306405472534E-0450
800 +.351011568683E-0450
801 +.614969831008E-0450
802 +.140902596597E-0449
803 +.159335022604E-0449
804 +.510096200792E-0449
805 +.569625752742E-0449
806 +.152639055536E-0448
807 +.274347642805E-0448
808 +.464972012763E-0448
809 +.312078837729E-0448
810 +.114950993564E-0447
811 +.253755641934E-0447
812 +.257653817534E-0447
813 +.449882150590E-0447
814 +.101900851655E-0446
815 +.119916774051E-0446
816 +.376246863826E-0446
817 +.355883995065E-0446
818 +.998350915030E-0446
819 +.227654943935E-0445
820 +.172035436619E-0445
821 +.359074518575E-0445
822 +.639684588056E-0445
823 +.136531380422E-0444
824 +.204714041405E-0444
825 +.545901238046E-0444
826 +.151849696872E-0444
827 +.699230271915E-0444
828 +.230911600452E-0443
829 +.439438555843E-0443
830 +.437657672416E-0445
831 +.122004268481E-0443
832 +.381341374833E-0444
833 +.167071869090E-0443
834 +.482399521799E-0443
835 +.311641678987E-0443
836 +.405731399387E-0443
837 +.530653186164E-0443
838 +.158071058664E-0442
839 +.878430037668E-0443
840 +.252068624119E-0442
841 +.782498956306E-0442
842 +.111287340277E-0441
843 +.832254064079E-0442
844 +.195068077474E-0441
845 +.259165575531E-0441
846 +.748443594432E-0441
847 +.209049362837E-0441
848 +.512409714105E-0441
849 +.174532751020E-0440
850 +.428600440847E-0440
851 +.507266645202E-0440
852 +.645737765978E-0440
853 +.100233237129E-0439
854 +.259056925036E-0439
855 +.117082120047E-0439
856 +.482935174578E-0439
857 +.145637435327E-0438
858 +.150051463826E-0438
859 +.172421641496E-0438
860 +.300816659734E-0438
861 +.692939272790E-0438
862 +.764662941904E-0438
863 +.247575235674E-0437
864 +.300426115821E-0437
865 +.777964903521E-0437
866 +.116663541761E-0436
867 +.250375846793E-0436
868 +.743996272532E-0437
869 +.178470901421E-0436
870 +.538020753669E-0436
871 +.648732079249E-0436
872 +.647038464811E-0436
873 +.128916596088E-0435
874 +.244120553283E-0435
875 +.475249890032E-0435
876 +.892474855027E-0435
877 +.179432594350E-0434
878 +.314673405276E-0434
879 +.704580625650E-0434
880 +.899735016533E-0434
881 +.270110812171E-0433
882 +.158239051993E-0433
883 +.456191908625E-0433
884 +.139811696551E-0432
885 +.181766520455E-0432
886 +.162856439020E-0432
887 +.348419549826E-0432
888 +.574879154500E-0432
889 +.137025083359E-0431
890 +.130857723154E-0431
891 +.448963613835E-0431
892 +.772672102979E-0431
893 +.148775750654E-0430
894 +.310522099307E-0431
895 +.151096349661E-0430
896 +.453274338901E-0430
897 +.434239675186E-0430
898 +.521217058433E-0430
899 +.858587255629E-0430
900 +.211202134154E-0429
901 +.157780941226E-0429
902 +.582136580941E-0429
903 +.136014293723E-0428
904 +.999922858647E-0429
905 +.210971092470E-0428
906 +.369873648990E-0428
907 +.807798007668E-0428
908 +.112675533881E-0427
909 +.318680687631E-0427
910 +.417987282246E-0428
911 +.530249024303E-0428
912 +.177985635381E-0427
913 +.476629577599E-0427
914 +.829442040666E-0427
915 +.435902254346E-0427
916 +.115027377169E-0426
917 +.113276129769E-0426
918 +.378980798976E-0426
919 +.558178640245E-0426
920 +.127705257050E-0425
921 +.819374642855E-0426
922 +.227895977629E-0425
923 +.592910669938E-0425
924 +.677365519925E-0427
925 +.164449552914E-0425
926 +.140629846810E-0425
927 +.473788741727E-0425
928 +.665943573413E-0425
929 +.158167894436E-0424
930 +.137973100954E-0424
931 +.377220773681E-0424
932 +.802227211853E-0424
933 +.867652964342E-0424
934 +.143948504502E-0423
935 +.344482434937E-0423
936 +.307552704483E-0423
937 +.107804134979E-0422
938 +.205485797837E-0422
939 +.330823418410E-0422
940 +.273616154799E-0422
941 +.954279130476E-0422
942 +.172186710068E-0421
943 +.307257632945E-0421
944 +.153129209187E-0421
945 +.602201443670E-0421
946 +.154846969175E-0420
947 +.274935124599E-0421
948 +.100408087167E-0420
949 +.104911734508E-0420
950 +.337023291066E-0420
951 +.369567079629E-0420
952 +.996362286983E-0420
953 +.184824709300E-0419
954 +.294989124145E-0419
955 +.251684508888E-0419
956 +.870244743557E-0419
957 +.151203338466E-0418
958 +.286563912832E-0418
959 +.782157574828E-0419
960 +.352981609295E-0418
961 +.103286712695E-0417
962 +.781060772096E-0418
963 +.100901637037E-0417
964 +.142320148122E-0417
965 +.402070977135E-0417
966 +.614001867876E-0418
967 +.973624101927E-0418
968 +.330105633921E-0417
969 +.868327116223E-0417
970 +.140560889609E-0416
971 +.101205415353E-0416
972 +.238382184140E-0416
973 +.314558269815E-0416
974 +.911691377245E-0416
975 +.278871946600E-0416
976 +.707422134152E-0416
977 +.239881636468E-0415
978 +.573419713518E-0415
979 +.589337097106E-0415
980 +.831248727109E-0415
981 +.107477979988E-0414
982 +.318052971839E-0414
983 +.156923876831E-0414
984 +.444604791797E-0414
985 +.141997234216E-0413
986 +.242170505115E-0413
987 +.812926597694E-0414
988 +.250330904021E-0413
989 +.165794200305E-0413
990 +.621583566556E-0413
991 +.148114353710E-0412
992 +.933232126920E-0413
993 +.210119306446E-0412
994 +.332835844109E-0412
995 +.821975279536E-0412
996 +.622241958226E-0412
997 +.228886307288E-0411
998 +.529626302851E-0411
999 +.416187031116E-0411
1000 +.850723530849E-0411
1001 +.156511942998E-0410
1002 +.317509501049E-0410
1003 +.544705220469E-0410
1004 +.125595223655E-0409
1005 +.141934591848E-0409
1006 +.454863662218E-0409
1007 +.512207369615E-0409
1008 +.136839306891E-0408
1009 +.242131241637E-0408
1010 +.421636669631E-0408
1011 +.245386611194E-0408
1012 +.933651040135E-0408
1013 +.224834379519E-0407
1014 +.128092623070E-0407
1015 +.299667458524E-0407
1016 +.447478130911E-0407
1017 +.116932195909E-0406
1018 +.485120858485E-0407
1019 +.203836192183E-0406
1020 +.629666528549E-0406
1021 +.785721533038E-0406
1022 +.745932935065E-0406
1023 +.153886110341E-0405
1024 +.273355286244E-0405
1025 +.591273300426E-0405
1026 +.851247566141E-0405
1027 +.234972527772E-0404
1028 +.100448861644E-0405
1029 +.106285827423E-0404
1030 +.376292272695E-0404
1031 +.972203989669E-0404
1032 +.146705150359E-0403
1033 +.129315199947E-0403
1034 +.276603447658E-0403
1035 +.455503920200E-0403
1036 +.108727047482E-0402
1037 +.102974862133E-0402
1038 +.354319527878E-0402
1039 +.618754271999E-0402
1040 +.116608091836E-0401
1041 +.343812153910E-0402
1042 +.152143447135E-0401
1043 +.440871272732E-0401
1044 +.299085176729E-0401
1045 +.389673913083E-0401
1046 +.520253972189E-0401
1047 +.152845158164E-0400
1048 +.683433697119E-0401
1049 +.190827557109E-0400
1050 +.620938477835E-0400
1051 +.118143223172E-0399
1052 +.586733349824E-0402
1053 +.341256318988E-0400
1054 +.109266104095E-0400
1055 +.476136436965E-0400
1056 +.137314189455E-0399
1057 +.875050603298E-0400
1058 +.113864542912E-0399
1059 +.148091175799E-0399
1060 +.442758648559E-0399
1061 +.259004660332E-0399
1062 +.745949084942E-0399
1063 +.228060067317E-0398
1064 +.291398983000E-0398
1065 +.268387893573E-0398
1066 +.564654812083E-0398
1067 +.964670161327E-0398
1068 +.220247118476E-0397
1069 +.259957379680E-0397
1070 +.815313967824E-0397
1071 +.768932324118E-0397
1072 +.215842156725E-0396
1073 +.493843240579E-0396
1074 +.364826101549E-0396
1075 +.769527349507E-0396
1076 +.134877433203E-0395
1077 +.294742636677E-0395
1078 +.410320730463E-0395
1079 +.116219414678E-0394
1080 +.164718222773E-0395
1081 +.236817456347E-0395
1082 +.801043591021E-0395
1083 +.213937151677E-0394
1084 +.368646520236E-0394
1085 +.204197310553E-0394
1086 +.529556432614E-0394
1087 +.545039483792E-0394
1088 +.179302187412E-0393
1089 +.238371055130E-0393
1090 +.587516513025E-0393
1091 +.660090135704E-0393
1092 +.169298542476E-0392
1093 +.248214925400E-0392
1094 +.544039024230E-0392
1095 +.222776492711E-0392
1096 +.587472276350E-0392
1097 +.171982106695E-0391
1098 +.157569324890E-0391
1099 +.193670443425E-0391
1100 +.307651974491E-0391
1101 +.785140138680E-0391
1102 +.414996947657E-0391
1103 +.165669530313E-0390
1104 +.474662502452E-0390
1105 +.284769611227E-0390
1106 +.368845925229E-0390
1107 +.468991117140E-0390
1108 +.142284361330E-0389
1109 +.100063937827E-0389
1110 +.289291404537E-0389
1111 +.821664180842E-0389
1112 +.529147238931E-0389
1113 +.691080199522E-0389
1114 +.897321901450E-0389
1115 +.268435366927E-0388
1116 +.158160275336E-0388
1117 +.455704171034E-0388
1118 +.139003632876E-0387
1119 +.174645881572E-0387
1120 +.164925843864E-0387
1121 +.341458593339E-0387
1122 +.602287126308E-0387
1123 +.131621812157E-0386
1124 +.183254179048E-0386
1125 +.519075804355E-0386
1126 +.737705204328E-0387
1127 +.106484376314E-0386
1128 +.360270534580E-0386
1129 +.962121145929E-0386
1130 +.165748296229E-0385
1131 +.919234925240E-0386
1132 +.238291714989E-0385
1133 +.245519542853E-0385
1134 +.807347614274E-0385
1135 +.107042643813E-0384
1136 +.264267826889E-0384
1137 +.300031832758E-0384
1138 +.766416153926E-0384
1139 +.109759757730E-0383
1140 +.245374521135E-0383
1141 +.127541661110E-0383
1142 +.349783649912E-0383
1143 +.978310992375E-0383
1144 +.523032606516E-0383
1145 +.667208394803E-0383
1146 +.814036010830E-0383
1147 +.253321753390E-0382
1148 +.231841535319E-0382
1149 +.653871616072E-0382
1150 +.153822338698E-0381
1151 +.913597174484E-0382
1152 +.210785574874E-0381
1153 +.320961308234E-0381
1154 +.824194019278E-0381
1155 +.431966801945E-0381
1156 +.172817989665E-0380
1157 +.497634304581E-0380
1158 +.318618181003E-0380
1159 +.414649109482E-0380
1160 +.540424132224E-0380
1161 +.161354862012E-0379
1162 +.926413527507E-0380
1163 +.266490649227E-0379
1164 +.819467660262E-0379
1165 +.109143277358E-0378
1166 +.937741642254E-0379
1167 +.205447817281E-0378
1168 +.321795382811E-0378
1169 +.811722824193E-0378
1170 +.512265410849E-0378
1171 +.196889533803E-0377
1172 +.519879554560E-0377
1173 +.861326062996E-0380
1174 +.157667397905E-0377
1175 +.138806037041E-0377
1176 +.464725219921E-0377
1177 +.636005644904E-0377
1178 +.153903261288E-0376
1179 +.153251577399E-0376
1180 +.408190084316E-0376
1181 +.742222002477E-0376
1182 +.123220514931E-0375
1183 +.906709595292E-0376
1184 +.326519744193E-0375
1185 +.669113447022E-0375
1186 +.895131494732E-0375
1187 +.114853380507E-0374
1188 +.335199160956E-0374
1189 +.128489926979E-0374
1190 +.347516866512E-0374
1191 +.115214814784E-0373
1192 +.243570944973E-0373
1193 +.101621855765E-0373
1194 +.145926946682E-0373
1195 +.881755987557E-0374
1196 +.340785864326E-0373
1197 +.912190790181E-0373
1198 +.864651108530E-0374
1199 +.103014396600E-0373
1200 +.624205997200E-0374
1201 +.219676698603E-0373
1202 +.314209073977E-0373
1203 +.738090425050E-0373
1204 +.590951546295E-0373
1205 +.163221562207E-0372
1206 +.373673238662E-0372
1207 +.274583096240E-0372
1208 +.580471462521E-0372
1209 +.101401481599E-0371
1210 +.222626233526E-0371
1211 +.305072757088E-0371
1212 +.874049711538E-0371
1213 +.197693662556E-0371
1214 +.437441567092E-0371
1215 +.149879797339E-0370
1216 +.385079755921E-0370
1217 +.564040939767E-0370
1218 +.531417020756E-0370
1219 +.109272588086E-0369
1220 +.194500717153E-0369
1221 +.419112716710E-0369
1222 +.610566591451E-0369
1223 +.166916475690E-0368
1224 +.183537770582E-0369
1225 +.115384288463E-0368
1226 +.401903878092E-0368
1227 +.985563267421E-0368
1228 +.116379240745E-0367
1229 +.148487959275E-0367
1230 +.229740364942E-0367
1231 +.595514859209E-0367
1232 +.258227850415E-0367
1233 +.107443163362E-0366
1234 +.327627334937E-0366
1235 +.369989887997E-0366
1236 +.394605280962E-0366
1237 +.743695841267E-0366
1238 +.154200443248E-0365
1239 +.245720639419E-0365
1240 +.617493395210E-0365
1241 +.402513909485E-0365
1242 +.153594579319E-0364
1243 +.398094057767E-0364
1244 +.498605641451E-0365
1245 +.217644554710E-0364
1246 +.217847129164E-0364
1247 +.709346326676E-0364
1248 +.850143303739E-0364
1249 +.221357460163E-0363
1250 +.341966291199E-0363
1251 +.712693021543E-0363
1252 +.106470409876E-0363
1253 +.152499802846E-0363
1254 +.457034390103E-0363
1255 +.643717310976E-0363
1256 +.495130452688E-0363
1257 +.114632073157E-0362
1258 +.157173089999E-0362
1259 +.444116220332E-0362
1260 +.529399801964E-0363
1261 +.550545547936E-0363
1262 +.181902659143E-0362
1263 +.486936044206E-0362
1264 +.844249671484E-0362
1265 +.452630349013E-0362
1266 +.118660973499E-0361
1267 +.118804700758E-0361
1268 +.395032509646E-0361
1269 +.561075978573E-0361
1270 +.132162733409E-0360
1271 +.108358493243E-0360
1272 +.298579637865E-0360
1273 +.670854390469E-0360
1274 +.555634146391E-0360
1275 +.110737935423E-0359
1276 +.211434010105E-0359
1277 +.401658405938E-0359
1278 +.790180939766E-0359
1279 +.145262375046E-0358
1280 +.302866025363E-0358
1281 +.485508273598E-0358
1282 +.121333480643E-0357
1283 +.831394653232E-0358
1284 +.313576894143E-0357
1285 +.786538861034E-0357
1286 +.261250663727E-0357
1287 +.737984088256E-0357
1288 +.882209864775E-0357
1289 +.267682545855E-0356
1290 +.173367583244E-0356
1291 +.501573336332E-0356
1292 +.148100926030E-0355
1293 +.143000250738E-0355
1294 +.171480283882E-0355
1295 +.283139100434E-0355
1296 +.694622177926E-0355
1297 +.529648398590E-0355
1298 +.194380211453E-0354
1299 +.445919265558E-0354
1300 +.370101682159E-0354
1301 +.735465611661E-0354
1302 +.141038182930E-0353
1303 +.265650729708E-0353
1304 +.530731042798E-0353
1305 +.943696092052E-0353
1306 +.207159223393E-0352
1307 +.284171325909E-0352
1308 +.813842519470E-0352
1309 +.181736648344E-0352
1310 +.399150235804E-0352
1311 +.136778942833E-0351
1312 +.352115213465E-0351
1313 +.520287028248E-0351
1314 +.481096868452E-0351
1315 +.100080432154E-0350
1316 +.174247838972E-0350
1317 +.387538245456E-0350
1318 +.507324609302E-0350
1319 +.149930215416E-0349
1320 +.692917754537E-0350
1321 +.194699827910E-0349
1322 +.631724480572E-0349
1323 +.118171776261E-0348
1324 +.629678511304E-0350
1325 +.495797966529E-0349
1326 +.190904229571E-0349
1327 +.800282747581E-0349
1328 +.227953275644E-0348
1329 +.124134970310E-0348
1330 +.158475845341E-0348
1331 +.195442709182E-0348
1332 +.604552055463E-0348
1333 +.522784671737E-0348
1334 +.148764085657E-0347
1335 +.368819277245E-0347
1336 +.109373627832E-0347
1337 +.322549408424E-0347
1338 +.370989528782E-0347
1339 +.114725999450E-0346
1340 +.914873436419E-0347
1341 +.262866461274E-0346
1342 +.694864539269E-0346
1343 +.791592384059E-0347
1344 +.520681955264E-0347
1345 +.204200597345E-0347
1346 +.775527795155E-0347
1347 +.113678160519E-0346
1348 +.262823259751E-0346
1349 +.184099559629E-0346
1350 +.512178689784E-0346
1351 +.127759758605E-0345
1352 +.328258776614E-0346
1353 +.102278586646E-0345
1354 +.113707726869E-0345
1355 +.356896542488E-0345
1356 +.326558821445E-0345
1357 +.921601005825E-0345
1358 +.217333299341E-0344
1359 +.126243236392E-0344
1360 +.293693971294E-0344
1361 +.441545529164E-0344
1362 +.114711357099E-0343
1363 +.518082721470E-0344
1364 +.213826407348E-0343
1365 +.646335533733E-0343
1366 +.679356904179E-0343
1367 +.769685060732E-0343
1368 +.136491372598E-0342
1369 +.308037534876E-0342
1370 +.371598381435E-0342
1371 +.115153754283E-0341
1372 +.970701343253E-0342
1373 +.277386135818E-0341
1374 +.704602924833E-0341
1375 +.103976395573E-0341
1376 +.416335912570E-0341
1377 +.421277930012E-0341
1378 +.136868809028E-0340
1379 +.162183245856E-0340
1380 +.424402955244E-0340
1381 +.673507784870E-0340
1382 +.136334021155E-0339
1383 +.157856490453E-0341
1384 +.354522336716E-0340
1385 +.114040897847E-0339
1386 +.158374276012E-0339
1387 +.124136435726E-0339
1388 +.284800950291E-0339
1389 +.399794429542E-0339
1390 +.111018600137E-0338
1391 +.553598418341E-0341
1392 +.352784082975E-0339
1393 +.126155223526E-0338
1394 +.331220047309E-0338
1395 +.536028916274E-0338
1396 +.386483421238E-0338
1397 +.909816187126E-0338
1398 +.120224802815E-0337
1399 +.348127242034E-0337
1400 +.104066854430E-0337
1401 +.261831767896E-0337
1402 +.888968362406E-0337
1403 +.214071300944E-0336
1404 +.228943610089E-0336
1405 +.315291627575E-0336
1406 +.428934226093E-0336
1407 +.122892016994E-0335
1408 +.306370417039E-0336
1409 +.713025841398E-0336
1410 +.243157488893E-0335
1411 +.605816211188E-0335
1412 +.769701011211E-0335
1413 +.909368514572E-0335
1414 +.154967660007E-0334
1415 +.364139542153E-0334
1416 +.364202070367E-0334
1417 +.122788562718E-0333
1418 +.192323598162E-0333
1419 +.415406385244E-0333
1420 +.133924665271E-0333
1421 +.330594398308E-0333
1422 +.989673267267E-0333
1423 +.112087842295E-0332
1424 +.119674786726E-0332
1425 +.225395533081E-0332
1426 +.467737181682E-0332
1427 +.743683219635E-0332
1428 +.187324228639E-0331
1429 +.119481567409E-0331
1430 +.458194761365E-0331
1431 +.120327914437E-0330
1432 +.461291637808E-0332
1433 +.452183533903E-0331
1434 +.416916513278E-0331
1435 +.138466028934E-0330
1436 +.184119297281E-0330
1437 +.453831917514E-0330
1438 +.509960971677E-0330
1439 +.130788269157E-0329
1440 +.191705562878E-0329
1441 +.420273306847E-0329
1442 +.172597291881E-0329
1443 +.455432201113E-0329
1444 +.133273434526E-0328
1445 +.121619599566E-0328
1446 +.149734684730E-0328
1447 +.237177505345E-0328
1448 +.606972674740E-0328
1449 +.310438983799E-0328
1450 +.124789656524E-0327
1451 +.361964146370E-0327
1452 +.253173567964E-0327
1453 +.329354072763E-0327
1454 +.446497086498E-0327
1455 +.129812319856E-0326
1456 +.476082413209E-0327
1457 +.127466084269E-0326
1458 +.425460953992E-0326
1459 +.932659255822E-0326
1460 +.542358559776E-0326
1461 +.843137160943E-0326
1462 +.603825176188E-0326
1463 +.223607086782E-0325
1464 +.526655847505E-0325
1465 +.363480603421E-0325
1466 +.788609383528E-0325
1467 +.132371944507E-0324
1468 +.306173756551E-0324
1469 +.341158148177E-0324
1470 +.110017807863E-0323
1471 +.129752824382E-0323
1472 +.340315286761E-0323
1473 +.546678261262E-0323
1474 +.109110001022E-0322
1475 +.569004874042E-0324
1476 +.523634993340E-0323
1477 +.164840102215E-0322
1478 +.217325502777E-0322
1479 +.189134560809E-0322
1480 +.411399577194E-0322
1481 +.654944181430E-0322
1482 +.162453622814E-0321
1483 +.118687201101E-0321
1484 +.440612728558E-0321
1485 +.105178905694E-0320
1486 +.651633785599E-0321
1487 +.147671318433E-0320
1488 +.231590334050E-0320
1489 +.577811135351E-0320
1490 +.403048724950E-0320
1491 +.151326461355E-0319
1492 +.374221120507E-0319
1493 +.156246500118E-0319
1494 +.407411960686E-0319
1495 +.526617558560E-0319
1496 +.153007920498E-0318
1497 +.485034910436E-0319
1498 +.124524903844E-0318
1499 +.421181581021E-0318
1500 +.992575697180E-0318
1501 +.941798932513E-0318
1502 +.138065259858E-0317
1503 +.161557450228E-0317
1504 +.504853431043E-0317
1505 +.468808068088E-0317
1506 +.131856391305E-0316
1507 +.305495629465E-0316
1508 +.206034542088E-0316
1509 +.452167865558E-0316
1510 +.744707729925E-0316
1511 +.176244662704E-0315
1512 +.175165480583E-0315
1513 +.592277862204E-0315
1514 +.943197288827E-0315
1515 +.200164605798E-0314
1516 +.465148936044E-0315
1517 +.991864359314E-0315
1518 +.300636848937E-0314
1519 +.391390743345E-0314
1520 +.350125751641E-0314
1521 +.749853698930E-0314
1522 +.123440701432E-0313
1523 +.295015118582E-0313
1524 +.277432852604E-0313
1525 +.956951910597E-0313
1526 +.169183807353E-0312
1527 +.312827480037E-0312
1528 +.115164336426E-0312
1529 +.483612981908E-0312
1530 +.135118989550E-0311
1531 +.536793404699E-0312
1532 +.613671482468E-0312
1533 +.720178700706E-0312
1534 +.231181225060E-0311
1535 +.276840026838E-0311
1536 +.720481067095E-0311
1537 +.111093193227E-0310
1538 +.231983507916E-0310
1539 +.368781269525E-0311
1540 +.572299775505E-0311
1541 +.172316178215E-0310
1542 +.241511813089E-0310
1543 +.187695913848E-0310
1544 +.432485495224E-0310
1545 +.600239108532E-0310
1546 +.168110240598E-0309
1547 +.934129324119E-0311
1548 +.171581086184E-0310
1549 +.644551352838E-0310
1550 +.171889681647E-0309
1551 +.298506126563E-0309
1552 +.158889121619E-0309
1553 +.417535458342E-0309
1554 +.415510227211E-0309
1555 +.138475500513E-0308
1556 +.199372961604E-0308
1557 +.464711745324E-0308
1558 +.350430365895E-0308
1559 +.972190840883E-0308
1560 +.232144350491E-0307
1561 +.118632682008E-0307
1562 +.288939741715E-0307
1563 +.406144194948E-0307
1564 +.111512222701E-0306
1565 +.981001088620E-0308
1566 +.683717607912E-0307
1567 +.239173406574E-0306
1568 +.595037578065E-0306
1569 +.754540570578E-0306
1570 +.893702385826E-0306
1571 +.151875987817E-0305
1572 +.358003728184E-0305
1573 +.352069912002E-0305
1574 +.119448799567E-0304
1575 +.193707788183E-0304
1576 +.402735763949E-0304
1577 +.530692792481E-0305
1578 +.617969516231E-0305
1579 +.182043784490E-0304
1580 +.254971842764E-0304
1581 +.199226521096E-0304
1582 +.457970492991E-0304
1583 +.639301391579E-0304
1584 +.178280771838E-0303
1585 +.444705660254E-0305
1586 +.376378086850E-0304
1587 +.136397060335E-0303
1588 +.361781199923E-0303
1589 +.611825855664E-0303
1590 +.371136779824E-0303
1591 +.932969096419E-0303
1592 +.104104107564E-0302
1593 +.330856605939E-0302
1594 +.343627066323E-0302
1595 +.942258037426E-0302
1596 +.190695014777E-0301
1597 +.245185522949E-0301
1598 +.334729878025E-0301
1599 +.940377131641E-0301
1600 +.100339957926E-0301
1601 +.745047009380E-0302
1602 +.236613323140E-0301
1603 +.623684705353E-0301
1604 +.100860393052E-0300
1605 +.728238517250E-0301
1606 +.171331238806E-0300
1607 +.226745928682E-0300
1608 +.655913162011E-0300
1609 +.191133389867E-0300
1610 +.476351319646E-0300
1611 +.161937723281E-0299
1612 +.392962784718E-0299
1613 +.437610624130E-0299
1614 +.585983837904E-0299
1615 +.840004319848E-0299
1616 +.231876606911E-0298
1617 +.402327942881E-0300
1618 +.838905737705E-0299
1619 +.298145865765E-0298
1620 +.770022256453E-0298
1621 +.116072984711E-0297
1622 +.102575939966E-0297
1623 +.219096217988E-0297
1624 +.361865278571E-0297
1625 +.860789163621E-0297
1626 +.831356475328E-0297
1627 +.284092427461E-0296
1628 +.478913609266E-0296
1629 +.948854496624E-0296
1630 +.837126062678E-0297
1631 +.573110801575E-0296
1632 +.178340967705E-0295
1633 +.221439585658E-0295
1634 +.211672768290E-0295
1635 +.434618345727E-0295
1636 +.779088727580E-0295
1637 +.166237714516E-0294
1638 +.249555426192E-0294
1639 +.664851445597E-0294
1640 +.189078405991E-0294
1641 +.865869029724E-0294
1642 +.285228505370E-0293
1643 +.535460097933E-0293
1644 +.198084466092E-0294
1645 +.205103359202E-0293
1646 +.755857215521E-0294
1647 +.319715367623E-0293
1648 +.914703656086E-0293
1649 +.528878731364E-0293
1650 +.682013191744E-0293
1651 +.856256250988E-0293
1652 +.261874633879E-0292
1653 +.201540843770E-0292
1654 +.580349879587E-0292
1655 +.156725146694E-0291
1656 +.412938450057E-0292
1657 +.333805533160E-0292
1658 +.410595964671E-0292
1659 +.133817685459E-0291
1660 +.186813997090E-0291
1661 +.445079478593E-0291
1662 +.397752820645E-0291
1663 +.108337396001E-0290
1664 +.224886328932E-0290
1665 +.266297494972E-0290
1666 +.403411459176E-0290
1667 +.104922854781E-0289
1668 +.426985069897E-0290
1669 +.179996756983E-0289
1670 +.556329523004E-0289
1671 +.696800363306E-0289
1672 +.658046852176E-0289
1673 +.136230287772E-0288
1674 +.240359343747E-0288
1675 +.525063249676E-0288
1676 +.732013080833E-0288
1677 +.207140442069E-0287
1678 +.279386733890E-0288
1679 +.371896326060E-0288
1680 +.125223105986E-0287
1681 +.335048349512E-0287
1682 +.581279364686E-0287
1683 +.310638951023E-0287
1684 +.815234836870E-0287
1685 +.814017391790E-0287
1686 +.270941780536E-0286
1687 +.387179012471E-0286
1688 +.907767029024E-0286
1689 +.717615236891E-0286
1690 +.198424310246E-0285
1691 +.458584122636E-0285
1692 +.314708957152E-0285
1693 +.685523819909E-0285
1694 +.114261787948E-0284
1695 +.266609086092E-0284
1696 +.284971451891E-0284
1697 +.936012934693E-0284
1698 +.125269277134E-0283
1699 +.307541660773E-0283
1700 +.336995257508E-0283
1701 +.872230689051E-0283
1702 +.134769483197E-0282
1703 +.280988382943E-0282
1704 +.425988195809E-0283
1705 +.622467148963E-0283
1706 +.186765466645E-0282
1707 +.262641117190E-0282
1708 +.202700374813E-0282
1709 +.468564477664E-0282
1710 +.644999546347E-0282
1711 +.181734813083E-0281
1712 +.179208854072E-0282
1713 +.925762114524E-0283
1714 +.278983628403E-0282
1715 +.750848386059E-0282
1716 +.131287580113E-0281
1717 +.670754269442E-0282
1718 +.178634537135E-0281
1719 +.171937938504E-0281
1720 +.580006379642E-0281
1721 +.894948683163E-0281
1722 +.196215146791E-0280
1723 +.787596179712E-0281
1724 +.206651971291E-0280
1725 +.605431463036E-0280
1726 +.559513952679E-0280
1727 +.685136566772E-0280
1728 +.109522323257E-0279
1729 +.277787936273E-0279
1730 +.157277037848E-0279
1731 +.618754727718E-0279
1732 +.172261810367E-0278
1733 +.649461658309E-0279
1734 +.720874272558E-0279
1735 +.846099439988E-0279
1736 +.272376790262E-0278
1737 +.334277355980E-0278
1738 +.860041816089E-0278
1739 +.124541143271E-0277
1740 +.275721069201E-0277
1741 +.128121514033E-0277
1742 +.346004955815E-0277
1743 +.992177642249E-0277
1744 +.731054839583E-0277
1745 +.949949693101E-0277
1746 +.131568580519E-0276
1747 +.376623820682E-0276
1748 +.939727105266E-0277
1749 +.218832271406E-0276
1750 +.746549183770E-0276
1751 +.186311891308E-0275
1752 +.238633975932E-0275
1753 +.279188695685E-0275
1754 +.480872274379E-0275
1755 +.111605346992E-0274
1756 +.118843360409E-0274
1757 +.390766101557E-0274
1758 +.526419553408E-0274
1759 +.128695589421E-0273
1760 +.137239239403E-0273
1761 +.358458699068E-0273
1762 +.583326521782E-0273
1763 +.114683930851E-0272
1764 +.135166031922E-0273
1765 +.809632880356E-0273
1766 +.250392618248E-0272
1767 +.300996314060E-0272
1768 +.300091583963E-0272
1769 +.597909334243E-0272
1770 +.113239279344E-0271
1771 +.220388805245E-0271
1772 +.414110219233E-0271
1773 +.831717877122E-0271
1774 +.146201050998E-0270
1775 +.326283386085E-0270
1776 +.421863830036E-0270
1777 +.125684936152E-0269
1778 +.660392566038E-0270
1779 +.188687296879E-0269
1780 +.596056190625E-0269
1781 +.949661775970E-0269
1782 +.484425969085E-0269
1783 +.130540828891E-0268
1784 +.117733084410E-0268
1785 +.406430477559E-0268
1786 +.707825544915E-0268
1787 +.133916469751E-0267
1788 +.374383243673E-0268
1789 +.167912255543E-0267
1790 +.489880442373E-0267
1791 +.358823856641E-0267
1792 +.465355856366E-0267
1793 +.645178400123E-0267
1794 +.184598390222E-0266
1795 +.454373055126E-0267
1796 +.105098069077E-0266
1797 +.358654275645E-0266
1798 +.897419596330E-0266
1799 +.116389769541E-0265
1800 +.134044735524E-0265
1801 +.234715887854E-0265
1802 +.534066652105E-0265
1803 +.622455526758E-0265
1804 +.196346901953E-0264
1805 +.194595661865E-0264
1806 +.540294376834E-0264
1807 +.116624393812E-0263
1808 +.118499048935E-0263
1809 +.207160021292E-0263
1810 +.468719538758E-0263
1811 +.554191606212E-0263
1812 +.173463612615E-0262
1813 +.160587629711E-0262
1814 +.452372886960E-0262
1815 +.105540880147E-0261
1816 +.673381328795E-0262
1817 +.151139356881E-0261
1818 +.240251234458E-0261
1819 +.591290031067E-0261
1820 +.459292624661E-0261
1821 +.167803161008E-0260
1822 +.379073337181E-0260
1823 +.343781773776E-0260
1824 +.649047611902E-0260
1825 +.133601715572E-0259
1826 +.214937568675E-0259
1827 +.534350606761E-0259
1828 +.382333799972E-0259
1829 +.142696286273E-0258
1830 +.346613444572E-0258
1831 +.180867736078E-0258
1832 +.436592212072E-0258
1833 +.623014531508E-0258
1834 +.169048100545E-0257
1835 +.284809738672E-0258
1836 +.151801098031E-0257
1837 +.519918483587E-0257
1838 +.118670373612E-0256
1839 +.931076239564E-0257
1840 +.143931613394E-0256
1841 +.135164524472E-0256
1842 +.462316484219E-0256
1843 +.784410932491E-0256
1844 +.153855565600E-0255
1845 +.202498964474E-0256
1846 +.115841449080E-0255
1847 +.356215814616E-0255
1848 +.411687664085E-0255
1849 +.429112136037E-0255
1850 +.825137402358E-0255
1851 +.165840074381E-0254
1852 +.285483600874E-0254
1853 +.655058382117E-0254
1854 +.756326450956E-0254
1855 +.239890314054E-0253
1856 +.249003887132E-0253
1857 +.683068142760E-0253
1858 +.138498786746E-0252
1859 +.177058278361E-0252
1860 +.243687936789E-0252
1861 +.680913668175E-0252
1862 +.467249630306E-0253
1863 +.380554898282E-0253
1864 +.150266964329E-0252
1865 +.393395728096E-0252
1866 +.637130847132E-0252
1867 +.458536357021E-0252
1868 +.108027043427E-0251
1869 +.142469592087E-0251
1870 +.413071322444E-0251
1871 +.127466212066E-0251
1872 +.324335669438E-0251
1873 +.109924180364E-0250
1874 +.261996919760E-0250
1875 +.264963822412E-0250
1876 +.377008704158E-0250
1877 +.477613028023E-0250
1878 +.143049177626E-0249
1879 +.839813901980E-0250
1880 +.241893903856E-0249
1881 +.738400526123E-0249
1882 +.932870229920E-0249
1883 +.873915538098E-0249
1884 +.181884881853E-0248
1885 +.317537627329E-0248
1886 +.704129649843E-0248
1887 +.931910215851E-0248
1888 +.273464262000E-0247
1889 +.111390075401E-0247
1890 +.305877242611E-0247
1891 +.101170140186E-0246
1892 +.210755467214E-0246
1893 +.746136682033E-0247
1894 +.994463044000E-0247
1895 +.582197491574E-0247
1896 +.227148435322E-0246
1897 +.626502126892E-0246
1898 +.194635410680E-0246
1899 +.187523492581E-0246
1900 +.223165117711E-0246
1901 +.724120830848E-0246
1902 +.957310277604E-0246
1903 +.236503100998E-0245
1904 +.269837897902E-0245
1905 +.687947088636E-0245
1906 +.974065754626E-0245
1907 +.219741866038E-0244
1908 +.125717741192E-0244
1909 +.347909933915E-0244
1910 +.946649897022E-0244
1911 +.308029418043E-0244
1912 +.309900634589E-0244
1913 +.364121852587E-0244
1914 +.118316834382E-0243
1915 +.156983085192E-0243
1916 +.386985997431E-0243
1917 +.435537440981E-0243
1918 +.111633364874E-0242
1919 +.163055348834E-0242
1920 +.358555223143E-0242
1921 +.153236312337E-0242
1922 +.407671578932E-0242
1923 +.118598276791E-0241
1924 +.102045551999E-0241
1925 +.128373471020E-0241
1926 +.195204171604E-0241
1927 +.518729989835E-0241
1928 +.140852079915E-0241
1929 +.652184685248E-0241
1930 +.215350358725E-0240
1931 +.409340058662E-0240
1932 +.238607602882E-0242
1933 +.117444175355E-0240
1934 +.374007409755E-0241
1935 +.163180139907E-0240
1936 +.470839943936E-0240
1937 +.301907002043E-0240
1938 +.392954335275E-0240
1939 +.512357409423E-0240
1940 +.152931345406E-0239
1941 +.874556852979E-0240
1942 +.251504092458E-0239
1943 +.774310695786E-0239
1944 +.104005054107E-0238
1945 +.879665232160E-0239
1946 +.194357018297E-0238
1947 +.298626114875E-0238
1948 +.767675921680E-0238
1949 +.395775125690E-0238
1950 +.158903514223E-0237
1951 +.460611247749E-0237
1952 +.319726963223E-0237
1953 +.416079328922E-0237
1954 +.562014207208E-0237
1955 +.163812016404E-0236
1956 +.632543758809E-0237
1957 +.171500088025E-0236
1958 +.569350807766E-0236
1959 +.121157490835E-0235
1960 +.540464143348E-0236
1961 +.794291911113E-0236
1962 +.490998901394E-0236
1963 +.188654151071E-0235
1964 +.496582218040E-0235
1965 +.100342699346E-0236
1966 +.168821483920E-0235
1967 +.152282602115E-0235
1968 +.507869528310E-0235
1969 +.686731855486E-0235
1970 +.167493785150E-0234
1971 +.175823694708E-0234
1972 +.461505388336E-0234
1973 +.772255714266E-0234
1974 +.146425993400E-0233
1975 +.392953660887E-0234
1976 +.178182124683E-0233
1977 +.523353244459E-0233
1978 +.411987442281E-0233
1979 +.528680384523E-0233
1980 +.763018748635E-0233
1981 +.211795524179E-0232
1982 +.553210833247E-0234
1983 +.438368085176E-0233
1984 +.158679337318E-0232
1985 +.417251313421E-0232
1986 +.680690896897E-0232
1987 +.477192821735E-0232
1988 +.113628876945E-0231
1989 +.145883167274E-0231
1990 +.430255893033E-0231
1991 +.188577261577E-0231
1992 +.525076845679E-0231
1993 +.171745078095E-0230
1994 +.336365659892E-0230
1995 +.367391941576E-0231
1996 +.186508375360E-0231
1997 +.530271493449E-0232
1998 +.125648779601E-0231
1999 +.357550569455E-0231
