1 +.763734090875E-0150
2  .*E-0014           
3  .*E-0013           
4  .*E-0013           
5  .*E-0012           
6  .*E-0012           
7  .*E-0012           
8  .*E-0012           
9  .*E-0011           
10  .*E-0011           
11  .*E-0011           
12  .*E-0011           
13  .*E-0011           
14  .*E-0010           
15  .*E-0010           
16  .*E-0010           
17  .*E-0009           
18  .*E-0009           
19  .*E-0009           
20  .*E-0009           
21  .*E-0009           
22  .*E-0009           
23  .*E-0008           
24  .*E-0008           
25  .*E-0008           
26  .*E-0007           
27  .*E-0007           
28  .*E-0007           
29  .*E-0006           
30  .*E-0006           
31  .*E-0006           
32  .*E-0006           
33  .*E-0005           
34  .*E-0005           
35  .*E-0005           
36  .*E-0005           
37  .*E-0004           
38  .*E-0004           
39  .*E-0004           
40  .*E-0004           
41  .*E-0003           
42  .*E-0003           
43  .*E-0003           
44  .*E-0003           
45  .*E-0003           
46  .*E-0002           
47  .*E-0002           
48  .*E-0002           
49  .*E-0002           
50  .*E-0001           
51  .*E-0001           
52  .*E-0001           
53  .*E-0001           
54 +.253403498529E-0139
55 +.154063095652E-0139
56 +.594445324275E-0139
57 +.158339986772E-0138
58 +.962542819935E-0140
59 +.284799050626E-0139
60 +.216849004393E-0139
61 +.740465966192E-0139
62 +.104811792126E-0138
63 +.247800082442E-0138
64 +.208762554539E-0138
65 +.573456467613E-0138
66 +.125930551345E-0137
67 +.118036366735E-0137
68 +.218584967781E-0137
69 +.461433450402E-0137
70 +.693230991093E-0137
71 +.184349275427E-0136
72 +.545848389646E-0137
73 +.247502383176E-0136
74 +.811277119110E-0136
75 +.148174032450E-0135
76 +.189055166001E-0136
77 +.867427436954E-0136
78 +.391196486759E-0136
79 +.158902051438E-0135
80 +.441649357906E-0135
81 +.158727660546E-0135
82 +.171058005078E-0135
83 +.200869280917E-0135
84 +.648382222834E-0135
85 +.814293393931E-0135
86 +.207089593261E-0134
87 +.280938877433E-0134
88 +.653548547789E-0134
89 +.495481335125E-0134
90 +.137498744211E-0133
91 +.327918144473E-0133
92 +.169842967745E-0133
93 +.411719773634E-0133
94 +.582598973873E-0133
95 +.159153019213E-0132
96 +.195101930516E-0133
97 +.117121203893E-0132
98 +.406202753905E-0132
99 +.978384132085E-0132
100 +.105285113787E-0131
101 +.144435710302E-0131
102 +.198009451703E-0131
103 +.564366307084E-0131
104 +.119149303477E-0131
105 +.252402767496E-0131
106 +.862420062248E-0131
107 +.220547201665E-0130
108 +.316281798844E-0130
109 +.310910519549E-0130
110 +.621655980465E-0130
111 +.116398871629E-0129
112 +.231080349958E-0129
113 +.416514839642E-0129
114 +.895699557677E-0129
115 +.131375390886E-0128
116 +.357206166836E-0128
117 +.526191132655E-0129
118 +.294151642575E-0128
119 +.101466118317E-0127
120 +.239133528903E-0127
121 +.228192956216E-0127
122 +.333787952181E-0127
123 +.393174015981E-0127
124 +.122459337564E-0126
125 +.110395071288E-0126
126 +.312130364492E-0126
127 +.744930701771E-0126
128 +.384056729663E-0126
129 +.932670554790E-0126
130 +.131598411613E-0125
131 +.360293689727E-0125
132 +.387205107374E-0126
133 +.245838672756E-0125
134 +.855887291746E-0125
135 +.209259574646E-0124
136 +.243417727838E-0124
137 +.314766781434E-0124
138 +.477505733439E-0124
139 +.125938707138E-0123
140 +.407101897699E-0124
141 +.180672539715E-0123
142 +.583471432242E-0123
143 +.977398317040E-0123
144 +.371454878362E-0123
145 +.109890896886E-0122
146 +.787745882099E-0123
147 +.289876539251E-0122
148 +.652788240779E-0122
149 +.602274351144E-0122
150 +.112488181724E-0121
151 +.234833237973E-0121
152 +.363945280428E-0121
153 +.940112971534E-0121
154 +.454083964854E-0121
155 +.184842638130E-0120
156 +.548241900909E-0120
157 +.485816975636E-0120
158 +.603112668607E-0120
159 +.939635132311E-0120
160 +.244324228384E-0119
161 +.100635459011E-0119
162 +.423340846236E-0119
163 +.130775393391E-0118
164 +.163183462823E-0118
165 +.154925016615E-0118
166 +.319603430832E-0118
167 +.567751457829E-0118
168 +.122798014365E-0117
169 +.176826309053E-0117
170 +.488019770008E-0117
171 +.214192575850E-0118
172 +.222730530810E-0117
173 +.788326340408E-0117
174 +.203534672497E-0116
175 +.306199515838E-0116
176 +.271870779015E-0116
177 +.579167428703E-0116
178 +.961779562861E-0116
179 +.227315333347E-0115
180 +.227427490207E-0115
181 +.767146147985E-0115
182 +.120561747991E-0114
183 +.259505080237E-0114
184 +.790038966299E-0115
185 +.191118944078E-0114
186 +.574219832006E-0114
187 +.673179448860E-0114
188 +.693662618107E-0114
189 +.134714622891E-0113
190 +.266408589113E-0113
191 +.475573474304E-0113
192 +.103719897633E-0112
193 +.145386586753E-0112
194 +.409819839204E-0112
195 +.437809827942E-0113
196 +.328575435683E-0113
197 +.105026657638E-0112
198 +.282776297574E-0112
199 +.499539128412E-0112
200 +.240219192443E-0112
201 +.652341102598E-0112
202 +.598827669984E-0112
203 +.205296774247E-0111
204 +.344878734170E-0111
205 +.686308682302E-0111
206 +.474633695460E-0112
207 +.369510493400E-0111
208 +.115571611644E-0110
209 +.147267024794E-0110
210 +.135554190985E-0110
211 +.285256490407E-0110
212 +.487185889291E-0110
213 +.111276506472E-0109
214 +.131110889255E-0109
215 +.411575471373E-0109
216 +.391244561922E-0109
217 +.109647547939E-0108
218 +.248696653599E-0108
219 +.194580533658E-0108
220 +.399389953327E-0108
221 +.729906986143E-0108
222 +.149729252085E-0107
223 +.250035140531E-0107
224 +.596339581631E-0107
225 +.567148951419E-0107
226 +.194901940675E-0106
227 +.338290234943E-0106
228 +.643371373098E-0106
229 +.166445869304E-0106
230 +.761807731297E-0106
231 +.224211504521E-0105
232 +.180012586301E-0105
233 +.230069425781E-0105
234 +.335978314328E-0105
235 +.923905802337E-0105
236 +.366111269549E-0106
237 +.407541272314E-0105
238 +.144024638292E-0104
239 +.368235887838E-0104
240 +.530509879885E-0104
241 +.517027666686E-0104
242 +.103989087578E-0103
243 +.192703240045E-0103
244 +.389492363803E-0103
245 +.674246199363E-0103
246 +.153639386414E-0102
247 +.182851788443E-0102
248 +.571136742823E-0102
249 +.519132417363E-0102
250 +.146726018227E-0101
251 +.348746572526E-0101
252 +.187649278558E-0101
253 +.448859650054E-0101
254 +.647289445658E-0101
255 +.174223019895E-0100
256 +.387574643952E-0101
257 +.189425809435E-0100
258 +.637841283247E-0100
259 +.134273866124E-0099
260 +.541519035072E-0100
261 +.767501065131E-0100
262 +.459021716476E-0100
263 +.177885240128E-0099
264 +.479862355429E-0099
265 +.717083225855E-0100
266 +.292514757876E-0101
267 +.190131150435E-0100
268 +.566369535368E-0100
269 +.803248065582E-0100
270 +.188149762545E-0099
271 +.148410746421E-0099
272 +.410432352414E-0099
273 +.950049551197E-0099
274 +.644251157236E-0099
275 +.141040490621E-0098
276 +.233233799318E-0098
277 +.549353585676E-0098
278 +.559956986016E-0098
279 +.187514763990E-0097
280 +.282690203117E-0097
281 +.633759345170E-0097
282 +.332269956752E-0097
283 +.911585397074E-0097
284 +.253883017449E-0096
285 +.127407661089E-0096
286 +.160050056460E-0096
287 +.192364823062E-0096
288 +.604417198190E-0096
289 +.603616510983E-0096
290 +.167125980255E-0095
291 +.355930083375E-0095
292 +.382772232931E-0095
293 +.638416926269E-0095
294 +.151956708632E-0094
295 +.140098262128E-0094
296 +.485965761785E-0094
297 +.882067246714E-0094
298 +.156103446997E-0093
299 +.822478347550E-0094
300 +.319618605180E-0093
301 +.804060249243E-0093
302 +.252648171502E-0093
303 +.728371069284E-0093
304 +.855943263978E-0093
305 +.261929733535E-0092
306 +.187072691508E-0092
307 +.540927668381E-0092
308 +.152715268830E-0091
309 +.910701254759E-0092
310 +.118277722666E-0091
311 +.149110734695E-0091
312 +.454546160970E-0091
313 +.337224036478E-0091
314 +.973126208448E-0091
315 +.268622198987E-0090
316 +.113883542962E-0090
317 +.134766128539E-0090
318 +.157812121054E-0090
319 +.505407495787E-0090
320 +.592193372815E-0090
321 +.155585812720E-0089
322 +.252388893659E-0089
323 +.497853932772E-0089
324 +.516604226260E-0090
325 +.327382302266E-0089
326 +.101648985611E-0088
327 +.125140952342E-0088
328 +.121025584129E-0088
329 +.246509805602E-0088
330 +.448619380111E-0088
331 +.934943448488E-0088
332 +.149970995503E-0087
333 +.374450332659E-0087
334 +.258600705188E-0087
335 +.973533639886E-0087
336 +.242835474811E-0086
337 +.888539283069E-0087
338 +.242526089674E-0086
339 +.298907717473E-0086
340 +.892602737997E-0086
341 +.467948827515E-0086
342 +.133621076008E-0085
343 +.421833825505E-0085
344 +.669470042270E-0085
345 +.347662376976E-0085
346 +.931461027854E-0085
347 +.853477857217E-0085
348 +.293119648682E-0084
349 +.497743764088E-0084
350 +.976339571630E-0084
351 +.128252634868E-0084
352 +.734248298473E-0084
353 +.225788274343E-0083
354 +.260967251320E-0083
355 +.271992694190E-0083
356 +.523045613887E-0083
357 +.105113867575E-0082
358 +.180988437199E-0082
359 +.415163206788E-0082
360 +.479981596988E-0082
361 +.152140331092E-0081
362 +.157078076130E-0081
363 +.431543671915E-0081
364 +.881780943209E-0081
365 +.110036173182E-0080
366 +.156476959956E-0080
367 +.427375192159E-0080
368 +.378016043209E-0081
369 +.262629487995E-0080
370 +.915337307885E-0080
371 +.223739329356E-0079
372 +.259978103326E-0079
373 +.336498321082E-0079
374 +.509746512323E-0079
375 +.134606250605E-0078
376 +.424486621841E-0079
377 +.189479953681E-0078
378 +.614078110053E-0078
379 +.105037905541E-0077
380 +.339633691475E-0078
381 +.105899797309E-0077
382 +.685410524222E-0078
383 +.258316579658E-0077
384 +.624479813874E-0077
385 +.343297353884E-0077
386 +.813466059639E-0077
387 +.119216999568E-0076
388 +.316578210865E-0076
389 +.986149191159E-0077
390 +.441656792566E-0076
391 +.143667348641E-0075
392 +.251194727749E-0075
393 +.655398238825E-0076
394 +.220175749684E-0075
395 +.127231850813E-0075
396 +.491456891118E-0075
397 +.126077289131E-0074
398 +.243677831160E-0075
399 +.855589166679E-0075
400 +.906691794145E-0075
401 +.289793721311E-0074
402 +.306269185225E-0074
403 +.835498705168E-0074
404 +.164665371733E-0073
405 +.228292310344E-0073
406 +.275882805581E-0073
407 +.832539292348E-0073
408 +.531136278400E-0073
409 +.153431228121E-0072
410 +.453960621538E-0072
411 +.446418691277E-0072
412 +.529990389078E-0072
413 +.887552437555E-0072
414 +.214417876471E-0071
415 +.182120889699E-0071
416 +.648579251567E-0071
417 +.132570356113E-0070
418 +.179091808378E-0070
419 +.226024457010E-0070
420 +.665919106267E-0070
421 +.302471311534E-0070
422 +.846159377103E-0070
423 +.274014595886E-0069
424 +.507386737272E-0069
425 +.442474643814E-0070
426 +.251384897937E-0069
427 +.104578213043E-0069
428 +.431651882495E-0069
429 +.121733414409E-0068
430 +.570645698075E-0069
431 +.699898092229E-0069
432 +.835684352887E-0069
433 +.264118710142E-0068
434 +.277888143648E-0068
435 +.758571723137E-0068
436 +.150125440354E-0067
437 +.205825311226E-0067
438 +.253774089142E-0067
439 +.757732965447E-0067
440 +.421332600443E-0067
441 +.120826739809E-0066
442 +.374204460001E-0066
443 +.523870865315E-0066
444 +.406623233801E-0066
445 +.937286341888E-0066
446 +.129990899221E-0065
447 +.364258180039E-0065
448 +.215939164742E-0066
449 +.323615142180E-0066
450 +.122771282972E-0065
451 +.327473198320E-0065
452 +.569836319530E-0065
453 +.300034766896E-0065
454 +.791260298541E-0065
455 +.780375069490E-0065
456 +.260942206520E-0064
457 +.383110571814E-0064
458 +.878865523570E-0064
459 +.577851625140E-0064
460 +.160789885848E-0063
461 +.413816942337E-0063
462 +.248094387165E-0064
463 +.173267300236E-0063
464 +.162134697642E-0063
465 +.537647293461E-0063
466 +.714031501369E-0063
467 +.176124597632E-0062
468 +.198801354013E-0062
469 +.508981596804E-0062
470 +.738616617286E-0062
471 +.163325233002E-0061
472 +.748194946476E-0062
473 +.201580834153E-0061
474 +.579552440320E-0061
475 +.439803217283E-0061
476 +.569351339452E-0061
477 +.801377080721E-0061
478 +.226698960723E-0060
479 +.367773519334E-0061
480 +.625032546427E-0061
481 +.212555376154E-0060
482 +.557296473605E-0060
483 +.890189871001E-0060
484 +.669928000463E-0060
485 +.154860782061E-0059
486 +.214044041457E-0059
487 +.600757214543E-0059
488 +.423756998047E-0060
489 +.293207260527E-0060
490 +.118095504487E-0059
491 +.314731440833E-0059
492 +.549630764932E-0059
493 +.283840922254E-0059
494 +.753305829679E-0059
495 +.731257411004E-0059
496 +.245932248373E-0058
497 +.373138899569E-0058
498 +.831416583874E-0058
499 +.407211311185E-0058
500 +.110773655039E-0057
501 +.313587436903E-0057
502 +.197986196139E-0057
503 +.258267007530E-0057
504 +.332857618014E-0057
505 +.100060292967E-0056
506 +.628601336249E-0057
507 +.181631454132E-0056
508 +.541787788423E-0056
509 +.571262484468E-0056
510 +.648135530286E-0056
511 +.114808367967E-0055
512 +.259426168212E-0055
513 +.311364357649E-0055
514 +.967511408896E-0055
515 +.837388145337E-0055
516 +.238473124393E-0054
517 +.592722543449E-0054
518 +.166804858442E-0054
519 +.501734925590E-0054
520 +.569412888334E-0054
521 +.177152555237E-0053
522 +.149723064855E-0053
523 +.427576422513E-0053
524 +.108256402799E-0052
525 +.181960751398E-0053
526 +.682843340561E-0053
527 +.703102474658E-0053
528 +.227153091343E-0052
529 +.259447446761E-0052
530 +.689223521811E-0052
531 +.118431704577E-0051
532 +.216066169199E-0051
533 +.901197805671E-0052
534 +.368323203487E-0051
535 +.100248835003E-0050
536 +.206877881389E-0051
537 +.104078083125E-0051
538 +.151213329909E-0051
539 +.487917043344E-0051
540 +.688373459046E-0051
541 +.162641161959E-0050
542 +.136671477526E-0050
543 +.375540352037E-0050
544 +.826485477843E-0050
545 +.766262798863E-0050
546 +.142917611091E-0049
547 +.298940400627E-0049
548 +.460905389389E-0049
549 +.119656113607E-0048
550 +.540117507096E-0049
551 +.222997176326E-0048
552 +.674893962341E-0048
553 +.716880502205E-0048
554 +.805819033685E-0048
555 +.144149098288E-0047
556 +.321664000627E-0047
557 +.405770402292E-0047
558 +.122617530235E-0046
559 +.782322899371E-0047
560 +.226341673632E-0046
561 +.673082744501E-0046
562 +.691372393245E-0046
563 +.799017828706E-0046
564 +.138524838807E-0045
565 +.321499018451E-0045
566 +.342362961408E-0045
567 +.112581348788E-0044
568 +.151763604765E-0044
569 +.370865348742E-0044
570 +.394400679880E-0044
571 +.103104709418E-0043
572 +.168619140761E-0043
573 +.329464833231E-0043
574 +.475675505553E-0044
575 +.262526988162E-0043
576 +.805742842932E-0043
577 +.921482854640E-0043
578 +.970936863224E-0043
579 +.184967265755E-0042
580 +.377251068584E-0042
581 +.627020106664E-0042
582 +.150329957811E-0041
583 +.138605246589E-0041
584 +.481373219518E-0041
585 +.880073689632E-0041
586 +.153772762971E-0040
587 +.877507718047E-0041
588 +.335167579143E-0040
589 +.813255205581E-0040
590 +.428669418362E-0040
591 +.103134796276E-0039
592 +.147795710455E-0039
593 +.399713505875E-0039
594 +.761582390952E-0040
595 +.389923772327E-0039
596 +.132666688006E-0038
597 +.293686363075E-0038
598 +.185837259988E-0038
599 +.290761563115E-0038
600 +.222259534657E-0038
601 +.809047491444E-0038
602 +.179557544095E-0037
603 +.177764070348E-0037
604 +.316325893859E-0037
605 +.701042125831E-0037
606 +.898694645837E-0037
607 +.268798456565E-0036
608 +.149495294706E-0036
609 +.429381402328E-0036
610 +.133626088874E-0035
611 +.193207438251E-0035
612 +.138531733042E-0035
613 +.330566183470E-0035
614 +.418806048822E-0035
615 +.124634608905E-0034
616 +.633546486632E-0035
617 +.180310584044E-0034
618 +.573596607020E-0034
619 +.954580515776E-0034
620 +.383240581390E-0034
621 +.111410450669E-0033
622 +.830353368261E-0034
623 +.302606349244E-0033
624 +.659576106547E-0033
625 +.710129165817E-0033
626 +.118081159893E-0032
627 +.281829002298E-0032
628 +.255623285565E-0032
629 +.891465897453E-0032
630 +.165977456207E-0031
631 +.280297185520E-0031
632 +.191225398747E-0031
633 +.701301426663E-0031
634 +.152585502731E-0030
635 +.165120751128E-0030
636 +.273393177209E-0030
637 +.655345864931E-0030
638 +.579071351778E-0030
639 +.203639274795E-0029
640 +.393889940105E-0029
641 +.613967175264E-0029
642 +.563619269963E-0029
643 +.190376448074E-0028
644 +.294640432215E-0028
645 +.643022424662E-0028
646 +.242247946244E-0028
647 +.626054068967E-0028
648 +.184851645259E-0027
649 +.184103699344E-0027
650 +.216916730000E-0027
651 +.367007432608E-0027
652 +.876494221593E-0027
653 +.800024448169E-0027
654 +.278580826339E-0026
655 +.515351863694E-0026
656 +.881090116508E-0026
657 +.566300472832E-0026
658 +.210615844876E-0025
659 +.477716352890E-0025
660 +.422731983035E-0025
661 +.810399241731E-0025
662 +.163420936366E-0024
663 +.276552377091E-0024
664 +.648265391189E-0024
665 +.676450575669E-0024
666 +.224478692015E-0023
667 +.320637309305E-0023
668 +.752194786069E-0023
669 +.597418033633E-0023
670 +.165121583108E-0022
671 +.380283836955E-0022
672 +.267847583020E-0022
673 +.576991332421E-0022
674 +.978709222058E-0022
675 +.223465481200E-0021
676 +.263691551660E-0021
677 +.827030293711E-0021
678 +.779946666114E-0021
679 +.218935277133E-0020
680 +.500939312694E-0020
681 +.369971923651E-0020
682 +.780474505819E-0020
683 +.136770849494E-0019
684 +.298958297750E-0019
685 +.415826622866E-0019
686 +.117854884242E-0018
687 +.172589985074E-0019
688 +.259775009566E-0019
689 +.880871371132E-0019
690 +.234943861955E-0018
691 +.402787581972E-0018
692 +.228914466472E-0018
693 +.588546523881E-0018
694 +.619395319986E-0018
695 +.201936037998E-0017
696 +.253032468979E-0017
697 +.644864778199E-0017
698 +.884867167171E-0017
699 +.204216176908E-0016
700 +.144705607271E-0016
701 +.402710981943E-0016
702 +.100037180330E-0015
703 +.282286676003E-0016
704 +.848099958857E-0016
705 +.963880134598E-0016
706 +.299670650006E-0015
707 +.251612565238E-0015
708 +.719120600821E-0015
709 +.183023370498E-0014
710 +.247638279690E-0015
711 +.103764323560E-0014
712 +.103901524877E-0014
713 +.338644984055E-0014
714 +.409388754206E-0014
715 +.106175569226E-0013
716 +.160555002404E-0013
717 +.341850848072E-0013
718 +.875995577678E-0014
719 +.196983365621E-0013
720 +.597235557954E-0013
721 +.766104611991E-0013
722 +.701626288015E-0013
723 +.148149349313E-0012
724 +.251226088911E-0012
725 +.579108181488E-0012
726 +.655317815951E-0012
727 +.209840750466E-0011
728 +.234788764552E-0011
729 +.628719088247E-0011
730 +.112603202806E-0010
731 +.192047089591E-0010
732 +.124999511600E-0010
733 +.463750611111E-0010
734 +.104575025466E-0009
735 +.955401590805E-0010
736 +.179604570334E-0009
737 +.371777218511E-0009
738 +.589484282052E-0009
739 +.148819911458E-0008
740 +.928701421794E-0009
741 +.357896259715E-0008
742 +.951692194245E-0008
743 +.441948610932E-0009
744 +.198147490824E-0008
745 +.158383729185E-0008
746 +.537419444775E-0008
747 +.755270841182E-0008
748 +.179466959542E-0007
749 +.157043172763E-0007
750 +.429160590089E-0007
751 +.909925404762E-0007
752 +.996078219353E-0007
753 +.163454622084E-0006
754 +.395465657348E-0006
755 +.329373852214E-0006
756 +.117913334336E-0005
757 +.246067931477E-0005
758 +.311593278720E-0005
759 +.433613300383E-0005
760 +.120195063107E-0004
761 +.154572381197E-0006
762 +.305563951320E-0005
763 +.109599624668E-0004
764 +.284302558256E-0004
765 +.437290665950E-0004
766 +.367385479873E-0004
767 +.806242334922E-0004
768 +.125703931641E-0003
769 +.318282045176E-0003
770 +.193639125910E-0003
771 +.750347227668E-0003
772 +.202153725010E-0002
773 +.278066617445E-0003
774 +.591743103662E-0004
775 +.328104557377E-0004
776 +.814901300138E-0004
777 +.113849531931E-0003
778 +.266487238718E-0003
779 +.211139085762E-0003
780 +.583662771664E-0003
781 +.134640705460E-0002
782 +.936958908977E-0003
783 +.202889134008E-0002
784 +.341345594275E-0002
785 +.787421183655E-0002
786 +.888167196477E-0002
