0 +.186652723701E-0300
1 +.578623443472E-0300
2 +.592062439578E-0300
3 +.164377617519E-0299
4 +.358760268782E-0299
5 +.507519382416E-0299
6 +.601517787548E-0299
7 +.183176901856E-0298
8 +.165693312024E-0298
9 +.493953747411E-0298
10 +.140795628205E-0297
11 +.846475294763E-0298
12 +.194458980600E-0297
13 +.226523109797E-0297
14 +.693643801099E-0297
15 +.638543592437E-0297
16 +.190104790692E-0296
17 +.536575880099E-0296
18 +.282092525461E-0296
19 +.680440948709E-0296
20 +.750535163903E-0296
21 +.236085164706E-0295
22 +.266893807766E-0295
23 +.763572649894E-0295
24 +.176411318719E-0294
25 +.133713932526E-0294
26 +.281254165221E-0294
27 +.490459204894E-0294
28 +.108018320275E-0293
29 +.146408361079E-0293
30 +.422715228243E-0293
31 +.128813322400E-0293
32 +.350735421349E-0293
33 +.127593622594E-0292
34 +.312278973971E-0292
35 +.367697361120E-0292
36 +.470404727116E-0292
37 +.725027519441E-0292
38 +.188581919932E-0291
39 +.776999390004E-0292
40 +.326807660467E-0291
41 +.102209653005E-0290
42 +.126934926218E-0290
43 +.182437277411E-0290
44 +.355771545410E-0290
45 +.639092593717E-0290
46 +.136796639683E-0289
47 +.203225630548E-0289
48 +.546446353765E-0289
49 +.121749451192E-0289
50 +.594913816208E-0289
51 +.207829787315E-0288
52 +.439224523682E-0288
53 +.187534193704E-0288
54 +.276086386589E-0288
55 +.166919843959E-0288
56 +.644513312131E-0288
57 +.175055591774E-0287
58 +.158166189060E-0288
59 +.837740052499E-0288
60 +.770253939269E-0288
61 +.257799421595E-0287
62 +.410667980622E-0287
63 +.980614885460E-0287
64 +.841227498754E-0287
65 +.235188742420E-0286
66 +.567394910869E-0286
67 +.538783377799E-0286
68 +.995516333785E-0286
69 +.210189834350E-0285
70 +.315771953055E-0285
71 +.839725898785E-0285
72 +.248638252390E-0285
73 +.112739301918E-0284
74 +.384461469186E-0284
75 +.700826332433E-0284
76 +.936696126343E-0285
77 +.419781340045E-0284
78 +.189968528475E-0284
79 +.771207872637E-0284
80 +.216030900262E-0283
81 +.774593162586E-0284
82 +.212943459292E-0283
83 +.214013984466E-0283
84 +.700019239449E-0283
85 +.100840767459E-0282
86 +.259544181207E-0282
87 +.356315555519E-0282
88 +.840547051881E-0282
89 +.852544061341E-0282
90 +.245104781838E-0281
91 +.591880397717E-0281
92 +.327819296908E-0281
93 +.782359945780E-0281
94 +.110859263107E-0280
95 +.302810423735E-0280
96 +.371243632026E-0281
97 +.222851752471E-0280
98 +.792854379256E-0280
99 +.190795118230E-0279
100 +.205338459930E-0279
101 +.396177268173E-0279
102 +.518090953804E-0279
103 +.148214076868E-0278
104 +.624341537766E-0279
105 +.176512923024E-0278
106 +.618709358188E-0278
107 +.158086011114E-0277
108 +.226723665915E-0277
109 +.317728280734E-0277
110 +.606339780113E-0277
111 +.113965402972E-0276
112 +.226179726578E-0276
113 +.407692141006E-0276
114 +.876724924517E-0276
115 +.128592339408E-0275
116 +.349639119462E-0275
117 +.515044317091E-0276
118 +.287920342778E-0275
119 +.101631325136E-0274
120 +.239321578275E-0274
121 +.228398026987E-0274
122 +.477688921270E-0274
123 +.533225507950E-0274
124 +.166830356143E-0273
125 +.182460591504E-0273
126 +.526558989324E-0273
127 +.126741661822E-0272
128 +.685110150409E-0273
129 +.164533545225E-0272
130 +.232382086371E-0272
131 +.636173540235E-0272
132 +.710548209793E-0273
133 +.434098247572E-0272
134 +.155314104085E-0271
135 +.379373718885E-0271
136 +.441344409073E-0271
137 +.798344107737E-0271
138 +.115828843871E-0270
139 +.306534630184E-0270
140 +.989697480679E-0271
141 +.439339735186E-0270
142 +.143967870196E-0269
143 +.240973078681E-0269
144 +.177926522907E-0269
145 +.458216392380E-0269
146 +.335381353607E-0269
147 +.123125138803E-0268
148 +.297371281558E-0268
149 +.277037757295E-0268
150 +.516559217422E-0268
151 +.107852223073E-0267
152 +.167147700122E-0267
153 +.431762330979E-0267
154 +.208545477605E-0267
155 +.848920034805E-0267
156 +.264301784846E-0266
157 +.232941750372E-0266
158 +.292508571948E-0266
159 +.454917782802E-0266
160 +.118303341393E-0265
161 +.487265424102E-0266
162 +.204978113649E-0265
163 +.662439586590E-0265
164 +.823762627180E-0265
165 +.790161522079E-0265
166 +.162751234423E-0264
167 +.289152494572E-0264
168 +.625396823413E-0264
169 +.900557875121E-0264
170 +.248543340285E-0263
171 +.431248677417E-0264
172 +.113434325701E-0263
173 +.417696386909E-0263
174 +.107705881216E-0262
175 +.162049726961E-0262
176 +.155826995073E-0262
177 +.327922886382E-0262
178 +.545125114974E-0262
179 +.128829335313E-0261
180 +.128894202721E-0261
181 +.434778584357E-0261
182 +.760617844108E-0261
183 +.165196714235E-0260
184 +.528184507188E-0261
185 +.135699356294E-0260
186 +.440384794478E-0260
187 +.513017127262E-0260
188 +.527792089988E-0260
189 +.102525595257E-0259
190 +.202748541921E-0259
191 +.361932701031E-0259
192 +.789354751200E-0259
193 +.110645688049E-0258
194 +.311891207137E-0258
195 +.379328320602E-0259
196 +.228559028511E-0258
197 +.833314467152E-0258
198 +.223399299132E-0257
199 +.394753998173E-0257
200 +.191622473898E-0257
201 +.519253201854E-0257
202 +.476780894357E-0257
203 +.163451301368E-0256
204 +.303188885409E-0256
205 +.608454480713E-0256
206 +.463709625393E-0257
207 +.342388437748E-0256
208 +.109799175583E-0255
209 +.139651517911E-0255
210 +.128483171848E-0255
211 +.270396382689E-0255
212 +.461803658548E-0255
213 +.105479085636E-0254
214 +.124280105692E-0254
215 +.390132685335E-0254
216 +.379173467657E-0254
217 +.108924668346E-0253
218 +.270092216582E-0253
219 +.214367228083E-0253
220 +.438835263865E-0253
221 +.802166197244E-0253
222 +.164549320920E-0252
223 +.274783807328E-0252
224 +.655365649564E-0252
225 +.623285721625E-0252
226 +.214193460589E-0251
227 +.371774420768E-0251
228 +.718849268599E-0251
229 +.184111845579E-0251
230 +.844821130905E-0251
231 +.255349683298E-0250
232 +.204328919768E-0250
233 +.343290221221E-0250
234 +.482037334926E-0250
235 +.132951406901E-0249
236 +.665605456028E-0251
237 +.635871430384E-0250
238 +.228426771125E-0249
239 +.583716580320E-0249
240 +.840985446553E-0249
241 +.819620599978E-0249
242 +.164848965261E-0248
243 +.305483336171E-0248
244 +.617443824905E-0248
245 +.106885061501E-0247
246 +.243557253721E-0247
247 +.289866293213E-0247
248 +.905396069515E-0247
249 +.822956071631E-0247
250 +.236981848633E-0246
251 +.613114356775E-0246
252 +.336188058052E-0246
253 +.800658896053E-0246
254 +.115505038131E-0245
255 +.310881697831E-0245
256 +.691594259662E-0246
257 +.338013003037E-0245
258 +.117966490644E-0244
259 +.247965068910E-0244
260 +.100055618949E-0244
261 +.147933388078E-0244
262 +.871788396446E-0245
263 +.338495365896E-0244
264 +.965481081067E-0244
265 +.138454148259E-0244
266 +.212697293891E-0245
267 +.401306032882E-0245
268 +.127775623980E-0244
269 +.206124056394E-0244
270 +.564751183030E-0244
271 +.579638579816E-0244
272 +.199287878222E-0243
273 +.500309904079E-0243
274 +.463900280952E-0243
275 +.960442708692E-0243
276 +.159580648193E-0242
277 +.375735561185E-0242
278 +.383005314812E-0242
279 +.128257822097E-0241
280 +.196229072645E-0241
281 +.449268567108E-0241
282 +.354532360583E-0241
283 +.104074846512E-0240
284 +.294132487600E-0240
285 +.147145630604E-0240
286 +.361049082858E-0240
287 +.391866260583E-0240
288 +.124176125982E-0239
289 +.147623887853E-0239
290 +.415825879724E-0239
291 +.893411205819E-0239
292 +.983537353939E-0239
293 +.163407264555E-0238
294 +.389057946986E-0238
295 +.358682129913E-0238
296 +.124418310230E-0237
297 +.225829358059E-0237
298 +.406663521857E-0237
299 +.213075879888E-0237
300 +.828697924724E-0237
301 +.212544574948E-0236
302 +.807521254568E-0237
303 +.219468594871E-0236
304 +.259295605262E-0236
305 +.793123903127E-0236
306 +.580957241180E-0236
307 +.172671992492E-0235
308 +.522833002916E-0235
309 +.308030214320E-0235
310 +.408623445832E-0235
311 +.513165607072E-0235
312 +.156479466065E-0234
313 +.116095456192E-0234
314 +.342373343229E-0234
315 +.101551105120E-0233
316 +.422876844837E-0234
317 +.515900298644E-0234
318 +.600198267019E-0234
319 +.192319435388E-0233
320 +.225352920884E-0233
321 +.601353961679E-0233
322 +.111177946234E-0232
323 +.221826081418E-0232
324 +.240443590844E-0233
325 +.149406690006E-0232
326 +.478179232223E-0232
327 +.587310273274E-0232
328 +.567659701002E-0232
329 +.115633658403E-0231
330 +.210438368512E-0231
331 +.438563504666E-0231
332 +.703484281139E-0231
333 +.175647246477E-0230
334 +.121304477019E-0230
335 +.456665379044E-0230
336 +.121187587834E-0229
337 +.452181149806E-0230
338 +.122704781458E-0229
339 +.151309648476E-0229
340 +.451823955196E-0229
341 +.236867711991E-0229
342 +.698452844131E-0229
343 +.234941527042E-0228
344 +.371490605371E-0228
345 +.196922879862E-0228
346 +.525284878759E-0228
347 +.481566333858E-0228
348 +.165381346004E-0227
349 +.284376404951E-0227
350 +.569452201615E-0227
351 +.976023336426E-0228
352 +.422126130741E-0227
353 +.134947843800E-0226
354 +.155471957735E-0226
355 +.186252885813E-0226
356 +.351197502496E-0226
357 +.706871347189E-0226
358 +.121695151152E-0225
359 +.279155186911E-0225
360 +.322738616252E-0225
361 +.102298848221E-0224
362 +.124983295794E-0224
363 +.348995734260E-0224
364 +.719532971773E-0224
365 +.916485950291E-0224
366 +.129881958131E-0223
367 +.354832307572E-0223
368 +.337021063950E-0224
369 +.226289412549E-0223
370 +.808563898295E-0223
371 +.197469168317E-0222
372 +.229474001800E-0222
373 +.297021269009E-0222
374 +.449943204853E-0222
375 +.118814310671E-0221
376 +.374686029290E-0222
377 +.167250247626E-0221
378 +.550133710158E-0221
379 +.940252614758E-0221
380 +.537439004758E-0221
381 +.145920403902E-0220
382 +.965270397117E-0221
383 +.362823987930E-0220
384 +.886723287463E-0220
385 +.520627123236E-0220
386 +.121556160721E-0219
387 +.178375001907E-0219
388 +.473624123247E-0219
389 +.147540420103E-0219
390 +.660769445579E-0219
391 +.218153621533E-0218
392 +.381133911445E-0218
393 +.191847380855E-0218
394 +.538247716630E-0218
395 +.320522570672E-0218
396 +.123315279846E-0217
397 +.319765351285E-0217
398 +.737485711874E-0218
399 +.240400764706E-0217
400 +.256343642125E-0217
401 +.818868276855E-0217
402 +.878655537962E-0217
403 +.243938844088E-0216
404 +.533956012014E-0216
405 +.748373218209E-0216
406 +.902629492778E-0216
407 +.272432526855E-0215
408 +.227966260211E-0215
409 +.684003463285E-0215
410 +.204266965552E-0214
411 +.200681792238E-0214
412 +.360752116940E-0214
413 +.573180772656E-0214
414 +.139025462031E-0213
415 +.118015697871E-0213
416 +.420308525713E-0213
417 +.869434835703E-0213
418 +.120914889648E-0212
419 +.151833091861E-0212
420 +.447517299486E-0212
421 +.218938083185E-0212
422 +.665212822528E-0212
423 +.229119900102E-0211
424 +.422986886176E-0211
425 +.406224746084E-0212
426 +.217940495952E-0211
427 +.913435790900E-0212
428 +.376535954432E-0211
429 +.106917402545E-0210
430 +.500419124015E-0211
431 +.687518129567E-0211
432 +.802862713319E-0211
433 +.254198664106E-0210
434 +.315665717710E-0210
435 +.875443667434E-0210
436 +.174851268498E-0209
437 +.244323944284E-0209
438 +.300234986445E-0209
439 +.896703384677E-0209
440 +.530104048871E-0209
441 +.162350481130E-0208
442 +.535691876285E-0208
443 +.746760950207E-0208
444 +.588487460305E-0208
445 +.135306811908E-0207
446 +.187699642455E-0207
447 +.525958951526E-0207
448 +.417715874537E-0208
449 +.100828930997E-0207
450 +.374866492021E-0207
451 +.100050289517E-0206
452 +.174090765869E-0206
453 +.151692659781E-0206
454 +.365845495248E-0206
455 +.364703382341E-0206
456 +.121831348704E-0205
457 +.181590406045E-0205
458 +.425428415248E-0205
459 +.389830290480E-0205
460 +.113496236905E-0204
461 +.295909933605E-0204
462 +.287712502079E-0205
463 +.145739509136E-0204
464 +.138746616608E-0204
465 +.459331024454E-0204
466 +.615132322743E-0204
467 +.153396632000E-0203
468 +.210257723504E-0203
469 +.548176052589E-0203
470 +.807722384637E-0203
471 +.181988000763E-0202
472 +.132291098548E-0202
473 +.388460486225E-0202
474 +.113494483858E-0201
475 +.859382836547E-0202
476 +.179274203000E-0201
477 +.236569829227E-0201
478 +.672584509466E-0201
479 +.251411526886E-0201
480 +.690416621779E-0201
481 +.243693887149E-0200
482 +.638152753504E-0200
483 +.101943440851E-0199
484 +.115010177461E-0199
485 +.250593826927E-0199
486 +.348344428638E-0199
487 +.977268017721E-0199
488 +.277894396491E-0199
489 +.696444634364E-0199
490 +.248245320136E-0198
491 +.663991378271E-0198
492 +.115928981016E-0197
493 +.997030072321E-0198
494 +.241468075382E-0197
495 +.237016379300E-0197
496 +.796311328512E-0197
497 +.135033523730E-0196
498 +.303687979418E-0196
499 +.153385026553E-0196
500 +.430447699488E-0196
501 +.131203391205E-0195
502 +.818457096482E-0196
503 +.109055433377E-0195
504 +.140025258966E-0195
505 +.421052380708E-0195
506 +.264526840508E-0195
507 +.783973914318E-0195
508 +.249926768082E-0194
509 +.261906683030E-0194
510 +.301452143430E-0194
511 +.532843962230E-0194
512 +.120423088740E-0193
513 +.144529730621E-0193
514 +.449102021168E-0193
515 +.394493196949E-0193
516 +.139491473815E-0192
517 +.349564403960E-0192
518 +.106803943955E-0192
519 +.312271776984E-0192
520 +.355289638375E-0192
521 +.110512036525E-0191
522 +.953210455057E-0192
523 +.278370601213E-0191
524 +.762634798170E-0191
525 +.135039401778E-0191
526 +.494529705903E-0191
527 +.510179666582E-0191
528 +.164796542107E-0190
529 +.188223021209E-0190
530 +.508916296451E-0190
531 +.988427779064E-0190
532 +.182317469321E-0189
533 +.757163136749E-0190
534 +.309690924450E-0189
535 +.888352259056E-0189
536 +.178314961439E-0189
537 +.960551036465E-0190
538 +.135772225668E-0189
539 +.438875016392E-0189
540 +.700718940759E-0189
541 +.193624288949E-0188
542 +.208314206414E-0188
543 +.588679188561E-0188
544 +.130994990362E-0187
545 +.125562096808E-0187
546 +.232858427905E-0187
547 +.487283401606E-0187
548 +.751261352104E-0187
549 +.195036315602E-0186
550 +.880376629434E-0187
551 +.363479288607E-0186
552 +.115288127161E-0185
553 +.121936832099E-0185
554 +.138501508971E-0185
555 +.247375235178E-0185
556 +.552074059764E-0185
557 +.696417789553E-0185
558 +.210446874182E-0184
559 +.137078805074E-0184
560 +.524185701505E-0184
561 +.157202527212E-0183
562 +.161340717668E-0183
563 +.280743712018E-0183
564 +.462248098374E-0183
565 +.107705571270E-0182
566 +.114640469963E-0182
567 +.376994832450E-0182
568 +.516524122629E-0182
569 +.128910082005E-0181
570 +.168412090223E-0181
571 +.449100624470E-0181
572 +.744777953988E-0181
573 +.148404094653E-0180
574 +.237028524662E-0181
575 +.116729920643E-0180
576 +.371721236198E-0180
577 +.423801441514E-0180
578 +.521116188444E-0180
579 +.971515083726E-0180
580 +.198480276334E-0179
581 +.329840208016E-0179
582 +.790810703221E-0179
583 +.729131752202E-0179
584 +.253226019751E-0178
585 +.506710010168E-0178
586 +.892538560776E-0178
587 +.508096586293E-0178
588 +.194134317896E-0177
589 +.501541052967E-0177
590 +.268133762624E-0177
591 +.642965040159E-0177
592 +.921658558913E-0177
593 +.249256960725E-0176
594 +.474920643592E-0177
595 +.243154392880E-0176
596 +.855797599536E-0176
597 +.189198026913E-0175
598 +.119753748189E-0175
599 +.191760014117E-0175
600 +.145739968081E-0175
601 +.530838998354E-0175
602 +.117815520173E-0174
603 +.120090792510E-0174
604 +.212651942568E-0174
605 +.471456047378E-0174
606 +.604354965556E-0174
607 +.180762381063E-0173
608 +.100533093963E-0173
609 +.297238075390E-0173
610 +.986229102741E-0173
611 +.142006980416E-0172
612 +.103507649041E-0172
613 +.246285348283E-0172
614 +.312116412601E-0172
615 +.928821992789E-0172
616 +.490770917373E-0172
617 +.145878807334E-0171
618 +.494163752471E-0171
619 +.819549617603E-0171
620 +.337351171612E-0171
621 +.974482410595E-0171
622 +.726933356427E-0171
623 +.264891079201E-0170
624 +.583440190720E-0170
625 +.648678508323E-0170
626 +.107291272995E-0169
627 +.256179511658E-0169
628 +.232345832027E-0169
629 +.810291916639E-0169
630 +.150864126584E-0168
631 +.259385536290E-0168
632 +.176139814215E-0168
633 +.646336659973E-0168
634 +.143345056689E-0167
635 +.164260928129E-0167
636 +.269435784833E-0167
637 +.646318765582E-0167
638 +.571037443408E-0167
639 +.200815979100E-0166
640 +.388429137495E-0166
641 +.617089034357E-0166
642 +.564246035082E-0166
643 +.190661326763E-0165
644 +.302079554649E-0165
645 +.681945478787E-0165
646 +.441278052351E-0165
647 +.128723261642E-0164
648 +.387216011419E-0164
649 +.384923635770E-0164
650 +.685640088038E-0164
651 +.110095361629E-0163
652 +.263979778573E-0163
653 +.240817216737E-0163
654 +.838605879124E-0163
655 +.157117354087E-0162
656 +.275192151550E-0162
657 +.175720474597E-0162
658 +.654069600141E-0162
659 +.151187741701E-0161
660 +.143359043798E-0161
661 +.271581392673E-0161
662 +.548164914205E-0161
663 +.927567581942E-0161
664 +.217432108836E-0160
665 +.226885417708E-0160
666 +.752914506543E-0160
667 +.121156732141E-0159
668 +.287085178564E-0159
669 +.232462135745E-0159
670 +.654625930116E-0159
671 +.164843123588E-0158
672 +.117938932232E-0158
673 +.253280278487E-0158
674 +.429730049238E-0158
675 +.981169350343E-0158
676 +.115779238909E-0157
677 +.363124720568E-0157
678 +.411919219251E-0157
679 +.117837802438E-0156
680 +.271941379205E-0156
681 +.207661177848E-0156
682 +.435302662465E-0156
683 +.763220953930E-0156
684 +.166820647537E-0155
685 +.232034847752E-0155
686 +.657640235613E-0155
687 +.110044629443E-0155
688 +.229751290003E-0155
689 +.857870120494E-0155
690 +.228111809740E-0154
691 +.391153138439E-0154
692 +.222316038060E-0154
693 +.571574506396E-0154
694 +.601534555700E-0154
695 +.196113025161E-0153
696 +.245736040974E-0153
697 +.636557839506E-0153
698 +.102212130398E-0152
699 +.239142709505E-0152
700 +.174299927142E-0152
701 +.498297926901E-0152
702 +.134382452840E-0151
703 +.392004920434E-0152
704 +.116412608832E-0151
705 +.132440830926E-0151
706 +.411723103327E-0151
707 +.345691741364E-0151
708 +.100895636442E-0150
709 +.277750906911E-0150
710 +.400516600348E-0151
711 +.162344415209E-0150
712 +.162951301446E-0150
713 +.530987694008E-0150
714 +.641901512939E-0150
715 +.169400022655E-0149
716 +.295012901327E-0149
717 +.635844112531E-0149
718 +.175575835296E-0149
719 +.436505474370E-0149
720 +.143435234385E-0148
721 +.182894310763E-0148
722 +.253305707103E-0148
723 +.506751526692E-0148
724 +.863323542222E-0148
725 +.198936441538E-0147
726 +.225125327360E-0147
727 +.720876294762E-0147
728 +.822121035202E-0147
729 +.225128892116E-0146
730 +.453089725213E-0146
731 +.781109909284E-0146
732 +.506938600498E-0146
733 +.188142949574E-0145
734 +.454681154024E-0145
735 +.419445784174E-0145
736 +.787181091503E-0145
737 +.162965835499E-0144
738 +.258393067042E-0144
739 +.652334062599E-0144
740 +.407084952929E-0144
741 +.156879468274E-0143
742 +.441587785295E-0143
743 +.193722848024E-0144
744 +.973879987495E-0144
745 +.790355627643E-0144
746 +.267732306190E-0143
747 +.423643606878E-0143
748 +.117741300672E-0142
749 +.130604346279E-0142
750 +.366363255452E-0142
751 +.785443104924E-0142
752 +.884488686187E-0142
753 +.144466664099E-0141
754 +.349649389797E-0141
755 +.291199449260E-0141
756 +.104247720060E-0140
757 +.217549660035E-0140
758 +.281775306435E-0140
759 +.390626144442E-0140
760 +.108311687048E-0139
761 +.531412635814E-0141
762 +.419007733731E-0140
763 +.151248160938E-0139
764 +.392261439846E-0139
765 +.603368699380E-0139
766 +.506882179427E-0139
767 +.111241104606E-0138
768 +.173426647120E-0138
769 +.439148878514E-0138
770 +.266973516869E-0138
771 +.103468712929E-0137
772 +.294887178641E-0137
773 +.396009670604E-0138
774 +.114545254945E-0138
775 +.697671782248E-0139
776 +.245386511618E-0138
777 +.393370731668E-0138
778 +.107890922099E-0137
779 +.111151908001E-0137
780 +.381684234111E-0137
781 +.954933986222E-0137
782 +.905027935303E-0137
783 +.185488432105E-0136
784 +.314049909548E-0136
785 +.722601286728E-0136
786 +.823260933705E-0136
787 +.262741861265E-0135
788 +.335883905290E-0135
789 +.921127351821E-0135
790 +.174413723933E-0134
791 +.276675232409E-0134
792 +.253105281552E-0134
793 +.855612298277E-0134
794 +.135972885446E-0133
795 +.306023884252E-0133
796 +.193273026140E-0133
797 +.562720056522E-0133
798 +.170181666436E-0132
799 +.176680290026E-0132
800 +.304415104636E-0132
801 +.506618108497E-0132
802 +.116534376177E-0131
803 +.131719133294E-0131
804 +.421702399354E-0131
805 +.480036780020E-0131
806 +.131554958807E-0130
807 +.265581284559E-0130
808 +.454976570003E-0130
809 +.304509496809E-0130
810 +.112201373308E-0129
811 +.265959526432E-0129
812 +.272528566687E-0129
813 +.475120790459E-0129
814 +.107630153119E-0128
815 +.126657337952E-0128
816 +.397396257581E-0128
817 +.384440976721E-0128
818 +.110582626202E-0127
819 +.275521760542E-0127
820 +.211280823178E-0127
821 +.439767969198E-0127
822 +.783613827335E-0127
823 +.167248032224E-0126
824 +.250770754363E-0126
825 +.668718409993E-0126
826 +.186012937641E-0126
827 +.856543530314E-0126
828 +.294023011119E-0125
829 +.558529448330E-0125
830 +.870945453381E-0127
831 +.162227606406E-0125
832 +.550651841005E-0126
833 +.237066065434E-0125
834 +.717251822231E-0125
835 +.459958889520E-0125
836 +.597247712101E-0125
837 +.781500142890E-0125
838 +.232785038885E-0124
839 +.138763222855E-0124
840 +.542931691707E-0124
841 +.170056052156E-0123
842 +.241708211668E-0123
843 +.282762464206E-0123
844 +.621834689442E-0123
845 +.831400980277E-0123
846 +.239981812060E-0122
847 +.116901600908E-0122
848 +.340108086325E-0122
849 +.117996920161E-0121
850 +.289575730969E-0121
851 +.342748211372E-0121
852 +.436315779625E-0121
853 +.677260274713E-0121
854 +.175040731038E-0120
855 +.791105625831E-0121
856 +.326311767995E-0120
857 +.996240129193E-0120
858 +.102522177799E-0119
859 +.177545625411E-0119
860 +.294159711656E-0119
861 +.680286694732E-0119
862 +.750351465708E-0119
863 +.242951098544E-0118
864 +.300110600199E-0118
865 +.794160871598E-0118
866 +.137296020590E-0117
867 +.298297675978E-0117
868 +.945507364905E-0118
869 +.245451479060E-0117
870 +.799003113306E-0117
871 +.957540583096E-0117
872 +.953578426624E-0117
873 +.190035912474E-0116
874 +.359851405472E-0116
875 +.700553864557E-0116
876 +.131557449035E-0115
877 +.264497027384E-0115
878 +.463852069488E-0115
879 +.103860439386E-0114
880 +.132627652174E-0114
881 +.398163483546E-0114
882 +.241605502260E-0114
883 +.723911254309E-0114
884 +.236642394902E-0113
885 +.306207371875E-0113
886 +.278366106906E-0113
887 +.594199746067E-0113
888 +.980595748652E-0113
889 +.233726066945E-0112
890 +.223206724826E-0112
891 +.765806386213E-0112
892 +.145188657653E-0111
893 +.281891017999E-0111
894 +.584720609252E-0112
895 +.285040880386E-0111
896 +.890210360372E-0111
897 +.849315478323E-0111
898 +.102885705076E-0110
899 +.169245362656E-0110
900 +.416366130604E-0110
901 +.311045791175E-0110
902 +.114761303554E-0109
903 +.286798768383E-0109
904 +.213239299918E-0109
905 +.448930126673E-0109
906 +.787201486709E-0109
907 +.171921139629E-0108
908 +.239804164028E-0108
909 +.678239058093E-0108
910 +.991204447585E-0109
911 +.555927018967E-0108
912 +.202725298975E-0107
913 +.541439410909E-0107
914 +.942387048153E-0107
915 +.499905210738E-0107
916 +.131651469729E-0106
917 +.129677279617E-0106
918 +.433843905363E-0106
919 +.716788843066E-0106
920 +.165578366868E-0105
921 +.108779375533E-0105
922 +.309556857822E-0105
923 +.871388656595E-0105
924 +.912234038368E-0107
925 +.256775461131E-0105
926 +.222053183326E-0105
927 +.747241249425E-0105
928 +.118345514507E-0104
929 +.328758267446E-0104
930 +.292804637742E-0104
931 +.816054182245E-0104
932 +.191287059756E-0103
933 +.209389798323E-0103
934 +.346695364080E-0103
935 +.829800422726E-0103
936 +.740827160699E-0103
937 +.259677098150E-0102
938 +.501211888307E-0102
939 +.827689534109E-0102
940 +.680693901781E-0102
941 +.237542958110E-0101
942 +.437647893301E-0101
943 +.810652957612E-0101
944 +.399016103014E-0101
945 +.157219021415E-0100
946 +.412165458652E-0100
947 +.100340852948E-0100
948 +.320561182749E-0100
949 +.338709109283E-0100
950 +.108700240291E-0099
951 +.120992627466E-0099
952 +.331974107522E-0099
953 +.689048497601E-0099
954 +.111159901893E-0098
955 +.946189145614E-0099
956 +.327240304843E-0098
957 +.625351831531E-0098
958 +.119498415796E-0097
959 +.324611331093E-0098
960 +.146665126195E-0097
961 +.448648018564E-0097
962 +.337272515570E-0097
963 +.440757161134E-0097
964 +.620508121812E-0097
965 +.175325708905E-0096
966 +.267766064705E-0097
967 +.503985560437E-0097
968 +.188443383483E-0096
969 +.494136865830E-0096
970 +.800063826688E-0096
971 +.872569894283E-0096
972 +.193173056918E-0095
973 +.256475912652E-0095
974 +.742992217213E-0095
975 +.381118064628E-0095
976 +.111768167661E-0094
977 +.385398645383E-0094
978 +.920701298361E-0094
979 +.946329837792E-0094
980 +.133480091980E-0093
981 +.172585334668E-0093
982 +.510721262130E-0093
983 +.355535526780E-0093
984 +.107028473543E-0092
985 +.345599212663E-0092
986 +.589050966713E-0092
987 +.405031913248E-0092
988 +.106198550136E-0091
989 +.721401743535E-0092
990 +.269645158719E-0091
991 +.685744012839E-0091
992 +.437511648885E-0091
993 +.982476549563E-0091
994 +.155662014163E-0090
995 +.384418186573E-0090
996 +.291008481571E-0090
997 +.107044914397E-0089
998 +.265154669088E-0089
999 +.210625633883E-0089
1000 +.429673409311E-0089
1001 +.790618904711E-0089
1002 +.160387617714E-0088
1003 +.275154190641E-0088
1004 +.634435799420E-0088
1005 +.716973022526E-0088
1006 +.229771312425E-0087
1007 +.258738099607E-0087
1008 +.702654377837E-0087
1009 +.139984180337E-0086
1010 +.246416064901E-0086
1011 +.142953491014E-0086
1012 +.544147480990E-0086
1013 +.139616313922E-0085
1014 +.806109616161E-0086
1015 +.188023265667E-0085
1016 +.280837720962E-0085
1017 +.733853127997E-0085
1018 +.304457983605E-0085
1019 +.127925848952E-0084
1020 +.413440792484E-0084
1021 +.514132873718E-0084
1022 +.493151137208E-0084
1023 +.101577477052E-0083
1024 +.180460172757E-0083
1025 +.390335271308E-0083
1026 +.561960553735E-0083
1027 +.155119717721E-0082
1028 +.270863890927E-0083
1029 +.701657710174E-0083
1030 +.258528818429E-0082
1031 +.667088413327E-0082
1032 +.100673298019E-0081
1033 +.958641841558E-0082
1034 +.202627450514E-0081
1035 +.334022099874E-0081
1036 +.797236052458E-0081
1037 +.755066205587E-0081
1038 +.259805589402E-0080
1039 +.499006910118E-0080
1040 +.948192335651E-0080
1041 +.278330051910E-0080
1042 +.123292424825E-0079
1043 +.373977027290E-0079
1044 +.251974606697E-0079
1045 +.332539195763E-0079
1046 +.442995919832E-0079
1047 +.130169516373E-0078
1048 +.582063984566E-0079
1049 +.168510434859E-0078
1050 +.583887365855E-0078
1051 +.110765755747E-0077
1052 +.156734408015E-0079
1053 +.342308995385E-0078
1054 +.116070820212E-0078
1055 +.499728695059E-0078
1056 +.151040550056E-0077
1057 +.955322274997E-0078
1058 +.214595089656E-0077
1059 +.258285077523E-0077
1060 +.777014493286E-0077
1061 +.472215001545E-0077
1062 +.141651854833E-0076
1063 +.461995758232E-0076
1064 +.587467484978E-0076
1065 +.548910111808E-0076
1066 +.115228718280E-0075
1067 +.196895958488E-0075
1068 +.449533456194E-0075
1069 +.530584577258E-0075
1070 +.166409186773E-0074
1071 +.188777560752E-0074
1072 +.540032223018E-0074
1073 +.124621747984E-0073
1074 +.951882491121E-0074
1075 +.199511818529E-0073
1076 +.349870959834E-0073
1077 +.764529107435E-0073
1078 +.106432986769E-0072
1079 +.301461143864E-0072
1080 +.490238712982E-0073
1081 +.100292915086E-0072
1082 +.374879166398E-0072
1083 +.998040730433E-0072
1084 +.172013224373E-0071
1085 +.155168617384E-0071
1086 +.369971667870E-0071
1087 +.384541005088E-0071
1088 +.126393473375E-0070
1089 +.191094712282E-0070
1090 +.476198107390E-0070
1091 +.542576192459E-0070
1092 +.141222753320E-0069
1093 +.239847949872E-0069
1094 +.532410927118E-0069
1095 +.228699833776E-0069
1096 +.634324811324E-0069
1097 +.199775455225E-0068
1098 +.181590884586E-0068
1099 +.226839877365E-0068
1100 +.359453250455E-0068
1101 +.917507047064E-0068
1102 +.484941606358E-0068
1103 +.193593022131E-0067
1104 +.583763139800E-0067
1105 +.347176944599E-0067
1106 +.456884084860E-0067
1107 +.579263568297E-0067
1108 +.175778625566E-0066
1109 +.123623252121E-0066
1110 +.365628501235E-0066
1111 +.111350924868E-0065
1112 +.709169164951E-0066
1113 +.944754088547E-0066
1114 +.122243722349E-0065
1115 +.365792671891E-0065
1116 +.215532409540E-0065
1117 +.638020005524E-0065
1118 +.207724567308E-0064
1119 +.259698425434E-0064
1120 +.248816463083E-0064
1121 +.514009089928E-0064
1122 +.906807456838E-0064
1123 +.198167869283E-0063
1124 +.275905187225E-0063
1125 +.781513920014E-0063
1126 +.276611059586E-0063
1127 +.748721599504E-0063
1128 +.265545345694E-0062
1129 +.708068266988E-0062
1130 +.121993814543E-0061
1131 +.110143609556E-0061
1132 +.262541201557E-0061
1133 +.273164249208E-0061
1134 +.897477927230E-0061
1135 +.135375412551E-0060
1136 +.337922934152E-0060
1137 +.389022270840E-0060
1138 +.100840759340E-0059
1139 +.167929384599E-0059
1140 +.380341846516E-0059
1141 +.205358862860E-0059
1142 +.584741899002E-0059
1143 +.176103847440E-0058
1144 +.928031719158E-0059
1145 +.121325355437E-0058
1146 +.147332963226E-0058
1147 +.458658912302E-0058
1148 +.419783685209E-0058
1149 +.120577604136E-0057
1150 +.309076420845E-0057
1151 +.186811388817E-0057
1152 +.429374761732E-0057
1153 +.654018008836E-0057
1154 +.167940575558E-0056
1155 +.880195142578E-0057
1156 +.352141491432E-0056
1157 +.106681310336E-0055
1158 +.677541729859E-0056
1159 +.895017014753E-0056
1160 +.116344349236E-0055
1161 +.347440635117E-0055
1162 +.199488947673E-0055
1163 +.589960751629E-0055
1164 +.193552294861E-0054
1165 +.256604351701E-0054
1166 +.223794451615E-0054
1167 +.489145828138E-0054
1168 +.766313914723E-0054
1169 +.193298205216E-0053
1170 +.121987796116E-0053
1171 +.468860691786E-0053
1172 +.131120203370E-0052
1173 +.104882627129E-0054
1174 +.414104306442E-0053
1175 +.367033844316E-0053
1176 +.122799526309E-0052
1177 +.190073358057E-0052
1178 +.538452798567E-0052
1179 +.545905510435E-0052
1180 +.147907153246E-0051
1181 +.301979509185E-0051
1182 +.506784000346E-0051
1183 +.371928535848E-0051
1184 +.133977208114E-0050
1185 +.296868921967E-0050
1186 +.400414917570E-0050
1187 +.513035443868E-0050
1188 +.149746334084E-0049
1189 +.881852710004E-0050
1190 +.262600266329E-0049
1191 +.882524903058E-0049
1192 +.186463250104E-0048
1193 +.778108636901E-0049
1194 +.111745833597E-0048
1195 +.675195420841E-0049
1196 +.260954349992E-0048
1197 +.716802848499E-0048
1198 +.906789380406E-0049
1199 +.393999875176E-0048
1200 +.365155293149E-0048
1201 +.122250261150E-0047
1202 +.183684616458E-0047
1203 +.464423507328E-0047
1204 +.486257995840E-0047
1205 +.138592254579E-0046
1206 +.321059819899E-0046
1207 +.246786885270E-0046
1208 +.517274113349E-0046
1209 +.904246037446E-0046
1210 +.198515765425E-0045
1211 +.272034790281E-0045
1212 +.779393852088E-0045
1213 +.192560676082E-0045
1214 +.490741731057E-0045
1215 +.180572205208E-0044
1216 +.462848071738E-0044
1217 +.678078229230E-0044
1218 +.638884464419E-0044
1219 +.131369744945E-0043
1220 +.233832869384E-0043
1221 +.503866137946E-0043
1222 +.734036022571E-0043
1223 +.200670504409E-0042
1224 +.220652975442E-0043
1225 +.138717423039E-0042
1226 +.496416489934E-0042
1227 +.121619025470E-0041
1228 +.143626544801E-0041
1229 +.184196024812E-0041
1230 +.284766036744E-0041
1231 +.738191073259E-0041
1232 +.320090300030E-0041
1233 +.133183168524E-0040
1234 +.425321990375E-0040
1235 +.478427074934E-0040
1236 +.515516464721E-0040
1237 +.970092547593E-0040
1238 +.201165862154E-0039
1239 +.320557307157E-0039
1240 +.805557799508E-0039
1241 +.525103870621E-0039
1242 +.200373471885E-0038
1243 +.519337914708E-0038
1244 +.795461794050E-0039
1245 +.312493030990E-0038
1246 +.315170871009E-0038
1247 +.102553311685E-0037
1248 +.124334188370E-0037
1249 +.328327075761E-0037
1250 +.582348723619E-0037
1251 +.122826434896E-0036
1252 +.207972750509E-0037
1253 +.398032249774E-0037
1254 +.133864280986E-0036
1255 +.187084181632E-0036
1256 +.223908027697E-0036
1257 +.487184121715E-0036
1258 +.672026190127E-0036
1259 +.189802640548E-0035
1260 +.266459930108E-0036
1261 +.483364022333E-0036
1262 +.181643345858E-0035
1263 +.484249986625E-0035
1264 +.839815816880E-0035
1265 +.740841829833E-0035
1266 +.177957869060E-0034
1267 +.180034152442E-0034
1268 +.598066437478E-0034
1269 +.957421064301E-0034
1270 +.227803259786E-0033
1271 +.190303971481E-0033
1272 +.533988598505E-0033
1273 +.131500435135E-0032
1274 +.110453596036E-0032
1275 +.219576835402E-0032
1276 +.419326042048E-0032
1277 +.796574982116E-0032
1278 +.156710078688E-0031
1279 +.288086874412E-0031
1280 +.600649186257E-0031
1281 +.962868479163E-0031
1282 +.240630675806E-0030
1283 +.164883638223E-0030
1284 +.621891167665E-0030
1285 +.165880777544E-0029
1286 +.562809188599E-0030
1287 +.157914326521E-0029
1288 +.188889352571E-0029
1289 +.573104790597E-0029
1290 +.371174886782E-0029
1291 +.110227700661E-0028
1292 +.348037562179E-0028
1293 +.333758312717E-0028
1294 +.406198679404E-0028
1295 +.669200349149E-0028
1296 +.164201349137E-0027
1297 +.125199971747E-0027
1298 +.459483426814E-0027
1299 +.112920121606E-0026
1300 +.947032029915E-0027
1301 +.187839006779E-0026
1302 +.360267214146E-0026
1303 +.678568481168E-0026
1304 +.135568124673E-0025
1305 +.241054486169E-0025
1306 +.529160403336E-0025
1307 +.725877471810E-0025
1308 +.207885137117E-0024
1309 +.507611658263E-0025
1310 +.128794033091E-0024
1311 +.474166060997E-0024
1312 +.121779031911E-0023
1313 +.179974731375E-0023
1314 +.166425092432E-0023
1315 +.346204478786E-0023
1316 +.602769320698E-0023
1317 +.134059714477E-0022
1318 +.175496982180E-0022
1319 +.518648215600E-0022
1320 +.247015838247E-0022
1321 +.101001740538E-0021
1322 +.345905119768E-0021
1323 +.645375504961E-0021
1324 +.385653399304E-0022
1325 +.280142727600E-0021
1326 +.108763296116E-0021
1327 +.455244668006E-0021
1328 +.130361491702E-0020
1329 +.709174881224E-0021
1330 +.976224001579E-0021
1331 +.118729089998E-0020
1332 +.367663156842E-0020
1333 +.389212409891E-0020
1334 +.113227388777E-0019
1335 +.283113711203E-0019
1336 +.910705626140E-0020
1337 +.261376851470E-0019
1338 +.301362144553E-0019
1339 +.931751096835E-0019
1340 +.759391744515E-0019
1341 +.223450371464E-0018
1342 +.636784021438E-0018
1343 +.673093943562E-0019
1344 +.580939904829E-0019
1345 +.290923951355E-0019
1346 +.105662980660E-0018
1347 +.171956769369E-0018
1348 +.464455336278E-0018
1349 +.437190464286E-0018
1350 +.154287491783E-0017
1351 +.414613489899E-0017
1352 +.202679291283E-0017
1353 +.519239422655E-0017
1354 +.588071412896E-0017
1355 +.184287370979E-0016
1356 +.174921519536E-0016
1357 +.606294183479E-0016
1358 +.144174540172E-0015
1359 +.872167186331E-0016
1360 +.201110286663E-0015
1361 +.302584390320E-0015
1362 +.786053257460E-0015
1363 +.355018656252E-0015
1364 +.146525211962E-0014
1365 +.448349931921E-0014
1366 +.470715633955E-0014
1367 +.802158256773E-0014
1368 +.135130871123E-0013
1369 +.306171472188E-0013
1370 +.369187178224E-0013
1371 +.114410533486E-0012
1372 +.988763692210E-0013
1373 +.290346066989E-0012
1374 +.797667652254E-0012
1375 +.124812972188E-0012
1376 +.485327742166E-0012
1377 +.492170644960E-0012
1378 +.159869036035E-0011
1379 +.189434495390E-0011
1380 +.504449483233E-0011
1381 +.915200032189E-0011
1382 +.187425879423E-0010
1383 +.590120613860E-0012
1384 +.615017481526E-0011
1385 +.198784442613E-0010
1386 +.275973369171E-0010
1387 +.335564143609E-0010
1388 +.724227927839E-0010
1389 +.102261619909E-0009
1390 +.283841937999E-0009
1391 +.674713163600E-0011
1392 +.109196963571E-0009
1393 +.393025417422E-0009
1394 +.103167376333E-0008
1395 +.166963030428E-0008
1396 +.120382843354E-0008
1397 +.283391682508E-0008
1398 +.374479063315E-0008
1399 +.108435497382E-0007
1400 +.324149905726E-0008
1401 +.866570306949E-0008
1402 +.314274234420E-0007
1403 +.755027386454E-0007
1404 +.807702685268E-0007
1405 +.112799481299E-0006
1406 +.153115389689E-0006
1407 +.438759255209E-0006
1408 +.109390858521E-0006
1409 +.274902395813E-0006
1410 +.100573062148E-0005
1411 +.249972977855E-0005
1412 +.317667946459E-0005
1413 +.380276762023E-0005
1414 +.646778323111E-0005
1415 +.152000858782E-0004
1416 +.152025029019E-0004
1417 +.512544833897E-0004
1418 +.894022784862E-0004
1419 +.194853439430E-0003
1420 +.658145017570E-0004
1421 +.171690361878E-0003
1422 +.554595644221E-0003
1423 +.624157609542E-0003
1424 +.665531735091E-0003
1425 +.125389187237E-0002
1426 +.260263790361E-0002
1427 +.414080474510E-0002
1428 +.104356385617E-0001
1429 +.669892649224E-0002
1430 +.256867243571E-0001
1431 +.717041664890E-0001
1432 +.516911545024E-0002
1433 +.317331438322E-0001
1434 +.304341362091E-0001
1435 +.100871465053E+0000
1436 +.154378313390E+0000
1437 +.398326384895E+0000
1438 +.546388059909E+0000
1439 +.153899331236E+0001
1440 +.317734357734E+0001
