0 +.315544362088E-0029
1 +.978187522474E-0029
2 +.100090671654E-0028
3 +.277887348404E-0028
4 +.606499481557E-0028
5 +.857983085362E-0028
6 +.101689138414E-0027
7 +.309668337539E-0027
8 +.280111585881E-0027
9 +.835049802852E-0027
10 +.238020993243E-0026
11 +.143100246069E-0026
12 +.328741171140E-0026
13 +.382946944261E-0026
14 +.117263432537E-0025
15 +.107948508088E-0025
16 +.321380228049E-0025
17 +.907104329587E-0025
18 +.476889403122E-0025
19 +.115031434228E-0024
20 +.126881159205E-0024
21 +.399112004468E-0024
22 +.451195324918E-0024
23 +.129085201620E-0023
24 +.298230831711E-0023
25 +.226049085728E-0023
26 +.475472119505E-0023
27 +.829142130210E-0023
28 +.182609561164E-0022
29 +.247509556705E-0022
30 +.714618058587E-0022
31 +.217764396036E-0022
32 +.592933135917E-0022
33 +.215702441678E-0021
34 +.527920877240E-0021
35 +.621608015976E-0021
36 +.795239183218E-0021
37 +.122568983502E-0020
38 +.318805750307E-0020
39 +.131355049099E-0020
40 +.552482239226E-0020
41 +.172789762277E-0019
42 +.214588887459E-0019
43 +.308417970981E-0019
44 +.601446917675E-0019
45 +.108041319088E-0018
46 +.231260533192E-0018
47 +.343561565456E-0018
48 +.923790784810E-0018
49 +.205822621547E-0018
50 +.100572708992E-0017
51 +.351345088145E-0017
52 +.742527724166E-0017
53 +.317034524590E-0017
54 +.466735770100E-0017
55 +.282185090245E-0017
56 +.108957714574E-0016
57 +.295938917692E-0016
58 +.267386664610E-0017
59 +.141623516239E-0016
60 +.130214701985E-0016
61 +.435820878587E-0016
62 +.694251674480E-0016
63 +.165777113964E-0015
64 +.142213083850E-0015
65 +.397596564497E-0015
66 +.959205210900E-0015
67 +.910836198266E-0015
68 +.168296267134E-0014
69 +.355334847960E-0014
70 +.533825906832E-0014
71 +.141959231994E-0013
72 +.420333532700E-0014
73 +.190590581271E-0013
74 +.649948453131E-0013
75 +.118477669984E-0012
76 +.158352461083E-0013
77 +.709658195900E-0013
78 +.321149870980E-0013
79 +.130375968475E-0012
80 +.365209418127E-0012
81 +.130948266128E-0012
82 +.359989967952E-0012
83 +.361799736256E-0012
84 +.118341227485E-0011
85 +.170475603086E-0011
86 +.438770468865E-0011
87 +.602366589887E-0011
88 +.142098051415E-0010
89 +.144126196852E-0010
90 +.414360050566E-0010
91 +.100059896706E-0009
92 +.554192453680E-0010
93 +.132261273847E-0009
94 +.187412295786E-0009
95 +.511913890740E-0009
96 +.627603138664E-0010
97 +.376740359054E-0009
98 +.134035402561E-0008
99 +.322547256534E-0008
100 +.347133394334E-0008
101 +.669754511461E-0008
102 +.875854780908E-0008
103 +.250562197654E-0007
104 +.105547593257E-0007
105 +.298402608419E-0007
106 +.104595450667E-0006
107 +.267251136508E-0006
108 +.383286051133E-0006
109 +.537133287595E-0006
110 +.102504352453E-0005
111 +.192663467706E-0005
112 +.382366812755E-0005
113 +.689222050997E-0005
114 +.148214507636E-0004
115 +.217392303149E-0004
116 +.591085554983E-0004
117 +.870833187143E-0005
118 +.486789469609E-0004
119 +.171830470403E-0003
120 +.404641983570E-0003
121 +.386256436899E-0003
122 +.807871807222E-0003
123 +.902078814958E-0003
124 +.282260910249E-0002
125 +.308982003825E-0002
126 +.892167090587E-0002
127 +.215090902557E-0001
128 +.118302673204E-0001
129 +.283452675696E-0001
130 +.404299879861E-0001
131 +.111340310876E+0000
132 +.166174180811E-0001
133 +.917399075637E-0001
134 +.330982623017E+0000
135 +.839975143670E+0000
136 +.122239246304E+0001
137 +.273085352012E+0001
