0 +.570212192979E-0451
1 +.176765779824E-0450
2 +.180871307613E-0450
3 +.502163161103E-0450
4 +.109598979088E-0449
5 +.155043941652E-0449
6 +.183759856247E-0449
7 +.559593778433E-0449
8 +.506182524090E-0449
9 +.150899726485E-0448
10 +.430121684425E-0448
11 +.258592815878E-0448
12 +.594059811044E-0448
13 +.692013685291E-0448
14 +.211903767129E-0447
15 +.195071004021E-0447
16 +.580758037960E-0447
17 +.163920516789E-0446
18 +.861774713903E-0447
19 +.207870379742E-0446
20 +.229283716429E-0446
21 +.721225154542E-0446
22 +.815343598538E-0446
23 +.233266585434E-0445
24 +.538925352488E-0445
25 +.408487554780E-0445
26 +.859213576719E-0445
27 +.149832165984E-0444
28 +.329989094531E-0444
29 +.447268226179E-0444
30 +.129136812216E-0443
31 +.393516502702E-0444
32 +.107147439265E-0443
33 +.389790397414E-0443
34 +.953992393141E-0443
35 +.112329203925E-0442
36 +.143705650643E-0442
37 +.221491293368E-0442
38 +.576105764697E-0442
39 +.237368369094E-0442
40 +.998376605832E-0442
41 +.312243985665E-0441
42 +.387778121900E-0441
43 +.557334272821E-0441
44 +.108685943117E-0440
45 +.195238720419E-0440
46 +.417905028973E-0440
47 +.620841368756E-0440
48 +.166935883682E-0439
49 +.371936825682E-0440
50 +.181742385028E-0439
51 +.634906774686E-0439
52 +.134180296914E-0438
53 +.572905027745E-0439
54 +.843426341859E-0439
55 +.509929501100E-0439
56 +.196894715399E-0438
57 +.534783692944E-0438
58 +.483187642434E-0439
59 +.255924254954E-0438
60 +.235307676820E-0438
61 +.787560827519E-0438
62 +.125456454733E-0437
63 +.299571607218E-0437
64 +.256989647592E-0437
65 +.718486641505E-0437
66 +.173335534568E-0436
67 +.164594893289E-0436
68 +.304123904854E-0436
69 +.642116568194E-0436
70 +.964663221961E-0436
71 +.256530918357E-0435
72 +.759574038583E-0436
73 +.344411393025E-0435
74 +.117450532258E-0434
75 +.214097984745E-0434
76 +.286154705792E-0435
77 +.128240528042E-0434
78 +.580341765559E-0435
79 +.235599097394E-0434
80 +.659960652850E-0434
81 +.236633281930E-0434
82 +.650528717160E-0434
83 +.653799103442E-0434
84 +.213851422974E-0433
85 +.308062127434E-0433
86 +.792890957105E-0433
87 +.108852134744E-0432
88 +.256781775402E-0432
89 +.260446785448E-0432
90 +.748779510905E-0432
91 +.180815694983E-0431
92 +.100146709078E-0431
93 +.239005984771E-0431
94 +.338667994095E-0431
95 +.925066574714E-0431
96 +.113412567119E-0431
97 +.680797922292E-0431
98 +.242211967415E-0430
99 +.582866944658E-0430
100 +.627295928066E-0430
101 +.121029634293E-0429
102 +.158273489438E-0429
103 +.452784573006E-0429
104 +.190732366697E-0429
105 +.539235747174E-0429
106 +.189011771676E-0428
107 +.482942703913E-0428
108 +.692626371469E-0428
109 +.970639678528E-0428
110 +.185232944290E-0427
111 +.348157053719E-0427
112 +.690964671408E-0427
113 +.124547354667E-0426
114 +.267833885269E-0426
115 +.392841413726E-0426
116 +.106812526015E-0425
117 +.157342761309E-0426
118 +.879578324943E-0426
119 +.310477230829E-0425
120 +.731112192042E-0425
121 +.697741437994E-0425
122 +.145930925603E-0424
123 +.162896999418E-0424
124 +.509656121518E-0424
125 +.557405495891E-0424
126 +.160860420401E-0423
127 +.387187711472E-0423
128 +.209296791149E-0423
129 +.502639510322E-0423
130 +.709912485880E-0423
131 +.194346968156E-0422
132 +.217067956412E-0423
133 +.132614252184E-0422
134 +.474474704335E-0422
135 +.115896256918E-0421
136 +.134827908410E-0421
137 +.243889044531E-0421
138 +.353849747084E-0421
139 +.936443788421E-0421
140 +.302346282259E-0421
141 +.134215493295E-0420
142 +.439812681838E-0420
143 +.736157420687E-0420
144 +.543554204861E-0420
145 +.139982191943E-0419
146 +.102456869277E-0419
147 +.376139463791E-0419
148 +.908450341491E-0419
149 +.846332718823E-0419
150 +.157805553720E-0418
151 +.329481678149E-0418
152 +.510625587178E-0418
153 +.131900644530E-0417
154 +.637093162980E-0418
155 +.259339668403E-0417
156 +.807425133464E-0417
157 +.711622223790E-0417
158 +.893595073080E-0417
159 +.138974487709E-0416
160 +.361409179546E-0416
161 +.148856486276E-0416
162 +.626195093109E-0416
163 +.202371078170E-0415
164 +.251654240466E-0415
165 +.241389316684E-0415
166 +.497194664242E-0415
167 +.883342470265E-0415
168 +.191054749746E-0414
169 +.275114700014E-0414
170 +.759284088141E-0414
171 +.131743726635E-0414
172 +.346534646453E-0414
173 +.127603588127E-0413
174 +.329034613088E-0413
175 +.495051603588E-0413
176 +.476041553663E-0413
177 +.100178355003E-0412
178 +.166532253639E-0412
179 +.393565421132E-0412
180 +.393763586937E-0412
181 +.132822090742E-0411
182 +.232363911069E-0411
183 +.504665449447E-0411
184 +.161357005765E-0411
185 +.414552898047E-0411
186 +.134534752258E-0410
187 +.156723467717E-0410
188 +.161237124807E-0410
189 +.313209169139E-0410
190 +.619383893361E-0410
191 +.110568136952E-0409
192 +.241142853314E-0409
193 +.338015535885E-0409
194 +.952807790139E-0409
195 +.115882388031E-0409
196 +.698233287406E-0409
197 +.254572266793E-0408
198 +.682470642497E-0408
199 +.120594834366E-0407
200 +.585394463573E-0408
201 +.158628548821E-0407
202 +.145653529159E-0407
203 +.499333324211E-0407
204 +.926222751046E-0407
205 +.185878971866E-0406
206 +.141660339672E-0407
207 +.104597488892E-0406
208 +.335429494171E-0406
209 +.426626500283E-0406
210 +.392507913778E-0406
211 +.826043742036E-0406
212 +.141078078930E-0405
213 +.322231894299E-0405
214 +.379667814138E-0405
215 +.119183052702E-0404
216 +.115835081442E-0404
217 +.332757930211E-0404
218 +.825114533934E-0404
219 +.654878240212E-0404
220 +.134061380517E-0403
221 +.245056668553E-0403
222 +.502687704067E-0403
223 +.839447045108E-0403
224 +.200210035424E-0402
225 +.190409821584E-0402
226 +.654347391578E-0402
227 +.113574719702E-0401
228 +.219603877052E-0401
229 +.562449972009E-0402
230 +.258087479346E-0401
231 +.780077032916E-0401
232 +.624211847114E-0401
233 +.104872978004E-0400
234 +.147259338303E-0400
235 +.406158087520E-0400
236 +.203338231136E-0401
237 +.194254675519E-0400
238 +.697829249505E-0400
239 +.178321700720E-0399
240 +.256915702185E-0399
241 +.250388877515E-0399
242 +.503603098462E-0399
243 +.933232152111E-0399
244 +.188625159312E-0398
245 +.326527061094E-0398
246 +.744051910987E-0398
247 +.885523079689E-0398
248 +.276592737613E-0397
249 +.251407842879E-0397
250 +.723964466878E-0397
251 +.187302534350E-0396
252 +.102703312352E-0396
253 +.244596197631E-0396
254 +.352860541154E-0396
255 +.949723803450E-0396
256 +.211277645263E-0396
257 +.103260821431E-0395
258 +.360380121942E-0395
259 +.757517505890E-0395
260 +.305663548699E-0395
261 +.451927086614E-0395
262 +.266325807358E-0395
263 +.103408180215E-0394
264 +.294948326282E-0394
265 +.422968612193E-0395
266 +.649776697526E-0396
267 +.122596439274E-0395
268 +.390346400067E-0395
269 +.629695875270E-0395
270 +.172527892537E-0394
271 +.177075897517E-0394
272 +.608811785984E-0394
273 +.152841491899E-0393
274 +.141718583732E-0393
275 +.293409135584E-0393
276 +.487508725075E-0393
277 +.114784822893E-0392
278 +.117005686363E-0392
279 +.391819484628E-0392
280 +.599467329599E-0392
281 +.137248688264E-0391
282 +.108307380038E-0391
283 +.317942033134E-0391
284 +.898556032057E-0391
285 +.449520537662E-0391
286 +.110298197223E-0390
287 +.119712648908E-0390
288 +.379350162740E-0390
289 +.450981583123E-0390
290 +.127032160085E-0389
291 +.272931438021E-0389
292 +.300464402741E-0389
293 +.499198794549E-0389
294 +.118854726976E-0388
295 +.109575108161E-0388
296 +.380090020208E-0388
297 +.689894317881E-0388
298 +.124233118063E-0387
299 +.650933253655E-0388
300 +.253161942460E-0387
301 +.649310150872E-0387
302 +.246692604488E-0387
303 +.670462591118E-0387
304 +.792131573412E-0387
305 +.242294305242E-0386
306 +.177478740172E-0386
307 +.527501948821E-0386
308 +.159722155265E-0385
309 +.941012702784E-0386
310 +.124831862365E-0385
311 +.156768827354E-0385
312 +.478034811022E-0385
313 +.354664230757E-0385
314 +.104592877612E-0384
315 +.310232163786E-0384
316 +.129186185058E-0384
317 +.157604258227E-0384
318 +.183356751122E-0384
319 +.587523636573E-0384
320 +.688438832629E-0384
321 +.183709808487E-0383
322 +.339641550769E-0383
323 +.677664562497E-0383
324 +.734539869040E-0384
325 +.456427930249E-0383
326 +.146080712479E-0382
327 +.179419551048E-0382
328 +.173416426268E-0382
329 +.353253467900E-0382
330 +.642875824242E-0382
331 +.133978359811E-0381
332 +.214909971160E-0381
333 +.536591160412E-0381
334 +.370577457899E-0381
335 +.139508367239E-0380
336 +.370220368878E-0380
337 +.138138463743E-0380
338 +.374855298851E-0380
339 +.462241347278E-0380
340 +.138029343063E-0379
341 +.723615786701E-0380
342 +.213372899172E-0379
343 +.717731414258E-0379
344 +.113488015905E-0378
345 +.601586866495E-0379
346 +.160471187732E-0378
347 +.147115450474E-0378
348 +.505229487751E-0378
349 +.868751820405E-0378
350 +.173964023799E-0377
351 +.298168918207E-0378
352 +.128956846678E-0377
353 +.412257075199E-0377
354 +.474956937189E-0377
355 +.568990713677E-0377
356 +.107288602114E-0376
357 +.215944698284E-0376
358 +.371770942517E-0376
359 +.852801331555E-0376
360 +.985945934694E-0376
361 +.312516471375E-0375
362 +.381816015150E-0375
363 +.106615975930E-0374
364 +.219812744021E-0374
365 +.279980625618E-0374
366 +.396781116857E-0374
367 +.108399011935E-0373
368 +.102957790353E-0374
369 +.691299755072E-0374
370 +.247011125511E-0373
371 +.603255742962E-0373
372 +.701028472576E-0373
373 +.907381075430E-0373
374 +.137454785801E-0372
375 +.362970158173E-0372
376 +.114464197577E-0372
377 +.510938863277E-0372
378 +.168062347595E-0371
379 +.287241190370E-0371
380 +.164184195880E-0371
381 +.445777548058E-0371
382 +.294883963676E-0371
383 +.110840419428E-0370
384 +.270888321523E-0370
385 +.159048273060E-0370
386 +.371346335595E-0370
387 +.544924279664E-0370
388 +.144689155674E-0369
389 +.450726594458E-0370
390 +.201860860719E-0369
391 +.666445431250E-0369
392 +.116433984544E-0368
393 +.586081540016E-0369
394 +.164431252210E-0368
395 +.979176056469E-0369
396 +.376720332578E-0368
397 +.976862799429E-0368
398 +.225297191877E-0368
399 +.734409037912E-0368
400 +.783113513878E-0368
401 +.250159047588E-0367
402 +.268423675391E-0367
403 +.745217645274E-0367
404 +.163120163761E-0366
405 +.228623255778E-0366
406 +.275747566025E-0366
407 +.832264032888E-0366
408 +.696422417971E-0366
409 +.208958705275E-0365
410 +.624022580925E-0365
411 +.613070104600E-0365
412 +.110207476025E-0364
413 +.175103078524E-0364
414 +.424713939411E-0364
415 +.360530446890E-0364
416 +.128401579909E-0363
417 +.265606809528E-0363
418 +.369387293276E-0363
419 +.463840433508E-0363
420 +.136713687149E-0362
421 +.668841911678E-0363
422 +.203218284101E-0362
423 +.699946714423E-0362
424 +.129219801986E-0361
425 +.124099074857E-0362
426 +.665794346162E-0362
427 +.279048821334E-0362
428 +.115029337936E-0361
429 +.326625860925E-0361
430 +.152874857894E-0361
431 +.210032413458E-0361
432 +.245269449782E-0361
433 +.776560742529E-0361
434 +.964338679742E-0361
435 +.267442469384E-0360
436 +.534159498339E-0360
437 +.746394101865E-0360
438 +.917198777686E-0360
439 +.273937177712E-0359
440 +.161943413533E-0359
441 +.495970388435E-0359
442 +.163650459249E-0358
443 +.228130718163E-0358
444 +.179779174195E-0358
445 +.413353699927E-0358
446 +.573410463153E-0358
447 +.160677112673E-0357
448 +.127609541473E-0358
449 +.308025967796E-0358
450 +.114519327793E-0357
451 +.305647267624E-0357
452 +.531836211202E-0357
453 +.463411422440E-0357
454 +.111763470686E-0356
455 +.111414562461E-0356
456 +.372187017370E-0356
457 +.554747134689E-0356
458 +.129965673581E-0355
459 +.119090672998E-0355
460 +.346723781242E-0355
461 +.903986016492E-0355
462 +.878943384836E-0356
463 +.445224926057E-0355
464 +.423862084387E-0355
465 +.140322704949E-0354
466 +.187919010111E-0354
467 +.468616949135E-0354
468 +.642323965238E-0354
469 +.167464295665E-0353
470 +.246754048444E-0353
471 +.555961761250E-0353
472 +.404140887521E-0353
473 +.118672206515E-0352
474 +.346718425794E-0352
475 +.262535987754E-0352
476 +.547671281781E-0352
477 +.722705773814E-0352
478 +.205470287549E-0351
479 +.768046215688E-0352
480 +.210917884384E-0351
481 +.744469317414E-0351
482 +.194951605215E-0350
483 +.311430724477E-0350
484 +.351348773297E-0350
485 +.765548194347E-0350
486 +.106417006207E-0349
487 +.298549160422E-0349
488 +.848949697052E-0350
489 +.212759403868E-0349
490 +.758373655551E-0349
491 +.202845140653E-0348
492 +.354155659690E-0348
493 +.304586342344E-0348
494 +.737669604109E-0348
495 +.724069955868E-0348
496 +.243268043414E-0347
497 +.412518821935E-0347
498 +.927747451481E-0347
499 +.468581495233E-0347
500 +.131499032975E-0346
501 +.400818010806E-0346
502 +.250033434601E-0346
503 +.333157409061E-0346
504 +.427768255423E-0346
505 +.128628822876E-0345
506 +.808112664188E-0346
507 +.239499041889E-0345
508 +.763510372024E-0345
509 +.800108249832E-0345
510 +.920917114819E-0345
511 +.162780439629E-0344
512 +.367884872796E-0344
513 +.441529129681E-0344
514 +.137197809539E-0343
515 +.120515161251E-0343
516 +.426137575756E-0343
517 +.106789700904E-0342
518 +.326279252154E-0343
519 +.953970406803E-0343
520 +.108538723585E-0342
521 +.337607238984E-0342
522 +.291199728122E-0342
523 +.850404472176E-0342
524 +.232980077700E-0341
525 +.412536778998E-0342
526 +.151075678139E-0341
527 +.155856641536E-0341
528 +.503442949062E-0341
529 +.575009351940E-0341
530 +.155470690001E-0340
531 +.301958396496E-0340
532 +.556968266729E-0340
533 +.231308519956E-0340
534 +.946086066550E-0340
535 +.271385961979E-0339
536 +.544740859856E-0340
537 +.293442229030E-0340
538 +.414775509347E-0340
539 +.134073524661E-0339
540 +.214065177272E-0339
541 +.591509881167E-0339
542 +.636386644208E-0339
543 +.179837745957E-0338
544 +.400181359493E-0338
545 +.383584215415E-0338
546 +.711367678954E-0338
547 +.148861978289E-0337
548 +.229505562304E-0337
549 +.595823532736E-0337
550 +.268949457883E-0337
551 +.111040609614E-0336
552 +.352197891944E-0336
553 +.372509262430E-0336
554 +.423113296155E-0336
555 +.755715601376E-0336
556 +.168655112052E-0335
557 +.212751202949E-0335
558 +.642901808523E-0335
559 +.418767026287E-0335
560 +.160135396075E-0334
561 +.480243716813E-0334
562 +.492885625318E-0334
563 +.857654174668E-0334
564 +.141213852468E-0333
565 +.329033666224E-0333
566 +.350219340418E-0333
567 +.115169522250E-0332
568 +.157794832484E-0332
569 +.393812097139E-0332
570 +.514488218475E-0332
571 +.137197382856E-0331
572 +.227524925437E-0331
573 +.453365065248E-0331
574 +.724107059175E-0332
575 +.356602479280E-0331
576 +.113558472155E-0330
577 +.129468643458E-0330
578 +.159197679369E-0330
579 +.296791675696E-0330
580 +.606344613609E-0330
581 +.100764084561E-0329
582 +.241587637391E-0329
583 +.222745110358E-0329
584 +.773589375922E-0329
585 +.154796683581E-0328
586 +.272664850514E-0328
587 +.155220273764E-0328
588 +.593067987144E-0328
589 +.153217600050E-0327
590 +.819131581721E-0328
591 +.196421728164E-0327
592 +.281560824635E-0327
593 +.761464153175E-0327
594 +.145085234389E-0327
595 +.742821196753E-0327
596 +.261440720662E-0326
597 +.577987932318E-0326
598 +.365840080009E-0326
599 +.585814640192E-0326
600 +.445226328107E-0326
601 +.162167935924E-0325
602 +.359918916762E-0325
603 +.366869728959E-0325
604 +.649638152120E-0325
605 +.144026822293E-0324
606 +.184626596074E-0324
607 +.552217571062E-0324
608 +.307122204482E-0324
609 +.908043405125E-0324
610 +.301286714871E-0323
611 +.433822288344E-0323
612 +.316209280955E-0323
613 +.752386066267E-0323
614 +.953495778500E-0323
615 +.283749208099E-0322
616 +.149927392163E-0322
617 +.445650473190E-0322
618 +.150963881695E-0321
619 +.250367192851E-0321
620 +.103058636143E-0321
621 +.297698175172E-0321
622 +.222073514439E-0321
623 +.809225390219E-0321
624 +.178237265456E-0320
625 +.198167156330E-0320
626 +.327768011357E-0320
627 +.782612105749E-0320
628 +.709801731167E-0320
629 +.247539024119E-0319
630 +.460880306250E-0319
631 +.792406306979E-0319
632 +.538095923504E-0319
633 +.197451736562E-0318
634 +.437910026207E-0318
635 +.501806682442E-0318
636 +.823109176714E-0318
637 +.197446269939E-0317
638 +.174448305079E-0317
639 +.613480036926E-0317
640 +.118662629678E-0316
641 +.188516773057E-0316
642 +.172373573053E-0316
643 +.582458220243E-0316
644 +.922833816166E-0316
645 +.208330004107E-0315
646 +.134807636854E-0315
647 +.393241372818E-0315
648 +.118292027381E-0314
649 +.117591721209E-0314
650 +.209458683722E-0314
651 +.336334323693E-0314
652 +.806441424791E-0314
653 +.735681272365E-0314
654 +.256188759478E-0313
655 +.479983518338E-0313
656 +.840694510721E-0313
657 +.536814867657E-0313
658 +.199814100573E-0312
659 +.461868929839E-0312
660 +.437952755935E-0312
661 +.829663872127E-0312
662 +.167460892960E-0311
663 +.283365993568E-0311
664 +.664241255876E-0311
665 +.693120512904E-0311
666 +.230010590465E-0310
667 +.370126106700E-0310
668 +.877026951416E-0310
669 +.710157031623E-0310
670 +.199984055840E-0309
671 +.503585252523E-0309
672 +.360295932749E-0309
673 +.773755132909E-0309
674 +.131279795391E-0308
675 +.299740992712E-0308
676 +.353698207080E-0308
677 +.110932291335E-0307
678 +.125838700171E-0307
679 +.359986987663E-0307
680 +.830763608074E-0307
681 +.634391683494E-0307
682 +.132982193269E-0306
683 +.233159144555E-0306
684 +.509626462344E-0306
685 +.708851693997E-0306
686 +.200904906987E-0305
687 +.336179340094E-0306
688 +.701875570391E-0306
689 +.262073862626E-0305
690 +.696867062518E-0305
691 +.119494794632E-0304
692 +.679161348858E-0305
693 +.174612374404E-0304
694 +.183764978811E-0304
695 +.599112811919E-0304
696 +.750707967394E-0304
697 +.194464369138E-0303
698 +.312251553944E-0303
699 +.730565759333E-0303
700 +.532475185581E-0303
701 +.152226845675E-0302
702 +.410529841796E-0302
703 +.119755008611E-0302
704 +.355633111892E-0302
705 +.404598310408E-0302
706 +.125778788005E-0301
707 +.105606627125E-0301
708 +.308229748685E-0301
709 +.848511345517E-0301
710 +.122355272659E-0301
711 +.495951857432E-0301
712 +.497805856265E-0301
713 +.162213361500E-0300
714 +.196096827366E-0300
715 +.517506289186E-0300
716 +.901245639966E-0300
717 +.194246330089E-0299
718 +.536373003797E-0300
719 +.133349644652E-0299
720 +.438185513330E-0299
721 +.558730480627E-0299
722 +.773832815712E-0299
723 +.154809366615E-0298
724 +.263739848260E-0298
725 +.607738169279E-0298
726 +.687743548896E-0298
727 +.220223120645E-0297
728 +.251152744564E-0297
729 +.687754439001E-0297
730 +.138416027748E-0296
731 +.238624106576E-0296
732 +.154866516472E-0296
733 +.574764738190E-0296
734 +.138902199123E-0295
735 +.128138017859E-0295
736 +.240478814109E-0295
737 +.497850256875E-0295
738 +.789374376583E-0295
739 +.199283904898E-0294
740 +.124361862574E-0294
741 +.479256792316E-0294
742 +.134902258298E-0293
743 +.591810972870E-0295
744 +.297514138748E-0294
745 +.241448614698E-0294
746 +.817905157863E-0294
747 +.129420425982E-0293
748 +.359692180908E-0293
749 +.398987966678E-0293
750 +.111921643133E-0292
751 +.239947870269E-0292
752 +.270205665054E-0292
753 +.441336465470E-0292
754 +.106815663537E-0291
755 +.889595786575E-0292
756 +.318470150824E-0291
757 +.664600367307E-0291
758 +.860805629966E-0291
759 +.119333801319E-0290
760 +.330885311356E-0290
761 +.162343178517E-0291
762 +.128004196236E-0290
763 +.462053506763E-0290
764 +.119833373658E-0289
765 +.184325298033E-0289
766 +.154849280194E-0289
767 +.339834495577E-0289
768 +.529807370685E-0289
769 +.134157187796E-0288
770 +.815587104774E-0289
771 +.316090333612E-0288
772 +.900861565161E-0288
773 +.120978434302E-0288
774 +.349928464599E-0289
775 +.213134289738E-0289
776 +.749640177454E-0289
777 +.120172255251E-0288
778 +.329599901211E-0288
779 +.339562005625E-0288
780 +.116602104616E-0287
781 +.291726255925E-0287
782 +.276480274954E-0287
783 +.566655356245E-0287
784 +.959402488631E-0287
785 +.220750094714E-0286
786 +.251500976302E-0286
787 +.802659666192E-0286
788 +.102610395618E-0285
789 +.281398544249E-0285
790 +.532822827537E-0285
791 +.845225228366E-0285
792 +.773220528408E-0285
793 +.261384112306E-0284
794 +.415388512199E-0284
795 +.934883492100E-0284
796 +.590436795639E-0284
797 +.171907396314E-0283
798 +.519894161197E-0283
799 +.539747042714E-0283
800 +.929968772752E-0283
801 +.154768608206E-0282
802 +.356005103382E-0282
803 +.402393570070E-0282
804 +.128827399436E-0281
805 +.146648181510E-0281
806 +.401892027459E-0281
807 +.811333923663E-0281
808 +.138992446824E-0280
809 +.930257134833E-0281
810 +.342768055355E-0280
811 +.812489428516E-0280
812 +.832557428466E-0280
813 +.145146377983E-0279
814 +.328803268571E-0279
815 +.386930107412E-0279
816 +.121402027800E-0278
817 +.117444271940E-0278
818 +.337822885957E-0278
819 +.841701445217E-0278
820 +.645449469637E-0278
821 +.134346316061E-0277
822 +.239389037607E-0277
823 +.510932095364E-0277
824 +.766088696405E-0277
825 +.204289218763E-0276
826 +.568257687280E-0277
827 +.261668597768E-0276
828 +.898221588373E-0276
829 +.170627192179E-0275
830 +.266068293616E-0277
831 +.495595013974E-0276
832 +.168220633271E-0276
833 +.724221743846E-0276
834 +.219115867352E-0275
835 +.140514513731E-0275
836 +.182455375371E-0275
837 +.238743320459E-0275
838 +.711143480169E-0275
839 +.423912815416E-0275
840 +.165862176789E-0274
841 +.519510417563E-0274
842 +.738403205182E-0274
843 +.863821334136E-0274
844 +.189966540486E-0273
845 +.253987708730E-0273
846 +.733129164241E-0273
847 +.357126951565E-0273
848 +.103900856043E-0272
849 +.360473082182E-0272
850 +.884635430523E-0272
851 +.104707397445E-0271
852 +.133291694114E-0271
853 +.206898704077E-0271
854 +.534738294343E-0271
855 +.241677734372E-0271
856 +.996861685886E-0271
857 +.304345019745E-0270
858 +.313198729024E-0270
859 +.542390587248E-0270
860 +.898639199814E-0270
861 +.207823256134E-0269
862 +.229227597800E-0269
863 +.742200145495E-0269
864 +.916818785620E-0269
865 +.242611092511E-0268
866 +.419430605865E-0268
867 +.911280417493E-0268
868 +.288846483100E-0268
869 +.749838648855E-0268
870 +.244090366539E-0267
871 +.292522554683E-0267
872 +.291312141094E-0267
873 +.580547619388E-0267
874 +.109932314403E-0266
875 +.214014747543E-0266
876 +.401899634946E-0266
877 +.808021586992E-0266
878 +.141703855436E-0265
879 +.317287033009E-0265
880 +.405169037432E-0265
881 +.121636410450E-0264
882 +.738089434474E-0265
883 +.221150281473E-0264
884 +.722927457332E-0264
885 +.935444035112E-0264
886 +.850390742354E-0264
887 +.181524241144E-0263
888 +.299565761045E-0263
889 +.714018261008E-0263
890 +.681882340249E-0263
891 +.233948977664E-0262
892 +.443542109830E-0262
893 +.861159121428E-0262
894 +.178628425169E-0262
895 +.870781750576E-0262
896 +.271953600106E-0261
897 +.259460473881E-0261
898 +.314309281720E-0261
899 +.517033812732E-0261
900 +.127197203291E-0260
901 +.950225098175E-0261
902 +.350588479348E-0260
903 +.876151986541E-0260
904 +.651432491446E-0260
905 +.137145296864E-0259
906 +.240485044715E-0259
907 +.525208141107E-0259
908 +.732586460808E-0259
909 +.207197716171E-0258
910 +.302806651059E-0259
911 +.169832166569E-0258
912 +.619312887641E-0258
913 +.165406294502E-0257
914 +.287893246189E-0257
915 +.152717860659E-0257
916 +.402186862185E-0257
917 +.396155837021E-0257
918 +.132536552258E-0256
919 +.218974430163E-0256
920 +.505831373953E-0256
921 +.332314069913E-0256
922 +.945676501532E-0256
923 +.266203689377E-0255
924 +.278681693583E-0257
925 +.784432693464E-0256
926 +.678358344372E-0256
927 +.228277446518E-0255
928 +.361538015724E-0255
929 +.100433558602E-0254
930 +.894499535238E-0255
931 +.249299359593E-0254
932 +.584369794714E-0254
933 +.639672509044E-0254
934 +.105913227478E-0253
935 +.253498748583E-0253
936 +.226317983229E-0253
937 +.793297009906E-0253
938 +.153117042341E-0252
939 +.252853885544E-0252
940 +.207947655296E-0252
941 +.725678620623E-0252
942 +.133698646365E-0251
943 +.247649319839E-0251
944 +.121896880272E-0251
945 +.480294105553E-0251
946 +.125913924741E-0250
947 +.306534920414E-0251
948 +.979294013905E-0251
949 +.103473477460E-0250
950 +.332072316786E-0250
951 +.369624777362E-0250
952 +.101415977281E-0249
953 +.210499931153E-0249
954 +.339586426456E-0249
955 +.289054762768E-0249
956 +.999698306869E-0249
957 +.191041005013E-0248
958 +.365060055794E-0248
959 +.991666959359E-0249
960 +.448052627270E-0248
961 +.137059114632E-0247
962 +.103034607222E-0247
963 +.134648507902E-0247
964 +.189561282517E-0247
965 +.535608883589E-0247
966 +.818008287979E-0248
967 +.153964381526E-0247
968 +.575682544664E-0247
969 +.150955667997E-0246
970 +.244414407727E-0246
971 +.266564549974E-0246
972 +.590131396028E-0246
973 +.783517591924E-0246
974 +.226979394216E-0245
975 +.116429143442E-0245
976 +.341444639670E-0245
977 +.117736833622E-0244
978 +.281268387628E-0244
979 +.289097743334E-0244
980 +.407773186794E-0244
981 +.527237214685E-0244
982 +.156022095529E-0243
983 +.108613840928E-0243
984 +.326965175756E-0243
985 +.105578360196E-0242
986 +.179951321817E-0242
987 +.123734672016E-0242
988 +.324429812563E-0242
989 +.220383641902E-0242
990 +.823748800613E-0242
991 +.209490432087E-0241
992 +.133657024563E-0241
993 +.300140333755E-0241
994 +.475537547482E-0241
995 +.117437309695E-0240
996 +.889012392437E-0241
997 +.327015401518E-0240
998 +.810030640548E-0240
999 +.643447908034E-0240
1000 +.131262492253E-0239
1001 +.241529044167E-0239
1002 +.489973965610E-0239
1003 +.840578542557E-0239
1004 +.193816099395E-0238
1005 +.219030695816E-0238
1006 +.701936737618E-0238
1007 +.790428429113E-0238
1008 +.214656440983E-0237
1009 +.427642762826E-0237
1010 +.752785397218E-0237
1011 +.436713817987E-0237
1012 +.166233592678E-0236
1013 +.426518954338E-0236
1014 +.246261357938E-0236
1015 +.574399111471E-0236
1016 +.857941366009E-0236
1017 +.224187460619E-0235
1018 +.930099765274E-0236
1019 +.390805327795E-0235
1020 +.126303531111E-0234
1021 +.157064321159E-0234
1022 +.150654534176E-0234
1023 +.310312728359E-0234
1024 +.551294343920E-0234
1025 +.119244941427E-0233
1026 +.171675373046E-0233
1027 +.473880866360E-0233
1028 +.827471949953E-0234
1029 +.214351965354E-0233
1030 +.789789088430E-0233
1031 +.203791265154E-0232
1032 +.307550518951E-0232
1033 +.292858982135E-0232
1034 +.619013966817E-0232
1035 +.102041625912E-0231
1036 +.243550540695E-0231
1037 +.230667920830E-0231
1038 +.793689542505E-0231
1039 +.152443435536E-0230
1040 +.289666724577E-0230
1041 +.850280596635E-0231
1042 +.376650511943E-0230
1043 +.114247601978E-0229
1044 +.769766388677E-0230
1045 +.101588608143E-0229
1046 +.135332434438E-0229
1047 +.397659588987E-0229
1048 +.177816843233E-0229
1049 +.514788655079E-0229
1050 +.178373874614E-0228
1051 +.338382335061E-0228
1052 +.478813642456E-0230
1053 +.104573219755E-0228
1054 +.354588969406E-0229
1055 +.152663936242E-0228
1056 +.461419268730E-0228
1057 +.291844875675E-0228
1058 +.655574342820E-0228
1059 +.789044475476E-0228
1060 +.237372983050E-0227
1061 +.144258677961E-0227
1062 +.432737402286E-0227
1063 +.141136764161E-0226
1064 +.179467578223E-0226
1065 +.167688546086E-0226
1066 +.352016401593E-0226
1067 +.601504623411E-0226
1068 +.137329610194E-0225
1069 +.162090211898E-0225
1070 +.508369475892E-0225
1071 +.576703434953E-0225
1072 +.164976407556E-0224
1073 +.380711509600E-0224
1074 +.290794043590E-0224
1075 +.609495909373E-0224
1076 +.106883351773E-0223
1077 +.233558777126E-0223
1078 +.325146001557E-0223
1079 +.920944610574E-0223
1080 +.149764807108E-0223
1081 +.306388473298E-0223
1082 +.114523199735E-0222
1083 +.304895091965E-0222
1084 +.525489454141E-0222
1085 +.474030251719E-0222
1086 +.113023990164E-0221
1087 +.117474829970E-0221
1088 +.386124017921E-0221
1089 +.583782185424E-0221
1090 +.145475491449E-0220
1091 +.165753574031E-0220
1092 +.431426524471E-0220
1093 +.732720223775E-0220
1094 +.162648150158E-0219
1095 +.698663438529E-0220
1096 +.193782193238E-0219
1097 +.610301302702E-0219
1098 +.554748596602E-0219
1099 +.692981390054E-0219
1100 +.109810680579E-0218
1101 +.280292564184E-0218
1102 +.148146574744E-0218
1103 +.591414363029E-0218
1104 +.178335924344E-0217
1105 +.106060347262E-0217
1106 +.139575180474E-0217
1107 +.176961333884E-0217
1108 +.536992515168E-0217
1109 +.377661168279E-0217
1110 +.111697180396E-0216
1111 +.340169989489E-0216
1112 +.216646666988E-0216
1113 +.288616361967E-0216
1114 +.373446792614E-0216
1115 +.111747333486E-0215
1116 +.658437795415E-0216
1117 +.194911051552E-0215
1118 +.634585334260E-0215
1119 +.793362163403E-0215
1120 +.760118460910E-0215
1121 +.157026505999E-0214
1122 +.277023907459E-0214
1123 +.605390229949E-0214
1124 +.842872789333E-0214
1125 +.238747529283E-0213
1126 +.845029184476E-0214
1127 +.228729684046E-0213
1128 +.811224132719E-0213
1129 +.216310349666E-0212
1130 +.372683340168E-0212
1131 +.336481718040E-0212
1132 +.802046663552E-0212
1133 +.834499398114E-0212
1134 +.274173795533E-0211
1135 +.413563270526E-0211
1136 +.103233305960E-0210
1137 +.118843828140E-0210
1138 +.308062102630E-0210
1139 +.513013583511E-0210
1140 +.116192013748E-0209
1141 +.627358257719E-0210
1142 +.178634929052E-0209
1143 +.537986047296E-0209
1144 +.283507784534E-0209
1145 +.370641240140E-0209
1146 +.450092826900E-0209
1147 +.140117378964E-0208
1148 +.128241244475E-0208
1149 +.368356907500E-0208
1150 +.944208797141E-0208
1151 +.570696904814E-0208
1152 +.131171257318E-0207
1153 +.199798339758E-0207
1154 +.513047771179E-0207
1155 +.268894014804E-0207
1156 +.107576984727E-0206
1157 +.325904614252E-0206
1158 +.206984686834E-0206
1159 +.273422002432E-0206
1160 +.355424583168E-0206
1161 +.106140903038E-0205
1162 +.609426040363E-0206
1163 +.180229255319E-0205
1164 +.591289943809E-0205
1165 +.783909965044E-0205
1166 +.683677808188E-0205
1167 +.149430937743E-0204
1168 +.234104024394E-0204
1169 +.590513716114E-0204
1170 +.372664954259E-0204
1171 +.143233957675E-0203
1172 +.400563877264E-0203
1173 +.320409751515E-0205
1174 +.126506230403E-0203
1175 +.112126503763E-0203
1176 +.375144738343E-0203
1177 +.580662013261E-0203
1178 +.164493903437E-0202
1179 +.166770659486E-0202
1180 +.451846940873E-0202
1181 +.922528183641E-0202
1182 +.154819287110E-0201
1183 +.113621800879E-0201
1184 +.409291844948E-0201
1185 +.906915664908E-0201
1186 +.122324209217E-0200
1187 +.156729063324E-0200
1188 +.457465521294E-0200
1189 +.269400391104E-0200
1190 +.802227102675E-0200
1191 +.269605741805E-0199
1192 +.569633363198E-0199
1193 +.237707236962E-0199
1194 +.341376410524E-0199
1195 +.206267904359E-0199
1196 +.797198933004E-0199
1197 +.218978708734E-0198
1198 +.277018385224E-0199
1199 +.120364454589E-0198
1200 +.111552618336E-0198
1201 +.373466768234E-0198
1202 +.561144814232E-0198
1203 +.141878426060E-0197
1204 +.148548723353E-0197
1205 +.423390518213E-0197
1206 +.980817318668E-0197
1207 +.753918229847E-0197
1208 +.158023949877E-0196
1209 +.276241410135E-0196
1210 +.606453030526E-0196
1211 +.831048972966E-0196
1212 +.238099862023E-0195
1213 +.588260611542E-0196
1214 +.149918475929E-0195
1215 +.551636595926E-0195
1216 +.141397140513E-0194
1217 +.207148583977E-0194
1218 +.195175138243E-0194
1219 +.401326210895E-0194
1220 +.714344535662E-0194
1221 +.153927898715E-0193
1222 +.224243333747E-0193
1223 +.613035621000E-0193
1224 +.674080798393E-0194
1225 +.423772899892E-0193
1226 +.151652078654E-0192
1227 +.371538383403E-0192
1228 +.438769954477E-0192
1229 +.562707134209E-0192
1230 +.869942120738E-0192
1231 +.225512675291E-0191
1232 +.977855497166E-0192
1233 +.406866104530E-0191
1234 +.129933161459E-0190
1235 +.146156426850E-0190
1236 +.157486999406E-0190
1237 +.296357099960E-0190
1238 +.614548907389E-0190
1239 +.979282174219E-0190
1240 +.246092781462E-0189
1241 +.160415890898E-0189
1242 +.612128205543E-0189
1243 +.158654428059E-0188
1244 +.243008516042E-0189
1245 +.954646323710E-0189
1246 +.962826954563E-0189
1247 +.313293841063E-0188
1248 +.379833033276E-0188
1249 +.100301832286E-0187
1250 +.177903829202E-0187
1251 +.375226942362E-0187
1252 +.635343518147E-0188
1253 +.121596319368E-0187
1254 +.408946859758E-0187
1255 +.571530269503E-0187
1256 +.684024775890E-0187
1257 +.148831648915E-0186
1258 +.205299724544E-0186
1259 +.579834988499E-0186
1260 +.814018129902E-0187
1261 +.147664632863E-0186
1262 +.554908862449E-0186
1263 +.147935289316E-0185
1264 +.256558387763E-0185
1265 +.226322464556E-0185
1266 +.543649965361E-0185
1267 +.549992878967E-0185
1268 +.182705490764E-0184
1269 +.292486042451E-0184
1270 +.695924462043E-0184
1271 +.581366522594E-0184
1272 +.163130118727E-0183
1273 +.401725461110E-0183
1274 +.337428707010E-0183
1275 +.670793259051E-0183
1276 +.128101437401E-0182
1277 +.243348587912E-0182
1278 +.478739317911E-0182
1279 +.880087068487E-0182
1280 +.183494504080E-0181
1281 +.294150193026E-0181
1282 +.735111401693E-0181
1283 +.503709022152E-0181
1284 +.189983794224E-0180
1285 +.506755219326E-0180
1286 +.171934625596E-0180
1287 +.482418218406E-0180
1288 +.577044951847E-0180
1289 +.175079866489E-0179
1290 +.113391565885E-0179
1291 +.336738611013E-0179
1292 +.106323260457E-0178
1293 +.101961040614E-0178
1294 +.124091111652E-0178
1295 +.204436448108E-0178
1296 +.501624672414E-0178
1297 +.382477946399E-0178
1298 +.140369262900E-0177
1299 +.344963785665E-0177
1300 +.289312258559E-0177
1301 +.573836212293E-0177
1302 +.110059341307E-0176
1303 +.207298352824E-0176
1304 +.414151993794E-0176
1305 +.736406115384E-0176
1306 +.161655135827E-0175
1307 +.221750948408E-0175
1308 +.635075864809E-0175
1309 +.155072131336E-0175
1310 +.393457575092E-0175
1311 +.144854714208E-0174
1312 +.372027192898E-0174
1313 +.549811351389E-0174
1314 +.508418066668E-0174
1315 +.105763265145E-0173
1316 +.184142191660E-0173
1317 +.409543896636E-0173
1318 +.536132112545E-0173
1319 +.158443729370E-0172
1320 +.754617666621E-0173
1321 +.308553889947E-0172
1322 +.105671812870E-0171
1323 +.197158109822E-0171
1324 +.117814659324E-0172
1325 +.855818205514E-0172
1326 +.332264948318E-0172
1327 +.139074349058E-0171
1328 +.398246061400E-0171
1329 +.216648413273E-0171
1330 +.298230220135E-0171
1331 +.362709814441E-0171
1332 +.112318754735E-0170
1333 +.118901914410E-0170
1334 +.345902467319E-0170
1335 +.864894371359E-0170
1336 +.278214773374E-0170
1337 +.798489648133E-0170
1338 +.920642173978E-0170
1339 +.284644030745E-0169
1340 +.231989345446E-0169
1341 +.682626665224E-0169
1342 +.194533466279E-0168
1343 +.205625916424E-0169
1344 +.177473444027E-0169
1345 +.888754158008E-0170
1346 +.322793681895E-0169
1347 +.525316987695E-0169
1348 +.141888149602E-0168
1349 +.133558904712E-0168
1350 +.471338469080E-0168
1351 +.126661782709E-0167
1352 +.619172337070E-0168
1353 +.158624339363E-0167
1354 +.179652074359E-0167
1355 +.562986190937E-0167
1356 +.534374110790E-0167
1357 +.185219014809E-0166
1358 +.440444045462E-0166
1359 +.266441525257E-0166
1360 +.614379127801E-0166
1361 +.924376057016E-0166
1362 +.240134267986E-0165
1363 +.108455940271E-0165
1364 +.447625198192E-0165
1365 +.136968051060E-0164
1366 +.143800630704E-0164
1367 +.245054242790E-0164
1368 +.412816212026E-0164
1369 +.935334363854E-0164
1370 +.112784333569E-0163
1371 +.349516899113E-0163
1372 +.302061015824E-0163
1373 +.886988758043E-0163
1374 +.243682391686E-0162
1375 +.381295687372E-0163
1376 +.148264536776E-0162
1377 +.150355000033E-0162
1378 +.488389731581E-0162
1379 +.578710328465E-0162
1380 +.154106106987E-0161
1381 +.279587785820E-0161
1382 +.572574134509E-0161
1383 +.180278092167E-0162
1384 +.187883926833E-0161
1385 +.607273822182E-0161
1386 +.843081080756E-0161
1387 +.102512710449E-0160
1388 +.221247023198E-0160
1389 +.312402741212E-0160
1390 +.867119057759E-0160
1391 +.206120576744E-0161
1392 +.333589774369E-0160
1393 +.120066763789E-0159
1394 +.315169769058E-0159
1395 +.510061432205E-0159
1396 +.367761924706E-0159
1397 +.865743553652E-0159
1398 +.114400970378E-0158
1399 +.331263542730E-0158
1400 +.990257315627E-0159
1401 +.264731707766E-0158
1402 +.960087762790E-0158
1403 +.230656055003E-0157
1404 +.246748016737E-0157
1405 +.344595207822E-0157
1406 +.467757719375E-0157
1407 +.134038143111E-0156
1408 +.334181829576E-0157
1409 +.839808342075E-0157
1410 +.307243940201E-0156
1411 +.763650526117E-0156
1412 +.970453375031E-0156
1413 +.116171746746E-0155
1414 +.197585878203E-0155
1415 +.464350684846E-0155
1416 +.464421763836E-0155
1417 +.156577296195E-0154
1418 +.273112185225E-0154
1419 +.595241612735E-0154
1420 +.201003411188E-0154
1421 +.524305001054E-0154
1422 +.169358899717E-0153
1423 +.190568676455E-0153
1424 +.203138582136E-0153
1425 +.382683774659E-0153
1426 +.794124474234E-0153
1427 +.126262795695E-0152
1428 +.318039686738E-0152
1429 +.202856199877E-0152
1430 +.777924577324E-0152
1431 +.216464502039E-0151
1432 +.968884417649E-0153
1433 +.840947067371E-0152
1434 +.778689281403E-0152
1435 +.258509405552E-0151
1436 +.390453428068E-0151
1437 +.972959490279E-0151
1438 +.110859231677E-0150
1439 +.288497142083E-0150
1440 +.489874986657E-0150
1441 +.108765961630E-0149
1442 +.468509939195E-0150
1443 +.130003461129E-0149
1444 +.409265717658E-0149
1445 +.370522089444E-0149
1446 +.463637883288E-0149
1447 +.732577379127E-0149
1448 +.187511931499E-0148
1449 +.958998086477E-0149
1450 +.385498545915E-0148
1451 +.117571488492E-0147
1452 +.816395253281E-0148
1453 +.107675987207E-0147
1454 +.145634432455E-0147
1455 +.423485297733E-0147
1456 +.155319585712E-0147
1457 +.435239951362E-0147
1458 +.154812397717E-0146
1459 +.338509429370E-0146
1460 +.196966777207E-0146
1461 +.314094498337E-0146
1462 +.223419895835E-0146
1463 +.828001389845E-0146
1464 +.195022143941E-0145
1465 +.140252250904E-0145
1466 +.301834182181E-0145
1467 +.506983299499E-0145
1468 +.117258186060E-0144
1469 +.130657268851E-0144
1470 +.421347669430E-0144
1471 +.506054778838E-0144
1472 +.135657202766E-0143
1473 +.248616397513E-0143
1474 +.501939638675E-0143
1475 +.318195113804E-0144
1476 +.260358260085E-0143
1477 +.837640196104E-0143
1478 +.110262786439E-0142
1479 +.146179069091E-0142
1480 +.300652753128E-0142
1481 +.481023891376E-0142
1482 +.119269104760E-0141
1483 +.871424102790E-0142
1484 +.323504047626E-0141
1485 +.780896532926E-0141
1486 +.513479054091E-0141
1487 +.114926110303E-0140
1488 +.180426831265E-0140
1489 +.450123296879E-0140
1490 +.313985207342E-0140
1491 +.117886973847E-0139
1492 +.294774972874E-0139
1493 +.134266576372E-0139
1494 +.342058605134E-0139
1495 +.443067434717E-0139
1496 +.128711089445E-0138
1497 +.673832278477E-0139
1498 +.198151903713E-0138
1499 +.681125565571E-0138
1500 +.160420342322E-0137
1501 +.152226112379E-0137
1502 +.223163395193E-0137
1503 +.261134474064E-0137
1504 +.816023451945E-0137
1505 +.914441975945E-0137
1506 +.262256669852E-0136
1507 +.612857949767E-0136
1508 +.428745465227E-0136
1509 +.934076064667E-0136
1510 +.153933442644E-0135
1511 +.364286214558E-0135
1512 +.362057780194E-0135
1513 +.122420634980E-0134
1514 +.197724581172E-0134
1515 +.428663970488E-0134
1516 +.219529014641E-0134
1517 +.622921008945E-0134
1518 +.194546094934E-0133
1519 +.252706317019E-0133
1520 +.342659868535E-0133
1521 +.694762654032E-0133
1522 +.114919355161E-0132
1523 +.274549847585E-0132
1524 +.258199797324E-0132
1525 +.890607143736E-0132
1526 +.159522932982E-0131
1527 +.301790320337E-0131
1528 +.109993592929E-0131
1529 +.462801854870E-0131
1530 +.132182327725E-0130
1531 +.522036693534E-0131
1532 +.138756184770E-0130
1533 +.142087421118E-0130
1534 +.461412862700E-0130
1535 +.562435331832E-0130
1536 +.149398784928E-0129
1537 +.264457289513E-0129
1538 +.558870130486E-0129
1539 +.999197232460E-0130
1540 +.199076190885E-0129
1541 +.667867404296E-0129
1542 +.929236435736E-0129
1543 +.112143576008E-0128
1544 +.242987106220E-0128
1545 +.339244207164E-0128
1546 +.949694703829E-0128
1547 +.729105686733E-0129
1548 +.197872967402E-0128
1549 +.732872985924E-0128
1550 +.195526808003E-0127
1551 +.339545321194E-0127
1552 +.298047966510E-0127
1553 +.717103016807E-0127
1554 +.721173134370E-0127
1555 +.240115050539E-0126
1556 +.351054982070E-0126
1557 +.835637837071E-0126
1558 +.843008092846E-0126
1559 +.242342472586E-0125
1560 +.585911638830E-0125
1561 +.320371800852E-0125
1562 +.767991362090E-0125
1563 +.108103168063E-0124
1564 +.296779108463E-0124
1565 +.387499624576E-0125
1566 +.181977474291E-0124
1567 +.656039177244E-0124
1568 +.163048582346E-0123
1569 +.206774745532E-0123
1570 +.342744641889E-0123
1571 +.557681082862E-0123
1572 +.131894637572E-0122
1573 +.129652845719E-0122
1574 +.439897707609E-0122
1575 +.713375033138E-0122
1576 +.150691161589E-0121
1577 +.630019438488E-0122
1578 +.171589808655E-0121
1579 +.543622659811E-0121
1580 +.757517001792E-0121
1581 +.771837677418E-0121
1582 +.170516987583E-0120
1583 +.238933869553E-0120
1584 +.666116604872E-0120
1585 +.304879245362E-0121
1586 +.196986832981E-0120
1587 +.716031884089E-0120
1588 +.189903242588E-0119
1589 +.321156674061E-0119
1590 +.308757631473E-0119
1591 +.719808675666E-0119
1592 +.809913808735E-0119
1593 +.257220503049E-0118
1594 +.315726505914E-0118
1595 +.879783781436E-0118
1596 +.179662779164E-0117
1597 +.235658369482E-0117
1598 +.320636582415E-0117
1599 +.901022777503E-0117
1600 +.128505577549E-0117
1601 +.270160655781E-0117
1602 +.100568505262E-0116
1603 +.263691402234E-0116
1604 +.426592514351E-0116
1605 +.466255295364E-0116
1606 +.103119954347E-0115
1607 +.137311066091E-0115
1608 +.397012826160E-0115
1609 +.198056645391E-0115
1610 +.578403440913E-0115
1611 +.200123127496E-0114
1612 +.485316407377E-0114
1613 +.540495427070E-0114
1614 +.723762310429E-0114
1615 +.103750663496E-0113
1616 +.286395620716E-0113
1617 +.572811672125E-0114
1618 +.118069426041E-0113
1619 +.422806508888E-0113
1620 +.109171445449E-0112
1621 +.164567922872E-0112
1622 +.150247283159E-0112
1623 +.319284708936E-0112
1624 +.527568918870E-0112
1625 +.125491596985E-0111
1626 +.121201228947E-0111
1627 +.414170560793E-0111
1628 +.707691246368E-0111
1629 +.143331441328E-0110
1630 +.302883588527E-0111
1631 +.849451995683E-0111
1632 +.277141804677E-0110
1633 +.342882182688E-0110
1634 +.351411934570E-0110
1635 +.714115316671E-0110
1636 +.128119438859E-0109
1637 +.273356137371E-0109
1638 +.410363748176E-0109
1639 +.109326736782E-0108
1640 +.310916507412E-0109
1641 +.142381654707E-0108
1642 +.476410211966E-0108
1643 +.893693233623E-0108
1644 +.229117958782E-0108
1645 +.782424201255E-0108
1646 +.334408829644E-0108
1647 +.137699497763E-0107
1648 +.413755957539E-0107
1649 +.237156321904E-0107
1650 +.310766060065E-0107
1651 +.389011882572E-0107
1652 +.119001605631E-0106
1653 +.915872965049E-0107
1654 +.269326376597E-0106
1655 +.782858853415E-0106
1656 +.200097791201E-0106
1657 +.171213519516E-0106
1658 +.207089172266E-0106
1659 +.675782476282E-0106
1660 +.106774743500E-0105
1661 +.297606825551E-0105
1662 +.271403473222E-0105
1663 +.753222573307E-0105
1664 +.172791946318E-0104
1665 +.206986026005E-0104
1666 +.312959216032E-0104
1667 +.814091469509E-0104
1668 +.331281948609E-0104
1669 +.139653850580E-0103
1670 +.437272004074E-0103
1671 +.547134537974E-0103
1672 +.778937132301E-0103
1673 +.152926989722E-0102
1674 +.271025501446E-0102
1675 +.591847992954E-0102
1676 +.825148729376E-0102
1677 +.233494773567E-0101
1678 +.363716857037E-0102
1679 +.720206236796E-0102
1680 +.269647441580E-0101
1681 +.719053377682E-0101
1682 +.124776540772E-0100
1683 +.109829174310E-0100
1684 +.264011564080E-0100
1685 +.266386178652E-0100
1686 +.885821699124E-0100
1687 +.142560642241E-0099
1688 +.337596795294E-0099
1689 +.272103808462E-0099
1690 +.766612270751E-0099
1691 +.193654596883E-0098
1692 +.135037129835E-0098
1693 +.293213309423E-0098
1694 +.488851086406E-0098
1695 +.114062185526E-0097
1696 +.121918373287E-0097
1697 +.400451167220E-0097
1698 +.609086219637E-0097
1699 +.151173137419E-0096
1700 +.168046056370E-0096
1701 +.441481832395E-0096
1702 +.783724370065E-0096
1703 +.165375430723E-0095
1704 +.283801236319E-0096
1705 +.549111248281E-0096
1706 +.184543352060E-0095
1707 +.257537746932E-0095
1708 +.309065646659E-0095
1709 +.671563033607E-0095
1710 +.930000467797E-0095
1711 +.261915286913E-0094
1712 +.313777581941E-0095
1713 +.475570869928E-0095
1714 +.180347563761E-0094
1715 +.481695661840E-0094
1716 +.842666950853E-0094
1717 +.719610311639E-0094
1718 +.174670762443E-0093
1719 +.170034944849E-0093
1720 +.572990922040E-0093
1721 +.897023828077E-0093
1722 +.200886694577E-0092
1723 +.135033141426E-0092
1724 +.394961303402E-0092
1725 +.117791923568E-0091
1726 +.108645336088E-0091
1727 +.203644521957E-0091
1728 +.308237370792E-0091
1729 +.785046975699E-0091
1730 +.444091276625E-0091
1731 +.174733438401E-0090
1732 +.492009112156E-0090
1733 +.184899287445E-0090
1734 +.499959788721E-0090
1735 +.507149497394E-0090
1736 +.165297937619E-0089
1737 +.206381610661E-0089
1738 +.541710039277E-0089
1739 +.909520125599E-0089
1740 +.203949521221E-0088
1741 +.988368618058E-0089
1742 +.278537816094E-0088
1743 +.859306804330E-0088
1744 +.626813935070E-0088
1745 +.829706219817E-0088
1746 +.114563643859E-0087
1747 +.328022117659E-0087
1748 +.818539029066E-0088
1749 +.205555755433E-0087
1750 +.752293765815E-0087
1751 +.187296720973E-0086
1752 +.239949327420E-0086
1753 +.284440225239E-0086
1754 +.488965461397E-0086
1755 +.113500271388E-0085
1756 +.120859034204E-0085
1757 +.397394395733E-0085
1758 +.607864318555E-0085
1759 +.150221537068E-0084
1760 +.162567846790E-0084
1761 +.431085785916E-0084
1762 +.799797845911E-0084
1763 +.159054798794E-0083
1764 +.191981600807E-0084
1765 +.113844742194E-0083
1766 +.363545328962E-0083
1767 +.435905108313E-0083
1768 +.434317410262E-0083
1769 +.865427429278E-0083
1770 +.163903824828E-0082
1771 +.318993470174E-0082
1772 +.599388199214E-0082
1773 +.120383863884E-0081
1774 +.211613191217E-0081
1775 +.472266567860E-0081
1776 +.610610872669E-0081
1777 +.181917915405E-0080
1778 +.993950659996E-0081
1779 +.296630641240E-0080
1780 +.998009347543E-0080
1781 +.158428080687E-0079
1782 +.824948424832E-0080
1783 +.221315126316E-0079
1784 +.199711250252E-0079
1785 +.689393566053E-0079
1786 +.121547036144E-0078
1787 +.234847811581E-0078
1788 +.648801088746E-0079
1789 +.291821378987E-0078
1790 +.873316779789E-0078
1791 +.637424903636E-0078
1792 +.112039700249E-0077
1793 +.148539490298E-0077
1794 +.426471298071E-0077
1795 +.105126396254E-0077
1796 +.263516045969E-0077
1797 +.964982226427E-0077
1798 +.240878761287E-0076
1799 +.312474115553E-0076
1800 +.364632092870E-0076
1801 +.637240728329E-0076
1802 +.145017399390E-0075
1803 +.169015207645E-0075
1804 +.533141017249E-0075
1805 +.629795065732E-0075
1806 +.177932099578E-0074
1807 +.387446487186E-0074
1808 +.403511100536E-0074
1809 +.702513731134E-0074
1810 +.159000350418E-0073
1811 +.187987815459E-0073
1812 +.588409101736E-0073
1813 +.544732404684E-0073
1814 +.156312293440E-0072
1815 +.397673217794E-0072
1816 +.257968933783E-0072
1817 +.577012580895E-0072
1818 +.917486221921E-0072
1819 +.225800450135E-0071
1820 +.175394203483E-0071
1821 +.640804779079E-0071
1822 +.155283739781E-0070
1823 +.142224431914E-0070
1824 +.268052304564E-0070
1825 +.551839572796E-0070
1826 +.887785199365E-0070
1827 +.220710130850E-0069
1828 +.157920528356E-0069
1829 +.589397885053E-0069
1830 +.152641698477E-0068
1831 +.808208192427E-0069
1832 +.194418605453E-0068
1833 +.277517828338E-0068
1834 +.752996345836E-0068
1835 +.126865653824E-0068
1836 +.676179370694E-0068
1837 +.239203230751E-0067
1838 +.545309942309E-0067
1839 +.427932524207E-0067
1840 +.673729711851E-0067
1841 +.630323302699E-0067
1842 +.215671328128E-0066
1843 +.365935504225E-0066
1844 +.729879829076E-0066
1845 +.125352272305E-0066
1846 +.543159951704E-0066
1847 +.173632273037E-0065
1848 +.200026452162E-0065
1849 +.239638331189E-0065
1850 +.451834902413E-0065
1851 +.909518037958E-0065
1852 +.156547122350E-0064
1853 +.359209926557E-0064
1854 +.414741135652E-0064
1855 +.131546887596E-0063
1856 +.161428899961E-0063
1857 +.450024307340E-0063
1858 +.920720439839E-0063
1859 +.120091602116E-0062
1860 +.164723998989E-0062
1861 +.460394396170E-0062
1862 +.481787846066E-0063
1863 +.114783290084E-0062
1864 +.425410454792E-0062
1865 +.111582965922E-0061
1866 +.180691894006E-0061
1867 +.196987344166E-0061
1868 +.436178565939E-0061
1869 +.578800053934E-0061
1870 +.167734417815E-0060
1871 +.552971643268E-0061
1872 +.153615670564E-0060
1873 +.555336581465E-0060
1874 +.132053595887E-0059
1875 +.133587657394E-0059
1876 +.192854234298E-0059
1877 +.243731744525E-0059
1878 +.730136004230E-0059
1879 +.428662534363E-0059
1880 +.126940932430E-0058
1881 +.413578755431E-0058
1882 +.519938186070E-0058
1883 +.494186863960E-0058
1884 +.102625723932E-0057
1885 +.179198489102E-0057
1886 +.397361346759E-0057
1887 +.525905471462E-0057
1888 +.154324239694E-0056
1889 +.944151499781E-0057
1890 +.282503982579E-0056
1891 +.946398647605E-0056
1892 +.197042847597E-0055
1893 +.697746766289E-0056
1894 +.930101062529E-0056
1895 +.544487564923E-0056
1896 +.212437175602E-0055
1897 +.604420925690E-0055
1898 +.185763834693E-0055
1899 +.539686116206E-0055
1900 +.529944438137E-0055
1901 +.174786470202E-0054
1902 +.234678680886E-0054
1903 +.590597672724E-0054
1904 +.815963347164E-0054
1905 +.211765390175E-0053
1906 +.304503013919E-0053
1907 +.699804236239E-0053
1908 +.584781992457E-0053
1909 +.171502005862E-0052
1910 +.473179874639E-0052
1911 +.153247610392E-0052
1912 +.437422761012E-0052
1913 +.429495480831E-0052
1914 +.141715673552E-0051
1915 +.190986282792E-0051
1916 +.479736471957E-0051
1917 +.655602671937E-0051
1918 +.171122160882E-0050
1919 +.253745292778E-0050
1920 +.568488402122E-0050
1921 +.396636527947E-0050
1922 +.116309474316E-0049
1923 +.344147034575E-0049
1924 +.295518089131E-0049
1925 +.578042499340E-0049
1926 +.829776677903E-0049
1927 +.221473005734E-0048
1928 +.600275657058E-0049
1929 +.278065539082E-0048
1930 +.933111865949E-0048
1931 +.177231040721E-0047
1932 +.382640430984E-0048
1933 +.139089753992E-0047
1934 +.566208597052E-0048
1935 +.235425301325E-0047
1936 +.712470156603E-0047
1937 +.453393405823E-0047
1938 +.598703124892E-0047
1939 +.778647863816E-0047
1940 +.232460721892E-0046
1941 +.132940117145E-0046
1942 +.393086773316E-0046
1943 +.129109266881E-0045
1944 +.172630766556E-0045
1945 +.148226401520E-0045
1946 +.326711462598E-0045
1947 +.502093140795E-0045
1948 +.129070623811E-0044
1949 +.665425704753E-0045
1950 +.267167944745E-0044
1951 +.814361270208E-0044
1952 +.561145575503E-0044
1953 +.740443239936E-0044
1954 +.997795404381E-0044
1955 +.290882690154E-0043
1956 +.112326819757E-0043
1957 +.317881191495E-0043
1958 +.112418218629E-0042
1959 +.238602893256E-0042
1960 +.106524664955E-0042
1961 +.162334601835E-0042
1962 +.991685858997E-0043
1963 +.381603390534E-0042
1964 +.106401598865E-0041
1965 +.282867481535E-0043
1966 +.375153257264E-0042
1967 +.340197345736E-0042
1968 +.113397637783E-0041
1969 +.173740670499E-0041
1970 +.428280659571E-0041
1971 +.456260626083E-0041
1972 +.121580470549E-0040
1973 +.231029227833E-0040
1974 +.442995554057E-0040
1975 +.118101314441E-0040
1976 +.536396941624E-0040
1977 +.164641384447E-0039
1978 +.128882529095E-0039
1979 +.167237499707E-0039
1980 +.240933323923E-0039
1981 +.668862442584E-0039
1982 +.174804313499E-0040
1983 +.186361266520E-0039
1984 +.672774272410E-0039
1985 +.176922701556E-0038
1986 +.288624514488E-0038
1987 +.308491176385E-0038
1988 +.689150732170E-0038
1989 +.890493794892E-0038
1990 +.262501229324E-0037
1991 +.168467936112E-0037
1992 +.505646224197E-0037
1993 +.167386419400E-0036
1994 +.327646006264E-0036
1995 +.646169988740E-0037
1996 +.242970918886E-0036
1997 +.938890572553E-0037
1998 +.394431738099E-0036
1999 +.117390487824E-0035
2000 +.810591649273E-0036
2001 +.105375824940E-0035
2002 +.142226028546E-0035
2003 +.414816791901E-0035
2004 +.178173350646E-0035
2005 +.745604716363E-0035
2006 +.260732293535E-0034
2007 +.549108804370E-0034
2008 +.225516078546E-0034
2009 +.328399209219E-0034
2010 +.196107924643E-0034
2011 +.759577322820E-0034
2012 +.208130302993E-0033
2013 +.246271194710E-0034
2014 +.110972567199E-0033
2015 +.102320049481E-0033
2016 +.342842582153E-0033
2017 +.551694008076E-0033
2018 +.130558883500E-0032
2019 +.104705775382E-0032
2020 +.295105675515E-0032
2021 +.747949566210E-0032
2022 +.507218958226E-0032
2023 +.111423097427E-0031
2024 +.182357790225E-0031
2025 +.434836606055E-0031
2026 +.414461668730E-0031
2027 +.142279502124E-0030
2028 +.270409028573E-0030
2029 +.522921945710E-0030
2030 +.116951262879E-0030
2031 +.557452558008E-0030
2032 +.173268554990E-0029
2033 +.156954138756E-0029
2034 +.194802248516E-0029
2035 +.308530181277E-0029
2036 +.788749658889E-0029
2037 +.408963467256E-0029
2038 +.163922979154E-0028
2039 +.497633946622E-0028
2040 +.325197617288E-0028
2041 +.429733661807E-0028
2042 +.565327318828E-0028
2043 +.167505878047E-0027
2044 +.857896065707E-0028
2045 +.251943282762E-0027
2046 +.850732969429E-0027
2047 +.137854179020E-0026
2048 +.649084326629E-0027
2049 +.179783547603E-0026
2050 +.148795617453E-0026
2051 +.527265994413E-0026
2052 +.104469246949E-0025
2053 +.161911204496E-0025
2054 +.160804855149E-0025
2055 +.527775874833E-0025
2056 +.709657800553E-0025
2057 +.182332896324E-0024
2058 +.258602459988E-0024
2059 +.660863227637E-0024
2060 +.872768414465E-0024
2061 +.212700265246E-0023
2062 +.253265095072E-0023
2063 +.700346518381E-0023
2064 +.139091403703E-0022
2065 +.200486810295E-0022
2066 +.235016429274E-0022
2067 +.718843283921E-0022
2068 +.557305501704E-0022
2069 +.168764244953E-0021
2070 +.499584602586E-0021
2071 +.203705098476E-0021
2072 +.246116704116E-0021
2073 +.285847856140E-0021
2074 +.917517361105E-0021
2075 +.109028471359E-0020
2076 +.289161615264E-0020
2077 +.520166595650E-0020
2078 +.107754017979E-0019
2079 +.906360029237E-0021
2080 +.184751055947E-0020
2081 +.620613157971E-0020
2082 +.876943204739E-0020
2083 +.102829482236E-0019
2084 +.225984168157E-0019
2085 +.302653659811E-0019
2086 +.872620425961E-0019
2087 +.417958451966E-0019
2088 +.121255654294E-0018
2089 +.421433196236E-0018
2090 +.104213859235E-0017
2091 +.128109163489E-0017
2092 +.157086982878E-0017
2093 +.256281930274E-0017
2094 +.631309551739E-0017
2095 +.467085233730E-0017
2096 +.172742261968E-0016
2097 +.411387291535E-0016
2098 +.301111402703E-0016
2099 +.645005144642E-0016
2100 +.108752182842E-0015
2101 +.250402944649E-0015
2102 +.284752187171E-0015
2103 +.909577847476E-0015
2104 +.101814298253E-0014
2105 +.280735933929E-0014
2106 +.582193225050E-0014
2107 +.940478918038E-0014
2108 +.796857375521E-0014
2109 +.275971527350E-0013
2110 +.530319393205E-0013
2111 +.100388686311E-0012
2112 +.309764042926E-0013
2113 +.135543798881E-0012
2114 +.408709443407E-0012
2115 +.253473668103E-0012
2116 +.334250021622E-0012
2117 +.429967102184E-0012
2118 +.129280061604E-0011
2119 +.812903875894E-0012
2120 +.240908938142E-0011
2121 +.767770394585E-0011
2122 +.802354738002E-0011
2123 +.925378009679E-0011
2124 +.163197228150E-0010
2125 +.369897286100E-0010
2126 +.438635377013E-0010
2127 +.137162307968E-0009
2128 +.127678298590E-0009
2129 +.443094349942E-0009
2130 +.105148993077E-0008
2131 +.648673557333E-0009
2132 +.148504281707E-0008
2133 +.225947365590E-0008
2134 +.581006253656E-0008
2135 +.299378033917E-0008
2136 +.120201578049E-0007
2137 +.352394345058E-0007
2138 +.243360897886E-0007
2139 +.527998131421E-0007
2140 +.663342784120E-0007
2141 +.194645916016E-0006
2142 +.116740481091E-0006
2143 +.348434639015E-0006
2144 +.116908899263E-0005
2145 +.245192134872E-0005
2146 +.944688205162E-0006
2147 +.131278711405E-0005
2148 +.777770120925E-0006
2149 +.302237609833E-0005
2150 +.845770443483E-0005
2151 +.175277163606E-0005
2152 +.596512083541E-0005
2153 +.564216980768E-0005
2154 +.188224932745E-0004
2155 +.299163356645E-0004
2156 +.715817432747E-0004
2157 +.623240561390E-0004
2158 +.173882819160E-0003
2159 +.414491798287E-0003
2160 +.419301031278E-0003
2161 +.740969207522E-0003
2162 +.165247257582E-0002
2163 +.207256244287E-0002
2164 +.628374275520E-0002
2165 +.431281558145E-0002
2166 +.129359344778E-0001
2167 +.405730591772E-0001
2168 +.366290589911E-0001
2169 +.469138400579E-0001
2170 +.737891344663E-0001
2171 +.193155410165E+0000
2172 +.973488709312E-0001
2173 +.398893051756E+0000
2174 +.131878913843E+0001
2175 +.214471266579E+0001
