0 +.174196196324E-0601
1 +.540008208605E-0601
2 +.552550334741E-0601
3 +.153407650126E-0600
4 +.334817906619E-0600
5 +.473649375294E-0600
6 +.561374667001E-0600
7 +.170952338252E-0599
8 +.154635539941E-0599
9 +.460989061682E-0599
10 +.131399437448E-0598
11 +.789984596564E-0599
12 +.181481491885E-0598
13 +.211405777123E-0598
14 +.647352523766E-0598
15 +.595929503649E-0598
16 +.177417884856E-0597
17 +.500766747463E-0597
18 +.263266691065E-0597
19 +.635030781970E-0597
20 +.700447162878E-0597
21 +.220329695088E-0596
22 +.249082280792E-0596
23 +.712614574230E-0596
24 +.164638265653E-0595
25 +.124790348513E-0595
26 +.262484279953E-0595
27 +.457727732288E-0595
28 +.100809568444E-0594
29 +.136637596839E-0594
30 +.394504743506E-0594
31 +.120216787374E-0594
32 +.327328608465E-0594
33 +.119078485920E-0593
34 +.291438605231E-0593
35 +.343158569752E-0593
36 +.439011617789E-0593
37 +.676641806308E-0593
38 +.175996644980E-0592
39 +.725145262290E-0593
40 +.304997699762E-0592
41 +.953885506091E-0592
42 +.118463748556E-0591
43 +.170262073667E-0591
44 +.332028639829E-0591
45 +.596441866571E-0591
46 +.127667326950E-0590
47 +.189663087338E-0590
48 +.509978501433E-0590
49 +.113624333370E-0590
50 +.555211420812E-0590
51 +.193959979342E-0589
52 +.409912268307E-0589
53 +.175018840209E-0589
54 +.257661380168E-0589
55 +.155780217573E-0589
56 +.601500825853E-0589
57 +.163373015018E-0588
58 +.147610749927E-0589
59 +.781832312760E-0589
60 +.718849978529E-0589
61 +.240594821046E-0588
62 +.383261485598E-0588
63 +.915172196362E-0588
64 +.785087019472E-0588
65 +.219493096782E-0587
66 +.529529027638E-0587
67 +.502826924755E-0587
68 +.929079175947E-0587
69 +.196162525378E-0586
70 +.294698475530E-0586
71 +.783685630851E-0586
72 +.232045035124E-0586
73 +.105215488855E-0585
74 +.358803901908E-0585
75 +.654055718949E-0585
76 +.874184416309E-0586
77 +.391766652391E-0585
78 +.177290716286E-0585
79 +.719740249835E-0585
80 +.201613779687E-0584
81 +.722899617783E-0585
82 +.198732383355E-0584
83 +.199731465553E-0584
84 +.653302488430E-0584
85 +.941110195315E-0584
86 +.242223141715E-0583
87 +.332536344673E-0583
88 +.784451983160E-0583
89 +.795648355620E-0583
90 +.228747375611E-0582
91 +.552380441695E-0582
92 +.305941823248E-0582
93 +.730148073970E-0582
94 +.103460917032E-0581
95 +.282601951775E-0581
96 +.346468175371E-0582
97 +.207979432900E-0581
98 +.739942146931E-0581
99 +.178062142432E-0580
100 +.191634914132E-0580
101 +.369737830864E-0580
102 +.483515438261E-0580
103 +.138322805691E-0579
104 +.582675242718E-0580
105 +.164733089254E-0579
106 +.577418934424E-0579
107 +.147535922767E-0578
108 +.211592948852E-0578
109 +.296524244979E-0578
110 +.565874857231E-0578
111 +.106359764362E-0577
112 +.211085310058E-0577
113 +.380484242751E-0577
114 +.818215475487E-0577
115 +.120010551988E-0576
116 +.326305469799E-0576
117 +.480672123058E-0577
118 +.268705580941E-0576
119 +.948488182498E-0576
120 +.223350122127E-0575
121 +.213155569125E-0575
122 +.445809691183E-0575
123 +.497639967028E-0575
124 +.155696701850E-0574
125 +.170283831861E-0574
126 +.491418347732E-0574
127 +.118283381927E-0573
128 +.639388378044E-0574
129 +.153553171782E-0573
130 +.216873746802E-0573
131 +.593717620155E-0573
132 +.663128793393E-0574
133 +.405128101315E-0573
134 +.144949002783E-0572
135 +.354055689652E-0572
136 +.411890680218E-0572
137 +.745065510797E-0572
138 +.108098845958E-0571
139 +.286077618162E-0571
140 +.923648652042E-0572
141 +.410019791012E-0571
142 +.134359975488E-0570
143 +.224891407372E-0570
144 +.166052350596E-0570
145 +.427636688410E-0570
146 +.312999215645E-0570
147 +.114908212568E-0569
148 +.277525798266E-0569
149 +.258549259835E-0569
150 +.482085924423E-0569
151 +.100654555968E-0568
152 +.155992867440E-0568
153 +.402948075342E-0568
154 +.194627907052E-0568
155 +.792266183502E-0568
156 +.246663240102E-0567
157 +.217396060853E-0567
158 +.272987608300E-0567
159 +.424558216100E-0567
160 +.110408204470E-0566
161 +.454747092869E-0567
162 +.191298616058E-0566
163 +.618230765621E-0566
164 +.768787690230E-0566
165 +.737429001298E-0566
166 +.151889805953E-0565
167 +.269855503383E-0565
168 +.583660102419E-0565
169 +.840457901207E-0565
170 +.231956457109E-0564
171 +.402468701161E-0565
172 +.105864129266E-0564
173 +.389820841482E-0564
174 +.100517980437E-0563
175 +.151235114561E-0563
176 +.145427665282E-0563
177 +.306038499535E-0563
178 +.508745437338E-0563
179 +.120231731643E-0562
180 +.120292270036E-0562
181 +.405763034885E-0562
182 +.709856961491E-0562
183 +.154172083292E-0561
184 +.492935384416E-0562
185 +.126643272284E-0561
186 +.410995106828E-0561
187 +.478780220543E-0561
188 +.492569155719E-0561
189 +.956834080184E-0561
190 +.189217837880E-0560
191 +.337778622219E-0560
192 +.736676071387E-0560
193 +.103261595200E-0559
194 +.291076716552E-0559
195 +.354013321085E-0560
196 +.213305825990E-0559
197 +.777702074966E-0559
198 +.208490438279E-0558
199 +.368409544754E-0558
200 +.178834283376E-0558
201 +.484600122082E-0558
202 +.444962262701E-0558
203 +.152543152964E-0557
204 +.282955156287E-0557
205 +.567848430365E-0557
206 +.432763322929E-0558
207 +.319538672346E-0557
208 +.102471575913E-0556
209 +.130331680935E-0556
210 +.119908669876E-0556
211 +.252351106539E-0556
212 +.430984553415E-0556
213 +.984397931372E-0556
214 +.115986101146E-0555
215 +.364096641612E-0555
216 +.353868802466E-0555
217 +.101655430125E-0554
218 +.252067239377E-0554
219 +.200061134969E-0554
220 +.409548986282E-0554
221 +.748632527881E-0554
222 +.153567894664E-0553
223 +.256445730333E-0553
224 +.611628917555E-0553
225 +.581689887925E-0553
226 +.199898964089E-0552
227 +.346963541193E-0552
228 +.670875869571E-0552
229 +.171824887214E-0552
230 +.788440825617E-0552
231 +.238308569418E-0551
232 +.190692747028E-0551
233 +.320380274053E-0551
234 +.449867907446E-0551
235 +.124078711090E-0550
236 +.621185356388E-0552
237 +.593435672023E-0551
238 +.213182394983E-0550
239 +.544761447930E-0550
240 +.784861120958E-0550
241 +.764922086935E-0550
242 +.153847541826E-0549
243 +.285096483707E-0549
244 +.576237858253E-0549
245 +.997519392603E-0549
246 +.227303123920E-0548
247 +.270521665686E-0548
248 +.844973212014E-0548
249 +.768034961279E-0548
250 +.221166537575E-0547
251 +.572197323160E-0547
252 +.313752083555E-0547
253 +.747225818518E-0547
254 +.107796649841E-0546
255 +.290134578244E-0546
256 +.645439761309E-0547
257 +.315455238315E-0546
258 +.110093833920E-0545
259 +.231416777473E-0545
260 +.933782689916E-0546
261 +.138060849055E-0545
262 +.813608393436E-0546
263 +.315905410023E-0545
264 +.901048367313E-0545
265 +.129214219401E-0545
266 +.198502646143E-0546
267 +.374524320375E-0546
268 +.119248341192E-0545
269 +.192368082731E-0545
270 +.527061732629E-0545
271 +.540955598423E-0545
272 +.185988126353E-0544
273 +.466921031454E-0544
274 +.432941254826E-0544
275 +.896346237679E-0544
276 +.148930813176E-0543
277 +.350660329432E-0543
278 +.357444926008E-0543
279 +.119698359152E-0542
280 +.183133454392E-0542
281 +.419286008619E-0542
282 +.330872153714E-0542
283 +.971292678507E-0542
284 +.274503149697E-0541
285 +.137325663664E-0541
286 +.336953973526E-0541
287 +.365714524321E-0541
288 +.115889060665E-0540
289 +.137772003755E-0540
290 +.388075165179E-0540
291 +.833788174754E-0540
292 +.917899629870E-0540
293 +.152502055008E-0539
294 +.363093627412E-0539
295 +.334744982455E-0539
296 +.116115082414E-0538
297 +.210758323867E-0538
298 +.379524269921E-0538
299 +.198855966680E-0538
300 +.773393623874E-0538
301 +.198360119109E-0537
302 +.753630208056E-0538
303 +.204822054997E-0537
304 +.241991154829E-0537
305 +.740193683754E-0537
306 +.542186257099E-0537
307 +.161148488527E-0536
308 +.487941020175E-0536
309 +.287473392425E-0536
310 +.381353395662E-0536
311 +.478918791347E-0536
312 +.146036592721E-0535
313 +.108347665537E-0535
314 +.319524585181E-0535
315 +.947739518276E-0535
316 +.394655574394E-0535
317 +.481470979499E-0535
318 +.560143206497E-0535
319 +.179484732178E-0534
320 +.210313682384E-0534
321 +.561221774277E-0534
322 +.103758332400E-0533
323 +.207022211423E-0533
324 +.224397255637E-0534
325 +.139435828144E-0533
326 +.446267280558E-0533
327 +.548115310819E-0533
328 +.529776146635E-0533
329 +.107916686462E-0532
330 +.196394473269E-0532
331 +.409295363308E-0532
332 +.656536285776E-0532
333 +.163925184827E-0531
334 +.113209055163E-0531
335 +.426189184091E-0531
336 +.113099966739E-0530
337 +.422004216087E-0531
338 +.114515908351E-0530
339 +.141211790051E-0530
340 +.421670859352E-0530
341 +.221060018000E-0530
342 +.651840628667E-0530
343 +.219262379664E-0529
344 +.346698666608E-0529
345 +.183780959426E-0529
346 +.490229266695E-0529
347 +.449428339286E-0529
348 +.154344393404E-0528
349 +.265398152701E-0528
350 +.531449022244E-0528
351 +.910887070697E-0529
352 +.393954960240E-0528
353 +.125941913014E-0527
354 +.145096321851E-0527
355 +.173823042171E-0527
356 +.327759851988E-0527
357 +.659697311294E-0527
358 +.113573657119E-0526
359 +.260525379861E-0526
360 +.301200208834E-0526
361 +.954717932596E-0526
362 +.116642362885E-0525
363 +.325705021797E-0525
364 +.671513944869E-0525
365 +.855322994276E-0525
366 +.121214106224E-0524
367 +.331152083327E-0524
368 +.314529497654E-0525
369 +.211187675985E-0524
370 +.754603269513E-0524
371 +.184290790566E-0523
372 +.214159737272E-0523
373 +.277199144288E-0523
374 +.419915623482E-0523
375 +.110885073507E-0522
376 +.349680839498E-0523
377 +.156088571295E-0522
378 +.513419777003E-0522
379 +.877503557556E-0522
380 +.501572270306E-0522
381 +.136182204159E-0521
382 +.900851743647E-0522
383 +.338610427855E-0521
384 +.827546583869E-0521
385 +.485882352922E-0521
386 +.113443942406E-0520
387 +.166470899730E-0520
388 +.442016163072E-0520
389 +.137694106341E-0520
390 +.616672083777E-0520
391 +.203594838221E-0519
392 +.355698413329E-0519
393 +.179044180857E-0519
394 +.502327011673E-0519
395 +.299132054118E-0519
396 +.115085664286E-0518
397 +.298425368813E-0518
398 +.688268584058E-0519
399 +.224357287560E-0518
400 +.239236195029E-0518
401 +.764219971135E-0518
402 +.820017246777E-0518
403 +.227659248327E-0517
404 +.498321719893E-0517
405 +.698429497617E-0517
406 +.842391266597E-0517
407 +.254251365810E-0516
408 +.212752616902E-0516
409 +.638355547214E-0516
410 +.190634927411E-0515
411 +.187289015592E-0515
412 +.336676826038E-0515
413 +.534928761945E-0515
414 +.129747405759E-0514
415 +.110139757235E-0514
416 +.392258655595E-0514
417 +.811411900821E-0514
418 +.112845467444E-0513
419 +.141700300718E-0513
420 +.417651614261E-0513
421 +.204326947742E-0513
422 +.620818925828E-0513
423 +.213829267040E-0512
424 +.394758271972E-0512
425 +.379114776456E-0513
426 +.203395935870E-0512
427 +.852476391486E-0513
428 +.351407307330E-0512
429 +.997821219800E-0512
430 +.467022962447E-0512
431 +.641635657386E-0512
432 +.749282560993E-0512
433 +.237234365082E-0511
434 +.294599329947E-0511
435 +.817019724865E-0511
436 +.163182327539E-0510
437 +.228018648329E-0510
438 +.280198389851E-0510
439 +.836860645508E-0510
440 +.494726822833E-0510
441 +.151515797485E-0509
442 +.499941738865E-0509
443 +.696924826547E-0509
444 +.549213936648E-0509
445 +.126276924890E-0508
446 +.175173247510E-0508
447 +.490858354285E-0508
448 +.389839028576E-0509
449 +.940999729922E-0509
450 +.349849258799E-0508
451 +.933732952268E-0508
452 +.162472578103E-0507
453 +.141569240567E-0507
454 +.341430290708E-0507
455 +.340364398284E-0507
456 +.113700765339E-0506
457 +.169471719431E-0506
458 +.397036862228E-0506
459 +.363814427495E-0506
460 +.105921908741E-0505
461 +.276161975388E-0505
462 +.268511610779E-0506
463 +.136013381655E-0505
464 +.129487169470E-0505
465 +.428676933973E-0505
466 +.574080617381E-0505
467 +.143159495846E-0504
468 +.196225883855E-0504
469 +.511592766416E-0504
470 +.753817915432E-0504
471 +.169842780116E-0503
472 +.123462469326E-0503
473 +.362536039020E-0503
474 +.105920272685E-0502
475 +.802030735716E-0503
476 +.167310091396E-0502
477 +.220782014853E-0502
478 +.627698653053E-0502
479 +.234633231315E-0502
480 +.644340714716E-0502
481 +.227430638928E-0501
482 +.595564747893E-0501
483 +.951401044915E-0501
484 +.107334814382E-0500
485 +.233870101692E-0500
486 +.325097181956E-0500
487 +.912048686466E-0500
488 +.259348730031E-0500
489 +.649966439554E-0500
490 +.231678325746E-0499
491 +.619678996340E-0499
492 +.108192300313E-0498
493 +.930491893051E-0499
494 +.225353369784E-0498
495 +.221198763790E-0498
496 +.743168391902E-0498
497 +.126021874976E-0497
498 +.283420942567E-0497
499 +.143148664905E-0497
500 +.401721177601E-0497
501 +.122447351636E-0496
502 +.763836231452E-0497
503 +.101777468371E-0496
504 +.130680479864E-0496
505 +.392952868399E-0496
506 +.246873276363E-0496
507 +.731654332088E-0496
508 +.233247559941E-0495
509 +.244427978715E-0495
510 +.281334318183E-0495
511 +.497283884288E-0495
512 +.112386487549E-0494
513 +.134884339381E-0494
514 +.419130577352E-0494
515 +.368166148459E-0494
516 +.130182317603E-0493
517 +.326235740540E-0493
518 +.996762352060E-0494
519 +.291431888545E-0493
520 +.331578893526E-0493
521 +.103136863095E-0492
522 +.889596638481E-0493
523 +.259793154573E-0492
524 +.711739311337E-0492
525 +.126027360744E-0492
526 +.461526582789E-0492
527 +.476132121722E-0492
528 +.153798617204E-0491
529 +.175661697859E-0491
530 +.474953064341E-0491
531 +.922463685718E-0491
532 +.170150261135E-0490
533 +.706632808800E-0491
534 +.289023272770E-0490
535 +.829066843792E-0490
536 +.166414866146E-0490
537 +.896447336049E-0491
538 +.126711278619E-0490
539 +.409586085869E-0490
540 +.653955494207E-0490
541 +.180702504535E-0489
542 +.194412070064E-0489
543 +.549392869654E-0489
544 +.122252858711E-0488
545 +.117182536813E-0488
546 +.217318299025E-0488
547 +.454763870619E-0488
548 +.701124887906E-0488
549 +.182020297638E-0487
550 +.821623478832E-0488
551 +.339221996136E-0487
552 +.107594214725E-0486
553 +.113799209154E-0486
554 +.129258419430E-0486
555 +.230866307111E-0486
556 +.515230634697E-0486
557 +.649941386268E-0486
558 +.196402411302E-0485
559 +.127930661644E-0485
560 +.489203444554E-0485
561 +.146711399383E-0484
562 +.150573421983E-0484
563 +.262007892550E-0484
564 +.431399332935E-0484
565 +.100517691176E-0483
566 +.106989779824E-0483
567 +.351835561489E-0483
568 +.482053171729E-0483
569 +.120307089593E-0482
570 +.157172876721E-0482
571 +.419129273865E-0482
572 +.695074168320E-0482
573 +.138500142377E-0481
574 +.221210098614E-0482
575 +.108939788127E-0481
576 +.346913905969E-0481
577 +.395518466834E-0481
578 +.486338779688E-0481
579 +.906679682469E-0481
580 +.185234420893E-0480
581 +.307827866061E-0480
582 +.738034858439E-0480
583 +.680472137425E-0480
584 +.236326631492E-0479
585 +.472894017621E-0479
586 +.832973766883E-0479
587 +.474188058673E-0479
588 +.181178495995E-0478
589 +.468070017920E-0478
590 +.250239485549E-0478
591 +.600055879950E-0478
592 +.860150401716E-0478
593 +.232622453104E-0477
594 +.443226158341E-0478
595 +.226927148554E-0477
596 +.798684764449E-0477
597 +.176571635210E-0476
598 +.111761816364E-0476
599 +.178962644659E-0476
600 +.136013809972E-0476
601 +.495412724447E-0476
602 +.109952938673E-0475
603 +.112076367566E-0475
604 +.198460321403E-0475
605 +.439992776741E-0475
606 +.564022502015E-0475
607 +.168698953840E-0474
608 +.938238790510E-0475
609 +.277401481795E-0474
610 +.920411741097E-0474
611 +.132529948396E-0473
612 +.965999230865E-0474
613 +.229849155323E-0473
614 +.291286892618E-0473
615 +.866835773936E-0473
616 +.458018642204E-0473
617 +.136143383596E-0472
618 +.461185051764E-0472
619 +.764855841667E-0472
620 +.314837575125E-0472
621 +.909448980680E-0472
622 +.678420454630E-0472
623 +.247213207085E-0471
624 +.544503503571E-0471
625 +.605388051923E-0471
626 +.100131041669E-0470
627 +.239083018037E-0470
628 +.216839911942E-0470
629 +.756215966167E-0470
630 +.140796000678E-0469
631 +.242075084186E-0469
632 +.164384880376E-0469
633 +.603202490058E-0469
634 +.133778726300E-0468
635 +.153298748164E-0468
636 +.251454615507E-0468
637 +.603185789874E-0468
638 +.532928470736E-0468
639 +.187414247309E-0467
640 +.362506782391E-0467
641 +.575906745143E-0467
642 +.526590296427E-0467
643 +.177937279724E-0466
644 +.281919858247E-0466
645 +.636434905154E-0466
646 +.411828751903E-0466
647 +.120132736945E-0465
648 +.361374615959E-0465
649 +.359235225166E-0465
650 +.639882949553E-0465
651 +.102747995574E-0464
652 +.246362723363E-0464
653 +.224745947089E-0464
654 +.782640357250E-0464
655 +.146631910405E-0463
656 +.256826823139E-0463
657 +.163993525967E-0463
658 +.610419361781E-0463
659 +.141098018894E-0462
660 +.133791779960E-0462
661 +.253457033244E-0462
662 +.511582371368E-0462
663 +.865665077930E-0462
664 +.202921476671E-0461
665 +.211743905916E-0461
666 +.702667716800E-0461
667 +.113071170244E-0460
668 +.267926152565E-0460
669 +.216948453970E-0460
670 +.610938564306E-0460
671 +.153842090005E-0459
672 +.110068114658E-0459
673 +.236377269197E-0459
674 +.401051420731E-0459
675 +.915689658266E-0459
676 +.108052551451E-0458
677 +.338891090685E-0458
678 +.384429221089E-0458
679 +.109973733900E-0457
680 +.253792995578E-0457
681 +.193802622261E-0457
682 +.406252137916E-0457
683 +.712286349182E-0457
684 +.155687641162E-0456
685 +.216549681632E-0456
686 +.613751705962E-0456
687 +.102700649071E-0456
688 +.214418520264E-0456
689 +.800618972858E-0456
690 +.212888452981E-0455
691 +.365048993369E-0455
692 +.207479470131E-0455
693 +.533429692083E-0455
694 +.561390316107E-0455
695 +.183025151497E-0454
696 +.229336506796E-0454
697 +.594076272684E-0454
698 +.953908626704E-0454
699 +.223183190411E-0453
700 +.162667780709E-0453
701 +.465043326352E-0453
702 +.125414254200E-0452
703 +.365843930516E-0453
704 +.108643652558E-0452
705 +.123602209108E-0452
706 +.384246193233E-0452
707 +.322621525432E-0452
708 +.941622267571E-0452
709 +.259214816426E-0451
710 +.373787571711E-0452
711 +.151510136381E-0451
712 +.152076521227E-0451
713 +.495551496691E-0451
714 +.599063328688E-0451
715 +.158094878117E-0450
716 +.275324807798E-0450
717 +.593410177265E-0450
718 +.163858539370E-0450
719 +.407374678507E-0450
720 +.133862885863E-0449
721 +.170688606266E-0449
722 +.236401000799E-0449
723 +.472932763482E-0449
724 +.805708452953E-0449
725 +.185660143282E-0448
726 +.210101277628E-0448
727 +.672767619342E-0448
728 +.767255652160E-0448
729 +.210104604486E-0447
730 +.422852156459E-0447
731 +.728981460387E-0447
732 +.473107352659E-0447
733 +.175586969915E-0446
734 +.424337379070E-0446
735 +.391453490305E-0446
736 +.734647473873E-0446
737 +.152090085330E-0445
738 +.241148848744E-0445
739 +.608799647734E-0445
740 +.379917576209E-0445
741 +.146409900230E-0444
742 +.412117814391E-0444
743 +.180794486134E-0445
744 +.908886761117E-0445
745 +.737610152958E-0445
746 +.249864820865E-0444
747 +.395371165511E-0444
748 +.109883672312E-0443
749 +.121888284800E-0443
750 +.341913497470E-0443
751 +.733025474230E-0443
752 +.825461111796E-0443
753 +.134825481690E-0442
754 +.326315054730E-0442
755 +.271765851723E-0442
756 +.972906044442E-0442
757 +.203031182928E-0441
758 +.262970642089E-0441
759 +.364557169044E-0441
760 +.101083356981E-0440
761 +.495948079418E-0442
762 +.391044673763E-0441
763 +.141154405969E-0440
764 +.366083330750E-0440
765 +.563102055675E-0440
766 +.473054696926E-0440
767 +.103817275811E-0439
768 +.161852780236E-0439
769 +.409841671424E-0439
770 +.249156670397E-0439
771 +.965635854301E-0439
772 +.275207475389E-0438
773 +.369581418150E-0439
774 +.106900919113E-0439
775 +.651111692029E-0440
776 +.229010303765E-0439
777 +.367118592450E-0439
778 +.100690672362E-0438
779 +.103734031865E-0438
780 +.356212009452E-0438
781 +.891205147413E-0438
782 +.844629645747E-0438
783 +.173109605337E-0437
784 +.293091354975E-0437
785 +.674377491587E-0437
786 +.768319477962E-0437
787 +.245207420176E-0436
788 +.313468228848E-0436
789 +.859654645463E-0436
790 +.162773983115E-0435
791 +.258210928548E-0435
792 +.236213950924E-0435
793 +.798511829525E-0435
794 +.126898547090E-0434
795 +.285600957565E-0434
796 +.180374683735E-0434
797 +.525166156154E-0434
798 +.158824357821E-0433
799 +.164889286788E-0433
800 +.284099542080E-0433
801 +.472808249136E-0433
802 +.108757293591E-0432
803 +.122928674965E-0432
804 +.393559507152E-0432
805 +.448000862336E-0432
806 +.122775456889E-0431
807 +.247857350634E-0431
808 +.424613080055E-0431
809 +.284187634860E-0431
810 +.104713459655E-0430
811 +.248210350013E-0430
812 +.254340996292E-0430
813 +.443412948130E-0430
814 +.100447306160E-0429
815 +.118204685527E-0429
816 +.370875469330E-0429
817 +.358784777035E-0429
818 +.103202741873E-0428
819 +.257134435220E-0428
820 +.197180705560E-0428
821 +.410419446236E-0428
822 +.731318276008E-0428
823 +.156086503741E-0427
824 +.234035221631E-0427
825 +.624090563070E-0427
826 +.173599107271E-0427
827 +.799380914506E-0427
828 +.274400979280E-0426
829 +.521255213989E-0426
830 +.812821705341E-0428
831 +.151401122976E-0426
832 +.513903329671E-0427
833 +.221245134051E-0426
834 +.669385030993E-0426
835 +.429262897596E-0426
836 +.557389560938E-0426
837 +.729345651214E-0426
838 +.217249807723E-0425
839 +.129502667477E-0425
840 +.506698395202E-0425
841 +.158707126583E-0424
842 +.225577480243E-0424
843 +.263891920522E-0424
844 +.580335692379E-0424
845 +.775916287280E-0424
846 +.223966294298E-0423
847 +.109100011072E-0423
848 +.317410503326E-0423
849 +.110122232682E-0422
850 +.270250494514E-0422
851 +.319874435981E-0422
852 +.407197643302E-0422
853 +.632062374647E-0422
854 +.163359146034E-0421
855 +.738310098982E-0422
856 +.304534901359E-0421
857 +.929754667869E-0421
858 +.956802186298E-0421
859 +.165696872820E-0420
860 +.274528556918E-0420
861 +.634886822345E-0420
862 +.700275724036E-0420
863 +.226737421347E-0419
864 +.280082304693E-0419
865 +.741161448702E-0419
866 +.128133380982E-0418
867 +.278390368474E-0418
868 +.882407624693E-0419
869 +.229070935514E-0418
870 +.745680536719E-0418
871 +.893637789444E-0418
872 +.889940052958E-0418
873 +.177353603321E-0417
874 +.335836224794E-0417
875 +.653801434593E-0417
876 +.122777780927E-0416
877 +.246845452859E-0416
878 +.432896260821E-0416
879 +.969291694805E-0416
880 +.123776562582E-0415
881 +.371591493410E-0415
882 +.225481625289E-0415
883 +.675600036671E-0415
884 +.220849737758E-0414
885 +.285772199888E-0414
886 +.259788960200E-0414
887 +.554545005128E-0414
888 +.915154336676E-0414
889 +.218128034976E-0413
890 +.208310715686E-0413
891 +.714699239070E-0413
892 +.135499292006E-0412
893 +.263078631481E-0412
894 +.545698471604E-0413
895 +.266018283451E-0412
896 +.830800942150E-0412
897 +.792635236551E-0412
898 +.960194854111E-0412
899 +.157950539567E-0411
900 +.388579361670E-0411
901 +.290287720592E-0411
902 +.107102549418E-0410
903 +.267658856364E-0410
904 +.199008480648E-0410
905 +.418970154474E-0410
906 +.734666507977E-0410
907 +.160447744867E-0409
908 +.223800501853E-0409
909 +.632975837566E-0409
910 +.925055049430E-0410
911 +.518826461345E-0409
912 +.189196146084E-0408
913 +.505305703825E-0408
914 +.879495546589E-0408
915 +.466543345882E-0408
916 +.122865527021E-0407
917 +.121023087213E-0407
918 +.404890732985E-0407
919 +.668952949383E-0407
920 +.154528265809E-0406
921 +.101519833628E-0406
922 +.288898153264E-0406
923 +.813235330777E-0406
924 +.851354839570E-0408
925 +.239639195998E-0406
926 +.207234157371E-0406
927 +.697373072333E-0406
928 +.110447563102E-0405
929 +.306818130289E-0405
930 +.273263915733E-0405
931 +.761593679017E-0405
932 +.178521253560E-0404
933 +.195415880861E-0404
934 +.323558170000E-0404
935 +.774422545149E-0404
936 +.691387036680E-0404
937 +.242347188262E-0403
938 +.467762820518E-0403
939 +.772452529600E-0403
940 +.635266853869E-0403
941 +.221690200636E-0402
942 +.408440856532E-0402
943 +.756552912571E-0402
944 +.372387212140E-0402
945 +.146726792823E-0401
946 +.384659027363E-0401
947 +.936444675056E-0402
948 +.299168089364E-0401
949 +.316104888949E-0401
950 +.101445979586E-0400
951 +.112918017321E-0400
952 +.309819356835E-0400
953 +.643063894195E-0400
954 +.103741492273E-0399
955 +.883043905824E-0400
956 +.305401471018E-0399
957 +.583618113132E-0399
958 +.111523523931E-0398
959 +.302947945463E-0399
960 +.136877226381E-0398
961 +.418706873240E-0398
962 +.314764168302E-0398
963 +.411342623081E-0398
964 +.579097655072E-0398
965 +.163625105509E-0397
966 +.249896326459E-0398
967 +.470351387807E-0398
968 +.175867353952E-0397
969 +.461159959440E-0397
970 +.746670461928E-0397
971 +.814337736935E-0397
972 +.180281386097E-0396
973 +.239359638301E-0396
974 +.693407605156E-0396
975 +.355683624072E-0396
976 +.104309164585E-0395
977 +.359678534357E-0395
978 +.859257025269E-0395
979 +.883175208715E-0395
980 +.124572113640E-0394
981 +.161067613933E-0394
982 +.476637573142E-0394
983 +.331808372229E-0394
984 +.998857805015E-0394
985 +.322535171762E-0393
986 +.549739836678E-0393
987 +.378001548967E-0393
988 +.991112431801E-0393
989 +.673258001566E-0393
990 +.251650016538E-0392
991 +.639979938789E-0392
992 +.408313704576E-0392
993 +.916909619740E-0392
994 +.145273694601E-0391
995 +.358763507820E-0391
996 +.271587628526E-0391
997 +.999011241522E-0391
998 +.247459205936E-0390
999 +.196569241227E-0390
1000 +.400998560748E-0390
1001 +.737855859867E-0390
1002 +.149683928471E-0389
1003 +.256791395604E-0389
1004 +.592095849874E-0389
1005 +.669124837372E-0389
1006 +.214437206462E-0388
1007 +.241470855084E-0388
1008 +.655761767217E-0388
1009 +.130642142675E-0387
1010 +.229971148387E-0387
1011 +.133413292301E-0387
1012 +.507833047109E-0387
1013 +.130298826333E-0386
1014 +.752312777289E-0387
1015 +.175475273280E-0386
1016 +.262095627677E-0386
1017 +.684878425685E-0386
1018 +.284139559462E-0386
1019 +.119388540693E-0385
1020 +.385849250031E-0385
1021 +.479821506118E-0385
1022 +.460240014780E-0385
1023 +.947985637922E-0385
1024 +.168416913823E-0384
1025 +.364285707730E-0384
1026 +.524457339835E-0384
1027 +.144767589061E-0383
1028 +.252787414969E-0384
1029 +.654831613548E-0384
1030 +.241275540574E-0383
1031 +.622569346483E-0383
1032 +.939547263957E-0383
1033 +.894665553901E-0383
1034 +.189104827674E-0382
1035 +.311730673588E-0382
1036 +.744031403118E-0382
1037 +.704675819236E-0382
1038 +.242467104473E-0381
1039 +.465704994595E-0381
1040 +.884913410207E-0381
1041 +.259755311384E-0381
1042 +.115064334527E-0380
1043 +.349019153726E-0380
1044 +.235158733217E-0380
1045 +.310346733132E-0380
1046 +.413431975125E-0380
1047 +.121482473869E-0379
1048 +.543219140437E-0380
1049 +.157264658192E-0379
1050 +.544920835856E-0379
1051 +.103373650014E-0378
1052 +.146274520768E-0380
1053 +.319464531679E-0379
1054 +.108324673673E-0379
1055 +.466378610220E-0379
1056 +.140960650286E-0378
1057 +.891567523200E-0379
1058 +.200273789886E-0378
1059 +.241048066055E-0378
1060 +.725159357633E-0378
1061 +.440701081053E-0378
1062 +.132198522609E-0377
1063 +.431163833061E-0377
1064 +.548262030784E-0377
1065 +.512277837179E-0377
1066 +.107538770577E-0376
1067 +.183755834687E-0376
1068 +.419533219966E-0376
1069 +.495175282493E-0376
1070 +.155303639800E-0375
1071 +.176179229439E-0375
1072 +.503992426562E-0375
1073 +.116304943468E-0374
1074 +.888357298053E-0375
1075 +.186197121695E-0374
1076 +.326521837984E-0374
1077 +.713507201256E-0374
1078 +.993300343603E-0374
1079 +.281342717961E-0373
1080 +.457521955208E-0374
1081 +.935997288435E-0374
1082 +.349861087334E-0373
1083 +.931435103498E-0373
1084 +.160533684209E-0372
1085 +.144813225338E-0372
1086 +.345281097500E-0372
1087 +.358878129872E-0372
1088 +.117958430317E-0371
1089 +.178341742661E-0371
1090 +.444418368827E-0371
1091 +.506366620688E-0371
1092 +.131798057778E-0370
1093 +.223841365588E-0370
1094 +.496879748372E-0370
1095 +.213437234421E-0370
1096 +.591992268723E-0370
1097 +.186443164232E-0369
1098 +.169472166036E-0369
1099 +.211701404770E-0369
1100 +.335464641203E-0369
1101 +.856275946745E-0369
1102 +.452578358312E-0369
1103 +.180673324351E-0368
1104 +.544804900198E-0368
1105 +.324007611577E-0368
1106 +.426393294273E-0368
1107 +.540605613816E-0368
1108 +.164047796151E-0367
1109 +.115373083606E-0367
1110 +.341227778091E-0367
1111 +.103919767066E-0366
1112 +.661841781013E-0367
1113 +.881704619273E-0367
1114 +.114085618659E-0366
1115 +.341380992591E-0366
1116 +.201148556432E-0366
1117 +.595440859033E-0366
1118 +.193861781338E-0365
1119 +.242367092240E-0365
1120 +.232211352680E-0365
1121 +.479705983210E-0365
1122 +.846290408454E-0365
1123 +.184942862758E-0364
1124 +.257492273394E-0364
1125 +.729358508902E-0364
1126 +.258151038388E-0364
1127 +.698754629205E-0364
1128 +.247823810199E-0363
1129 +.660814352996E-0363
1130 +.113852388795E-0362
1131 +.102793023609E-0362
1132 +.245020151771E-0362
1133 +.254934255662E-0362
1134 +.837583497893E-0362
1135 +.126340947374E-0361
1136 +.315371180302E-0361
1137 +.363060332162E-0361
1138 +.941110119541E-0361
1139 +.156722385124E-0360
1140 +.354959207948E-0360
1141 +.191653955445E-0360
1142 +.545718340553E-0360
1143 +.164351313894E-0359
1144 +.866098240307E-0360
1145 +.113228540232E-0359
1146 +.137500494385E-0359
1147 +.428049676154E-0359
1148 +.391768841047E-0359
1149 +.112530691147E-0358
1150 +.288449778912E-0358
1151 +.174344272705E-0358
1152 +.400719843828E-0358
1153 +.610371213492E-0358
1154 +.156732829239E-0357
1155 +.821454103751E-0358
1156 +.328640842519E-0357
1157 +.995617857110E-0357
1158 +.632325046495E-0357
1159 +.835286817810E-0357
1160 +.108579948360E-0356
1161 +.324253704344E-0356
1162 +.186175777157E-0356
1163 +.550588905840E-0356
1164 +.180635315071E-0355
1165 +.239479505792E-0355
1166 +.208859219715E-0355
1167 +.456502005544E-0355
1168 +.715172896963E-0355
1169 +.180398182450E-0354
1170 +.113846772017E-0354
1171 +.437570625790E-0354
1172 +.122369715456E-0353
1173 +.978831401123E-0356
1174 +.386468483467E-0354
1175 +.342539333659E-0354
1176 +.114604330274E-0353
1177 +.177388549921E-0353
1178 +.502518407184E-0353
1179 +.509473752030E-0353
1180 +.138036365041E-0352
1181 +.281826489456E-0352
1182 +.472963069963E-0352
1183 +.347107371190E-0352
1184 +.125036054042E-0351
1185 +.277056964336E-0351
1186 +.373692674874E-0351
1187 +.478797314765E-0351
1188 +.139752805605E-0350
1189 +.823001051125E-0351
1190 +.245075274775E-0350
1191 +.823628384447E-0350
1192 +.174019367509E-0349
1193 +.726180482063E-0350
1194 +.104288321015E-0349
1195 +.630135321651E-0350
1196 +.243539200938E-0349
1197 +.668966020144E-0349
1198 +.846273538378E-0350
1199 +.367705749197E-0349
1200 +.340786150200E-0349
1201 +.114091721084E-0348
1202 +.171426169819E-0348
1203 +.433429562967E-0348
1204 +.453806896724E-0348
1205 +.129343109005E-0347
1206 +.299633449275E-0347
1207 +.230317221547E-0347
1208 +.482753110782E-0347
1209 +.843899928924E-0347
1210 +.185267541571E-0346
1211 +.253880172736E-0346
1212 +.727379926639E-0346
1213 +.179709873341E-0346
1214 +.457991403677E-0346
1215 +.168521469633E-0345
1216 +.431959266247E-0345
1217 +.632825741840E-0345
1218 +.596247627069E-0345
1219 +.122602603529E-0344
1220 +.218227709806E-0344
1221 +.470239935141E-0344
1222 +.685049114536E-0344
1223 +.187278481071E-0343
1224 +.205927394295E-0344
1225 +.129459924174E-0343
1226 +.463287449680E-0343
1227 +.113502611789E-0342
1228 +.134041428914E-0342
1229 +.171903448630E-0342
1230 +.265761781878E-0342
1231 +.688926872176E-0342
1232 +.298728631654E-0342
1233 +.124295005780E-0341
1234 +.396937539766E-0341
1235 +.446498583143E-0341
1236 +.481112761264E-0341
1237 +.905352081250E-0341
1238 +.187740780433E-0340
1239 +.299164472415E-0340
1240 +.751797786883E-0340
1241 +.490060338386E-0340
1242 +.187001271424E-0339
1243 +.484679181506E-0339
1244 +.742375552296E-0340
1245 +.291638376858E-0339
1246 +.294137507525E-0339
1247 +.957092747523E-0339
1248 +.116036574541E-0338
1249 +.306415714777E-0338
1250 +.543484877036E-0338
1251 +.114629443079E-0337
1252 +.194093401690E-0338
1253 +.371469017705E-0338
1254 +.124930663261E-0337
1255 +.174598860314E-0337
1256 +.208965216140E-0337
1257 +.454671216309E-0337
1258 +.627177593927E-0337
1259 +.177135899119E-0336
1260 +.248677358559E-0337
1261 +.451106056536E-0337
1262 +.169521126232E-0336
1263 +.451932894778E-0336
1264 +.783769548138E-0336
1265 +.691400726849E-0336
1266 +.166081604820E-0335
1267 +.168019324562E-0335
1268 +.558153647546E-0335
1269 +.893526246901E-0335
1270 +.212600494535E-0334
1271 +.177603773039E-0334
1272 +.498352131681E-0334
1273 +.122724571929E-0333
1274 +.103082322713E-0333
1275 +.204923071947E-0333
1276 +.391341739334E-0333
1277 +.743414450219E-0333
1278 +.146251815092E-0332
1279 +.268860998857E-0332
1280 +.560564033017E-0332
1281 +.898610121006E-0332
1282 +.224571855225E-0331
1283 +.153879900840E-0331
1284 +.580388401450E-0331
1285 +.154810494691E-0330
1286 +.525249339879E-0331
1287 +.147375695782E-0330
1288 +.176283560677E-0330
1289 +.534857850654E-0330
1290 +.346404017936E-0330
1291 +.102871502778E-0329
1292 +.324810794654E-0329
1293 +.311484490632E-0329
1294 +.379090449371E-0329
1295 +.624540339350E-0329
1296 +.153243145258E-0328
1297 +.116844578669E-0328
1298 +.428819165551E-0328
1299 +.105384241292E-0327
1300 +.883830539077E-0328
1301 +.175303311163E-0327
1302 +.336224283902E-0327
1303 +.633283276137E-0327
1304 +.126520798586E-0326
1305 +.224967382019E-0326
1306 +.493846152786E-0326
1307 +.677435035931E-0326
1308 +.194011635299E-0325
1309 +.473735492985E-0326
1310 +.120198785364E-0325
1311 +.442521933857E-0325
1312 +.113651939979E-0324
1313 +.167963869042E-0324
1314 +.155318483972E-0324
1315 +.323100044614E-0324
1316 +.562542677357E-0324
1317 +.125113054228E-0323
1318 +.163784948625E-0323
1319 +.484035510421E-0323
1320 +.230530895030E-0323
1321 +.942612498498E-0323
1322 +.322820663734E-0322
1323 +.602305479053E-0322
1324 +.359916286923E-0323
1325 +.261447015657E-0322
1326 +.101504827293E-0322
1327 +.424863286167E-0322
1328 +.121661637459E-0321
1329 +.661847115803E-0322
1330 +.911074344183E-0322
1331 +.110805540153E-0321
1332 +.343126648144E-0321
1333 +.363237782022E-0321
1334 +.105671002564E-0320
1335 +.264219726565E-0320
1336 +.849928428043E-0321
1337 +.243933506196E-0320
1338 +.281250325506E-0320
1339 +.869569400177E-0320
1340 +.708712687348E-0320
1341 +.208538102229E-0319
1342 +.594287360052E-0319
1343 +.628174089362E-0320
1344 +.542170077714E-0320
1345 +.271508739551E-0320
1346 +.986114156729E-0320
1347 +.160480996807E-0319
1348 +.433459267768E-0319
1349 +.408013954675E-0319
1350 +.143990902871E-0318
1351 +.386943685863E-0318
1352 +.189153208779E-0318
1353 +.484587262457E-0318
1354 +.548825654738E-0318
1355 +.171988698684E-0317
1356 +.163247890277E-0317
1357 +.565832303551E-0317
1358 +.134552853057E-0316
1359 +.813961904255E-0317
1360 +.187688913849E-0316
1361 +.282391003013E-0316
1362 +.733594907393E-0316
1363 +.331325995770E-0316
1364 +.136746649517E-0315
1365 +.418428679820E-0315
1366 +.439301775831E-0315
1367 +.748625117328E-0315
1368 +.126112725756E-0314
1369 +.285738696017E-0314
1370 +.344548961854E-0314
1371 +.106775188476E-0313
1372 +.922777181236E-0314
1373 +.270969421096E-0313
1374 +.744434199506E-0313
1375 +.116483406060E-0313
1376 +.452938724814E-0313
1377 +.459324957036E-0313
1378 +.149199955057E-0312
1379 +.176792322636E-0312
1380 +.470784350073E-0312
1381 +.854122893692E-0312
1382 +.174917754431E-0311
1383 +.550738099303E-0313
1384 +.573973440200E-0312
1385 +.185518288198E-0311
1386 +.257555905098E-0311
1387 +.313169806872E-0311
1388 +.675895576483E-0311
1389 +.954370494185E-0311
1390 +.264899354103E-0310
1391 +.629685245159E-0312
1392 +.101909553221E-0310
1393 +.366796322745E-0310
1394 +.962823588170E-0310
1395 +.155820521686E-0309
1396 +.112348927689E-0309
1397 +.264479146352E-0309
1398 +.349487684429E-0309
1399 +.101198904259E-0308
1400 +.302517308273E-0309
1401 +.808738520627E-0309
1402 +.293300701870E-0308
1403 +.704639569889E-0308
1404 +.753799488952E-0308
1405 +.105271643106E-0307
1406 +.142897006623E-0307
1407 +.409477997486E-0307
1408 +.102090422319E-0307
1409 +.256556104258E-0307
1410 +.938610685385E-0307
1411 +.233290376124E-0306
1412 +.296467330446E-0306
1413 +.354897293546E-0306
1414 +.603612284236E-0306
1415 +.141856179255E-0305
1416 +.141877893434E-0305
1417 +.478333675845E-0305
1418 +.834340345958E-0305
1419 +.181842524781E-0304
1420 +.614052630027E-0305
1421 +.160171841328E-0304
1422 +.517380661229E-0304
1423 +.582175179447E-0304
1424 +.620575441396E-0304
1425 +.116907457893E-0303
1426 +.242599973348E-0303
1427 +.385724805927E-0303
1428 +.971591004053E-0303
1429 +.619712781565E-0303
1430 +.237651007933E-0302
1431 +.661285278687E-0302
1432 +.295988023950E-0303
1433 +.256903977589E-0302
1434 +.237884620162E-0302
1435 +.789729783327E-0302
1436 +.119281037566E-0301
1437 +.297232932707E-0301
1438 +.338667898081E-0301
1439 +.881340410114E-0301
1440 +.149653691031E-0300
1441 +.332273091295E-0300
1442 +.143126804991E-0300
1443 +.397152300784E-0300
1444 +.125028072321E-0299
1445 +.113192140452E-0299
1446 +.141638422915E-0299
1447 +.223797727457E-0299
1448 +.572837018127E-0299
1449 +.292967812691E-0299
1450 +.117767352599E-0298
1451 +.359173415504E-0298
1452 +.249403554624E-0298
1453 +.328943288794E-0298
1454 +.444903923485E-0298
1455 +.129372063545E-0297
1456 +.474491450354E-0298
1457 +.132963035426E-0297
1458 +.472942023307E-0297
1459 +.103412476517E-0296
1460 +.601720970090E-0297
1461 +.959538704544E-0297
1462 +.682533564116E-0297
1463 +.252949155487E-0296
1464 +.595780239212E-0296
1465 +.428461701348E-0296
1466 +.922084218893E-0296
1467 +.154880171733E-0295
1468 +.358216296514E-0295
1469 +.399149641770E-0295
1470 +.128719031702E-0294
1471 +.154596514580E-0294
1472 +.414424121701E-0294
1473 +.759507273325E-0294
1474 +.153339365447E-0293
1475 +.972065823847E-0295
1476 +.795377916271E-0294
1477 +.255893749461E-0293
1478 +.336845795832E-0293
1479 +.446567753749E-0293
1480 +.918475028318E-0293
1481 +.146949737748E-0292
1482 +.364359525173E-0292
1483 +.266214517964E-0292
1484 +.988284278831E-0292
1485 +.238558921457E-0291
1486 +.156864583424E-0291
1487 +.351091953479E-0291
1488 +.551192487783E-0291
1489 +.137509802769E-0290
1490 +.959204827510E-0291
1491 +.360137203188E-0290
1492 +.900518783681E-0290
1493 +.410175846561E-0290
1494 +.104496727127E-0289
1495 +.135354281780E-0289
1496 +.393204187532E-0289
1497 +.205851473042E-0289
1498 +.605341456150E-0289
1499 +.208079525837E-0288
1500 +.490073937206E-0288
1501 +.465041086182E-0288
1502 +.681749970977E-0288
1503 +.797749200580E-0288
1504 +.249289971682E-0287
1505 +.279356204462E-0287
1506 +.801177437300E-0287
1507 +.187224203640E-0286
1508 +.130979011241E-0286
1509 +.285354293623E-0286
1510 +.470256871490E-0286
1511 +.111287120358E-0285
1512 +.110606347840E-0285
1513 +.373987249444E-0285
1514 +.604036012982E-0285
1515 +.130954115117E-0284
1516 +.670647169670E-0285
1517 +.190298404182E-0284
1518 +.594325939792E-0284
1519 +.772001717147E-0284
1520 +.104680409270E-0283
1521 +.212245569580E-0283
1522 +.351071316951E-0283
1523 +.838732312980E-0283
1524 +.788783949892E-0283
1525 +.272074814899E-0282
1526 +.487332408780E-0282
1527 +.921950223751E-0282
1528 +.336023426791E-0282
1529 +.141383021554E-0281
1530 +.403808599578E-0281
1531 +.159478887816E-0281
1532 +.423891314515E-0281
1533 +.434068029570E-0281
1534 +.140958693285E-0280
1535 +.171820414733E-0280
1536 +.456403780740E-0280
1537 +.807900190325E-0280
1538 +.170731268410E-0279
1539 +.305248395975E-0280
1540 +.608165094641E-0280
1541 +.204029241938E-0279
1542 +.283875817782E-0279
1543 +.342591488279E-0279
1544 +.742310146653E-0279
1545 +.103636946457E-0278
1546 +.290125688495E-0278
1547 +.222737147523E-0279
1548 +.604489323469E-0279
1549 +.223888033453E-0278
1550 +.597321955807E-0278
1551 +.103728934877E-0277
1552 +.910517570958E-0278
1553 +.219070408242E-0277
1554 +.220313803257E-0277
1555 +.733536199314E-0277
1556 +.107245063031E-0276
1557 +.255282041519E-0276
1558 +.257533607756E-0276
1559 +.740340831922E-0276
1560 +.178992277126E-0275
1561 +.978715464262E-0276
1562 +.234616473890E-0275
1563 +.330248299126E-0275
1564 +.906641290370E-0275
1565 +.118378669396E-0275
1566 +.555929603549E-0275
1567 +.200415793844E-0274
1568 +.498103043225E-0274
1569 +.631683689180E-0274
1570 +.104706306990E-0273
1571 +.170368021927E-0273
1572 +.402929724471E-0273
1573 +.396081193018E-0273
1574 +.134385950320E-0272
1575 +.217931532955E-0272
1576 +.460351909196E-0272
1577 +.192466929235E-0272
1578 +.524195946067E-0272
1579 +.166073263148E-0271
1580 +.231416623474E-0271
1581 +.235791498746E-0271
1582 +.520918545962E-0271
1583 +.729927766570E-0271
1584 +.203494383855E-0270
1585 +.931386693134E-0272
1586 +.601782239203E-0271
1587 +.218743184013E-0270
1588 +.580142321330E-0270
1589 +.981113201970E-0270
1590 +.943234915894E-0270
1591 +.219896969806E-0269
1592 +.247423514561E-0269
1593 +.785792268201E-0269
1594 +.964524383839E-0269
1595 +.268768346593E-0268
1596 +.548858357236E-0268
1597 +.719921322292E-0268
1598 +.979524355088E-0268
1599 +.275256724734E-0267
1600 +.392576361766E-0268
1601 +.825323611332E-0268
1602 +.307230383748E-0267
1603 +.805560453428E-0267
1604 +.130321298449E-0266
1605 +.142438025648E-0266
1606 +.315024898337E-0266
1607 +.419476568911E-0266
1608 +.121284891941E-0265
1609 +.605050448039E-0266
1610 +.176698570442E-0265
1611 +.611363419364E-0265
1612 +.148261074070E-0264
1613 +.165117913446E-0264
1614 +.221104780066E-0264
1615 +.316951674651E-0264
1616 +.874920396071E-0264
1617 +.174990320661E-0264
1618 +.360694583031E-0264
1619 +.129164697872E-0263
1620 +.333511818559E-0263
1621 +.502744531848E-0263
1622 +.458995888840E-0263
1623 +.975394467637E-0263
1624 +.161168947451E-0262
1625 +.383368842944E-0262
1626 +.370262041612E-0262
1627 +.126526470686E-0261
1628 +.216195172266E-0261
1629 +.437868432147E-0261
1630 +.925290088499E-0262
1631 +.259502179066E-0261
1632 +.846650576955E-0261
1633 +.104748324829E-0260
1634 +.107354109749E-0260
1635 +.218157684863E-0260
1636 +.391396732642E-0260
1637 +.835085604242E-0260
1638 +.125363513657E-0259
1639 +.333986223699E-0259
1640 +.949830144504E-0260
1641 +.434966894459E-0259
1642 +.145540288048E-0258
1643 +.273017595721E-0258
1644 +.699940783814E-0259
1645 +.239025614410E-0258
1646 +.102159769396E-0258
1647 +.420663202952E-0258
1648 +.126399812030E-0257
1649 +.724497471619E-0258
1650 +.949370537435E-0258
1651 +.118840654590E-0257
1652 +.363542332357E-0257
1653 +.279793362528E-0257
1654 +.822774941516E-0257
1655 +.239158397878E-0256
1656 +.611286018596E-0257
1657 +.523046406693E-0257
1658 +.632644242843E-0257
1659 +.206447246061E-0256
1660 +.326190046621E-0256
1661 +.909169913403E-0256
1662 +.829120339526E-0256
1663 +.230104702900E-0255
1664 +.527868400126E-0255
1665 +.632329137578E-0255
1666 +.956070489349E-0255
1667 +.248699763342E-0254
1668 +.101204527138E-0254
1669 +.426633626441E-0254
1670 +.133583814598E-0253
1671 +.167146119578E-0253
1672 +.237960337035E-0253
1673 +.467182221863E-0253
1674 +.827965659802E-0253
1675 +.180805795534E-0252
1676 +.252077685867E-0252
1677 +.713311674457E-0252
1678 +.111113185258E-0252
1679 +.220018422201E-0252
1680 +.823755774607E-0252
1681 +.219666231078E-0251
1682 +.381184391715E-0251
1683 +.335521138374E-0251
1684 +.806538527491E-0251
1685 +.813792823899E-0251
1686 +.270612892023E-0250
1687 +.435513689986E-0250
1688 +.103133672614E-0249
1689 +.831259819117E-0250
1690 +.234195170262E-0249
1691 +.591602469976E-0249
1692 +.412529838357E-0249
1693 +.895748001219E-0249
1694 +.149340896020E-0248
1695 +.348452718263E-0248
1696 +.372452871934E-0248
1697 +.122335283255E-0247
1698 +.186071964087E-0247
1699 +.461824314686E-0247
1700 +.513370008348E-0247
1701 +.134869890361E-0246
1702 +.239422807707E-0246
1703 +.505211416944E-0246
1704 +.866994716836E-0247
1705 +.167749991998E-0246
1706 +.563768196851E-0246
1707 +.786761428077E-0246
1708 +.944175882686E-0246
1709 +.205158233175E-0245
1710 +.284109224714E-0245
1711 +.800134534146E-0245
1712 +.958570545121E-0246
1713 +.145283874396E-0245
1714 +.550950330602E-0245
1715 +.147154959349E-0244
1716 +.257429391048E-0244
1717 +.219836370858E-0244
1718 +.533608063828E-0244
1719 +.519445936085E-0244
1720 +.175045080370E-0243
1721 +.274035071132E-0243
1722 +.613696068205E-0243
1723 +.412517654021E-0243
1724 +.120658164794E-0242
1725 +.359846830634E-0242
1726 +.331904587940E-0242
1727 +.622121055355E-0242
1728 +.941645552622E-0242
1729 +.239826855312E-0241
1730 +.135667058968E-0241
1731 +.533799534892E-0241
1732 +.150305652790E-0240
1733 +.564855556801E-0241
1734 +.152734533885E-0240
1735 +.154930944132E-0240
1736 +.504974680443E-0240
1737 +.630482687167E-0240
1738 +.165488969746E-0239
1739 +.277852610503E-0239
1740 +.623052808698E-0239
1741 +.301940323185E-0239
1742 +.850915302995E-0239
1743 +.262512760395E-0238
1744 +.191487668339E-0238
1745 +.253469970194E-0238
1746 +.349984641559E-0238
1747 +.100208669527E-0237
1748 +.250058464484E-0238
1749 +.627959752000E-0238
1750 +.229820958122E-0237
1751 +.572179563665E-0237
1752 +.733029925732E-0237
1753 +.868946787325E-0237
1754 +.149375836852E-0236
1755 +.346736106331E-0236
1756 +.369216658447E-0236
1757 +.121401459018E-0235
1758 +.185698681083E-0235
1759 +.458917236169E-0235
1760 +.496634426696E-0235
1761 +.131693964318E-0234
1762 +.244333152292E-0234
1763 +.485902288626E-0234
1764 +.586491573427E-0235
1765 +.347788442722E-0234
1766 +.111060784523E-0233
1767 +.133166236642E-0233
1768 +.132681204991E-0233
1769 +.264382572367E-0233
1770 +.500715754583E-0233
1771 +.974504751754E-0233
1772 +.183109280563E-0232
1773 +.367765043359E-0232
1774 +.646464832845E-0232
1775 +.144274431142E-0231
1776 +.186537735887E-0231
1777 +.555747654944E-0231
1778 +.303645601475E-0231
1779 +.906187732451E-0231
1780 +.304885504692E-0230
1781 +.483987704689E-0230
1782 +.252016494103E-0230
1783 +.676103627175E-0230
1784 +.610105160594E-0230
1785 +.210605347370E-0229
1786 +.371318460593E-0229
1787 +.717445119488E-0229
1788 +.198204603869E-0229
1789 +.891495742313E-0229
1790 +.266792718743E-0228
1791 +.194729251712E-0228
1792 +.342274154446E-0228
1793 +.453778690327E-0228
1794 +.130284267647E-0227
1795 +.321154450681E-0228
1796 +.805024751197E-0228
1797 +.294795929364E-0227
1798 +.735869287049E-0227
1799 +.954588538256E-0227
1800 +.111392783981E-0226
1801 +.194672987328E-0226
1802 +.443018926736E-0226
1803 +.516330703819E-0226
1804 +.162871188047E-0225
1805 +.192398384786E-0225
1806 +.543571241235E-0225
1807 +.118362436262E-0224
1808 +.123270073410E-0224
1809 +.214613474310E-0224
1810 +.485735952301E-0224
1811 +.574290813339E-0224
1812 +.179755236151E-0223
1813 +.166412283145E-0223
1814 +.477524109291E-0223
1815 +.121486637383E-0222
1816 +.788078676468E-0223
1817 +.176273671557E-0222
1818 +.280286202236E-0222
1819 +.689806006013E-0222
1820 +.535818130166E-0222
1821 +.195761782151E-0221
1822 +.474381943316E-0221
1823 +.434486588832E-0221
1824 +.818882732532E-0221
1825 +.168583477775E-0220
1826 +.271212728852E-0220
1827 +.674255404527E-0220
1828 +.482437164617E-0220
1829 +.180057303162E-0219
1830 +.466310675265E-0219
1831 +.246902459632E-0219
1832 +.593936467541E-0219
1833 +.847799305308E-0219
1834 +.230035591848E-0218
1835 +.387566499146E-0219
1836 +.206568494778E-0218
1837 +.730750647888E-0218
1838 +.166588717214E-0217
1839 +.130730662932E-0217
1840 +.205820139590E-0217
1841 +.192559757818E-0217
1842 +.658862182862E-0217
1843 +.111790967855E-0216
1844 +.222973643083E-0216
1845 +.382943214913E-0217
1846 +.165931908766E-0216
1847 +.530435544777E-0216
1848 +.611068082370E-0216
1849 +.732079852039E-0216
1850 +.138032687368E-0215
1851 +.277851972742E-0215
1852 +.478241496667E-0215
1853 +.109736346677E-0214
1854 +.126700777674E-0214
1855 +.401867370424E-0214
1856 +.493155016610E-0214
1857 +.137479562095E-0213
1858 +.281274235228E-0213
1859 +.366872202254E-0213
1860 +.503221334453E-0213
1861 +.140647558241E-0212
1862 +.147183121044E-0213
1863 +.350655646801E-0213
1864 +.129960186776E-0212
1865 +.340878860143E-0212
1866 +.552002237589E-0212
1867 +.601783800843E-0212
1868 +.133249776206E-0211
1869 +.176819733196E-0211
1870 +.512417972394E-0211
1871 +.168929318100E-0211
1872 +.469286098009E-0211
1873 +.169651791670E-0210
1874 +.403415332007E-0210
1875 +.408101792287E-0210
1876 +.589157413211E-0210
1877 +.744584969287E-0210
1878 +.223051902962E-0209
1879 +.130953676389E-0209
1880 +.387796470498E-0209
1881 +.126345677914E-0208
1882 +.158837807140E-0208
1883 +.150970942108E-0208
1884 +.313515055869E-0208
1885 +.547439980641E-0208
1886 +.121391362766E-0207
1887 +.160660774853E-0207
1888 +.471450731610E-0207
1889 +.288432274933E-0207
1890 +.863031689214E-0207
1891 +.289118764294E-0206
1892 +.601953360293E-0206
1893 +.213157196885E-0206
1894 +.284139955765E-0206
1895 +.166337486156E-0206
1896 +.648982052707E-0206
1897 +.184646746475E-0205
1898 +.567496693627E-0206
1899 +.164870674127E-0205
1900 +.161894653470E-0205
1901 +.533961543667E-0205
1902 +.716928435977E-0205
1903 +.180423830660E-0204
1904 +.249271610053E-0204
1905 +.646929790977E-0204
1906 +.930237330015E-0204
1907 +.213785740862E-0203
1908 +.178647177348E-0203
1909 +.523927714120E-0203
1910 +.144553440551E-0202
1911 +.468161697607E-0203
1912 +.133629869884E-0202
1913 +.131208136235E-0202
1914 +.432932364411E-0202
1915 +.583450940231E-0202
1916 +.146556439308E-0201
1917 +.200282444251E-0201
1918 +.522767311880E-0201
1919 +.775175721974E-0201
1920 +.173669589187E-0200
1921 +.121169935232E-0200
1922 +.355318042508E-0200
1923 +.105134729031E-0199
1924 +.902788956558E-0200
1925 +.176588305088E-0199
1926 +.253491494691E-0199
1927 +.676585938750E-0199
1928 +.183380393287E-0199
1929 +.849472526776E-0199
1930 +.285059737050E-0198
1931 +.541429551040E-0198
1932 +.116894216676E-0198
1933 +.424910347260E-0198
1934 +.172973123246E-0198
1935 +.719209313906E-0198
1936 +.217655098932E-0197
1937 +.138508800242E-0197
1938 +.182899994717E-0197
1939 +.237871967353E-0197
1940 +.710152712392E-0197
1941 +.406123598034E-0197
1942 +.120085507782E-0196
1943 +.394420594258E-0196
1944 +.527376006210E-0196
1945 +.452822224034E-0196
1946 +.998082727462E-0196
1947 +.153386259368E-0195
1948 +.394302542140E-0195
1949 +.203283318266E-0195
1950 +.816181069564E-0195
1951 +.248782185738E-0194
1952 +.171426402382E-0194
1953 +.226200697879E-0194
1954 +.304820146418E-0194
1955 +.888628107663E-0194
1956 +.343151286271E-0194
1957 +.971106811171E-0194
1958 +.343430504011E-0193
1959 +.728916655043E-0193
1960 +.325426072581E-0193
1961 +.495921878199E-0193
1962 +.302953719182E-0193
1963 +.116577407418E-0192
1964 +.325050113507E-0192
1965 +.864142155394E-0194
1966 +.114606932750E-0192
1967 +.103928124225E-0192
1968 +.346422567199E-0192
1969 +.530766692126E-0192
1970 +.130837016071E-0191
1971 +.139384717785E-0191
1972 +.371420600572E-0191
1973 +.705779589140E-0191
1974 +.135332322696E-0190
1975 +.360792000063E-0191
1976 +.163865852224E-0190
1977 +.502968952283E-0190
1978 +.393727924752E-0190
1979 +.510899919195E-0190
1980 +.736035972431E-0190
1981 +.204333219803E-0189
1982 +.534016053805E-0191
1983 +.569321809841E-0190
1984 +.205528258921E-0189
1985 +.540487594512E-0189
1986 +.881729524707E-0189
1987 +.942420912557E-0189
1988 +.210531163164E-0188
1989 +.272040187549E-0188
1990 +.801924550925E-0188
1991 +.514658824113E-0188
1992 +.154471703737E-0187
1993 +.511354859382E-0187
1994 +.100093769889E-0186
1995 +.197400819560E-0187
1996 +.742260695379E-0187
1997 +.286825095144E-0187
1998 +.120496385964E-0186
1999 +.358620469984E-0186
2000 +.247630590531E-0186
2001 +.321916439444E-0186
2002 +.434491466441E-0186
2003 +.126723890177E-0185
2004 +.544308247894E-0186
2005 +.227777496081E-0185
2006 +.796520564659E-0185
2007 +.167749245399E-0184
2008 +.688937268904E-0185
2009 +.100323868599E-0184
2010 +.599097230164E-0185
2011 +.232046038437E-0184
2012 +.635824830959E-0184
2013 +.752342828002E-0185
2014 +.339014130887E-0184
2015 +.312581239876E-0184
2016 +.104736227117E-0183
2017 +.168539008680E-0183
2018 +.398849080781E-0183
2019 +.319869480684E-0183
2020 +.901529059207E-0183
2021 +.228493832788E-0182
2022 +.154952163974E-0182
2023 +.340390472063E-0182
2024 +.557091444526E-0182
2025 +.132839816002E-0181
2026 +.126615402308E-0181
2027 +.434654824818E-0181
2028 +.826082374407E-0181
2029 +.159749326722E-0180
2030 +.357278665726E-0181
2031 +.170298209038E-0180
2032 +.529324409290E-0180
2033 +.479484905888E-0180
2034 +.595108472683E-0180
2035 +.942540070019E-0180
2036 +.240958001464E-0179
2037 +.124935736746E-0179
2038 +.500774269830E-0179
2039 +.152024003925E-0178
2040 +.993458026376E-0179
2041 +.131280899007E-0178
2042 +.172703898357E-0178
2043 +.511719797947E-0178
2044 +.262081788723E-0178
2045 +.769670696049E-0178
2046 +.259893508394E-0177
2047 +.421135744348E-0177
2048 +.198291131240E-0177
2049 +.549227297132E-0177
2050 +.454561142485E-0177
2051 +.161076405957E-0176
2052 +.319146901373E-0176
2053 +.494628426273E-0176
2054 +.491248599423E-0176
2055 +.161232171181E-0175
2056 +.216795942055E-0175
2057 +.557015395243E-0175
2058 +.790014058709E-0175
2059 +.201889510541E-0174
2060 +.266625196626E-0174
2061 +.649785774826E-0174
2062 +.773708748541E-0174
2063 +.213951404605E-0173
2064 +.424915387021E-0173
2065 +.612474447172E-0173
2066 +.717960235809E-0173
2067 +.219602048771E-0172
2068 +.170253284273E-0172
2069 +.515564028766E-0172
2070 +.152619916908E-0171
2071 +.622306112766E-0172
2072 +.751870869068E-0172
2073 +.873247010152E-0172
2074 +.280295715058E-0171
2075 +.333075041812E-0171
2076 +.883370333397E-0171
2077 +.158907584813E-0170
2078 +.329181667838E-0170
2079 +.276887221174E-0171
2080 +.564402719008E-0171
2081 +.189593370395E-0170
2082 +.267900568488E-0170
2083 +.314137524523E-0170
2084 +.690367252879E-0170
2085 +.924587670904E-0170
2086 +.266579987080E-0169
2087 +.127683647334E-0169
2088 +.370428307584E-0169
2089 +.128745159597E-0168
2090 +.318366708158E-0168
2091 +.391365342041E-0168
2092 +.479890736227E-0168
2093 +.782924988103E-0168
2094 +.192861050623E-0167
2095 +.142691566537E-0167
2096 +.527716617599E-0167
2097 +.125676199639E-0166
2098 +.919876173581E-0167
2099 +.197044967101E-0166
2100 +.332230997974E-0166
2101 +.764965061135E-0166
2102 +.869899811174E-0166
2103 +.277870244169E-0165
2104 +.311036202058E-0165
2105 +.857630413100E-0165
2106 +.177856325379E-0164
2107 +.287310324582E-0164
2108 +.243434857300E-0164
2109 +.843075454192E-0164
2110 +.162009199857E-0163
2111 +.306681048294E-0163
2112 +.946309438841E-0164
2113 +.414077680048E-0163
2114 +.124858134077E-0162
2115 +.774345925877E-0163
2116 +.102111254555E-0162
2117 +.131352213557E-0162
2118 +.394942361270E-0162
2119 +.248336961049E-0162
2120 +.735961475419E-0162
2121 +.234548969723E-0161
2122 +.245114266554E-0161
2123 +.282697093173E-0161
2124 +.498557146693E-0161
2125 +.113001267005E-0160
2126 +.134000316352E-0160
2127 +.419022122302E-0160
2128 +.390049077156E-0160
2129 +.135362504197E-0159
2130 +.321223482479E-0159
2131 +.198165643657E-0159
2132 +.453671129941E-0159
2133 +.690254822482E-0159
2134 +.177493712875E-0158
2135 +.914580837187E-0159
2136 +.367208169778E-0158
2137 +.107654229108E-0157
2138 +.743452033596E-0158
2139 +.161300064325E-0157
2140 +.202646989249E-0157
2141 +.594630852306E-0157
2142 +.356634680078E-0157
2143 +.106444542608E-0156
2144 +.357149153229E-0156
2145 +.749045978442E-0156
2146 +.288595469321E-0156
2147 +.401046412768E-0156
2148 +.237602679842E-0156
2149 +.923312197079E-0156
2150 +.258376061066E-0155
2151 +.535446351492E-0156
2152 +.182227401757E-0155
2153 +.172361107596E-0155
2154 +.575003041693E-0155
2155 +.913901933689E-0155
2156 +.218670986772E-0154
2157 +.190383711478E-0154
2158 +.531158613757E-0154
2159 +.126611368968E-0153
2160 +.128059788078E-0153
2161 +.226286793156E-0153
2162 +.504591710839E-0153
2163 +.632585114646E-0153
2164 +.191743799181E-0152
2165 +.131085247692E-0152
2166 +.392681894568E-0152
2167 +.122991620405E-0151
2168 +.109194999883E-0151
2169 +.137635329093E-0151
2170 +.214343012502E-0151
2171 +.556298476174E-0151
2172 +.236335328234E-0151
2173 +.987682635758E-0151
2174 +.317034586802E-0150
2175 +.372639728099E-0150
2176 +.383619924258E-0150
2177 +.750440336017E-0150
2178 +.146303782671E-0149
2179 +.269217240622E-0149
2180 +.560021820070E-0149
2181 +.902953023196E-0149
2182 +.224248260002E-0148
2183 +.161937227710E-0148
2184 +.603032109988E-0148
2185 +.155160641723E-0147
2186 +.884087671702E-0148
2187 +.207160823425E-0147
2188 +.307371998493E-0147
2189 +.807845246485E-0147
2190 +.305381909380E-0147
2191 +.130905172078E-0146
2192 +.430853105531E-0146
2193 +.616897118477E-0146
2194 +.452987836475E-0146
2195 +.107327388727E-0145
2196 +.137892584817E-0145
2197 +.406929097727E-0145
2198 +.188605758225E-0145
2199 +.553918516291E-0145
2200 +.192468501416E-0144
2201 +.372097049016E-0144
2202 +.287202391384E-0145
2203 +.587100040265E-0145
2204 +.268387130363E-0145
2205 +.109524355487E-0144
2206 +.333422549622E-0144
2207 +.228023831160E-0144
2208 +.496208560456E-0144
2209 +.621688247190E-0144
2210 +.182717566424E-0143
2211 +.744311852268E-0144
2212 +.213146101630E-0143
2213 +.748828076356E-0143
2214 +.153519877255E-0142
2215 +.458987858669E-0143
2216 +.587087397848E-0143
2217 +.335290614495E-0143
2218 +.131713338366E-0142
2219 +.390627075995E-0142
2220 +.177527648338E-0142
2221 +.220961291944E-0142
2222 +.261869532585E-0142
2223 +.829785437780E-0142
2224 +.889815957377E-0142
2225 +.245467953432E-0141
2226 +.525295468307E-0141
2227 +.785306832489E-0141
2228 +.828038183654E-0141
2229 +.265852540360E-0140
2230 +.350496207812E-0140
2231 +.946352488251E-0140
2232 +.166322168282E-0139
2233 +.302249933168E-0139
2234 +.146608426999E-0139
2235 +.579954771672E-0139
2236 +.153610102378E-0138
2237 +.277803437579E-0139
2238 +.100863122410E-0138
2239 +.101584522015E-0138
2240 +.331375538167E-0138
2241 +.410574398909E-0138
2242 +.107466395438E-0137
2243 +.182202420528E-0137
2244 +.404599462366E-0137
2245 +.174599426146E-0137
2246 +.484548734323E-0137
2247 +.152506404734E-0136
2248 +.137756949500E-0136
2249 +.172540467517E-0136
2250 +.272184605354E-0136
2251 +.697773883444E-0136
2252 +.350163413726E-0136
2253 +.141319104720E-0135
2254 +.433678064467E-0135
2255 +.325141467261E-0135
2256 +.425406127501E-0135
2257 +.598597008466E-0135
2258 +.169181678970E-0134
2259 +.261651324995E-0135
2260 +.497869736723E-0135
2261 +.186047685042E-0134
2262 +.487572310745E-0134
2263 +.787459966118E-0134
2264 +.864431391839E-0134
2265 +.190800999100E-0133
2266 +.255563140058E-0133
2267 +.736009108749E-0133
2268 +.346081031149E-0133
2269 +.100079326793E-0132
2270 +.348453384174E-0132
2271 +.868146243979E-0132
2272 +.110682179102E-0131
2273 +.130235647986E-0131
2274 +.222933907528E-0131
2275 +.521151059064E-0131
2276 +.535384152730E-0131
2277 +.178640216685E-0130
2278 +.267567908499E-0130
2279 +.624439036110E-0130
2280 +.558352913479E-0130
2281 +.162923085878E-0129
2282 +.431557227575E-0129
2283 +.286337839059E-0130
2284 +.186186175791E-0129
2285 +.168612184587E-0129
2286 +.565891772524E-0129
2287 +.909145916950E-0129
2288 +.215450686438E-0128
2289 +.174647913593E-0128
2290 +.491673328142E-0128
2291 +.123709218652E-0127
2292 +.890872883586E-0128
2293 +.190777157170E-0127
2294 +.325142527538E-0127
2295 +.738107381799E-0127
2296 +.892248375512E-0127
2297 +.276309418629E-0126
2298 +.284914302469E-0126
2299 +.834005108388E-0126
2300 +.214781867705E-0125
2301 +.298788463803E-0126
2302 +.123464223926E-0125
2303 +.122291105431E-0125
2304 +.400417828585E-0125
2305 +.504973332191E-0125
2306 +.130703125425E-0124
2307 +.212061406525E-0124
2308 +.491685587657E-0124
2309 +.331805054856E-0124
2310 +.951082193862E-0124
2311 +.266002310514E-0123
2312 +.110487480331E-0124
2313 +.101691314083E-0123
2314 +.929974648512E-0124
2315 +.310011090729E-0123
2316 +.478015324781E-0123
2317 +.117258582308E-0122
2318 +.121061058269E-0122
2319 +.325653783636E-0122
2320 +.647113706109E-0122
2321 +.114751658064E-0121
2322 +.637005926201E-0122
2323 +.244815963594E-0121
2324 +.640568115462E-0121
2325 +.290991169210E-0121
2326 +.738250446393E-0121
2327 +.980451551105E-0121
2328 +.280118760830E-0120
2329 +.542076389393E-0121
2330 +.121407411435E-0120
2331 +.449967619099E-0120
2332 +.116911471551E-0119
2333 +.181855307918E-0119
2334 +.148231437754E-0119
2335 +.330265223756E-0119
2336 +.497796242569E-0119
2337 +.130173591801E-0118
2338 +.531203551481E-0119
2339 +.224004464448E-0118
2340 +.726775101429E-0118
2341 +.932403722057E-0118
2342 +.853905857764E-0118
2343 +.181141342600E-0117
2344 +.303316261732E-0117
2345 +.710415602981E-0117
2346 +.745024924245E-0117
2347 +.246691459809E-0116
2348 +.392261368264E-0116
2349 +.939323518454E-0116
2350 +.822449623454E-0116
2351 +.229283535562E-0115
2352 +.543963963606E-0115
2353 +.563163392005E-0115
2354 +.977365837793E-0115
2355 +.222480945421E-0114
2356 +.256567789859E-0114
2357 +.813200124984E-0114
2358 +.856163237076E-0114
2359 +.240914525707E-0113
2360 +.545015364569E-0113
2361 +.684356093652E-0113
2362 +.977648397796E-0113
2363 +.265807931272E-0112
2364 +.319164112156E-0113
2365 +.193128858864E-0112
2366 +.685439607393E-0112
2367 +.162472451604E-0111
2368 +.161060350350E-0111
2369 +.329045524830E-0111
2370 +.385965392023E-0111
2371 +.117772863501E-0110
2372 +.105787897773E-0110
2373 +.315751876202E-0110
2374 +.905741778118E-0110
2375 +.590050677058E-0110
2376 +.131396199038E-0109
2377 +.159074873478E-0109
2378 +.477048486984E-0109
2379 +.363277782580E-0109
2380 +.109441065391E-0108
2381 +.342258028468E-0108
2382 +.477911613311E-0108
2383 +.577831378458E-0108
2384 +.125028313571E-0107
2385 +.175302548299E-0107
2386 +.489180660405E-0107
2387 +.121181438709E-0107
2388 +.285030855775E-0107
2389 +.101846292297E-0106
2390 +.270819199239E-0106
2391 +.461879637728E-0106
2392 +.375773279365E-0106
2393 +.902900923408E-0106
2394 +.978697850362E-0106
2395 +.315830465936E-0105
2396 +.376724262196E-0105
2397 +.101235341165E-0104
2398 +.187774947486E-0104
2399 +.372663493226E-0104
2400 +.477728228762E-0105
2401 +.276307709995E-0104
2402 +.881103744846E-0104
2403 +.104087660891E-0103
2404 +.105533837871E-0103
2405 +.207479303980E-0103
2406 +.402160377911E-0103
2407 +.748583673352E-0103
2408 +.152755089869E-0102
2409 +.258598666787E-0102
2410 +.606714668760E-0102
2411 +.630653080828E-0102
2412 +.209616620498E-0101
2413 +.302362391375E-0101
2414 +.714812801184E-0101
2415 +.716415411015E-0101
2416 +.206209002741E-0100
2417 +.501824525222E-0100
2418 +.256387362631E-0100
2419 +.629157107027E-0100
2420 +.855528892408E-0100
2421 +.240821132247E-0099
2422 +.723435564785E-0100
2423 +.185260074824E-0099
2424 +.659362751541E-0099
2425 +.176167730223E-0098
2426 +.306144061988E-0098
2427 +.267947850671E-0098
2428 +.645295041843E-0098
2429 +.646690693538E-0098
2430 +.215601770122E-0097
2431 +.351650469482E-0097
2432 +.822525841754E-0097
2433 +.601195369301E-0097
2434 +.170635464573E-0096
2435 +.457093335704E-0096
2436 +.154321982063E-0096
2437 +.434507181665E-0096
2438 +.514786044104E-0096
2439 +.157012343923E-0095
2440 +.108231670676E-0095
2441 +.321002428234E-0095
2442 +.988049870478E-0095
2443 +.720954039243E-0095
2444 +.953805458103E-0095
2445 +.131625936250E-0094
2446 +.377046449746E-0094
2447 +.953821619074E-0095
2448 +.240769519947E-0094
2449 +.880541413561E-0094
2450 +.218633092860E-0093
2451 +.276464213115E-0093
2452 +.332903506925E-0093
2453 +.562506729150E-0093
2454 +.133182178272E-0092
2455 +.127933225692E-0092
2456 +.437744362321E-0092
2457 +.819262296530E-0092
2458 +.162328808292E-0091
2459 +.204060626477E-0092
2460 +.118938354094E-0091
2461 +.378708759839E-0091
2462 +.442406583241E-0091
2463 +.454217731108E-0091
2464 +.884050762818E-0091
2465 +.174258666684E-0090
2466 +.313262067226E-0090
2467 +.676071656670E-0090
2468 +.980334534176E-0090
2469 +.269088568021E-0089
2470 +.230886451308E-0090
2471 +.162945662541E-0089
2472 +.585160486232E-0089
2473 +.146970161387E-0088
2474 +.195738686050E-0088
2475 +.218550421588E-0088
2476 +.395940737169E-0088
2477 +.861642487764E-0088
2478 +.118863510679E-0087
2479 +.338738419304E-0087
2480 +.632909148680E-0088
2481 +.138383247061E-0087
2482 +.514173625541E-0087
2483 +.134661723777E-0086
2484 +.216727319347E-0086
2485 +.159251221401E-0086
2486 +.371932128274E-0086
2487 +.501253824639E-0086
2488 +.143232502341E-0085
2489 +.287242278271E-0086
2490 +.655176789609E-0086
2491 +.242573384128E-0085
2492 +.629114540493E-0085
2493 +.970850333180E-0085
2494 +.808659502412E-0085
2495 +.178244545705E-0084
2496 +.275225154927E-0084
2497 +.703555057263E-0084
2498 +.387118297709E-0084
2499 +.153304061680E-0083
2500 +.456339819854E-0083
2501 +.220888376707E-0083
2502 +.280095275326E-0083
2503 +.335759441663E-0083
2504 +.105572247768E-0082
2505 +.105953874606E-0082
2506 +.298041978786E-0082
2507 +.694811005912E-0082
2508 +.775526623503E-0082
2509 +.126144317824E-0081
2510 +.307300418466E-0081
2511 +.244453864956E-0081
2512 +.886537633591E-0081
2513 +.196877144963E-0080
2514 +.213203141527E-0080
2515 +.361770884302E-0080
2516 +.840405438792E-0080
2517 +.884045078359E-0080
2518 +.292026110576E-0079
2519 +.404987679187E-0079
2520 +.986045165378E-0079
2521 +.116578330311E-0078
2522 +.322870665646E-0078
2523 +.646441442318E-0078
2524 +.912491992735E-0078
2525 +.111308085799E-0077
2526 +.333568882595E-0077
2527 +.205555919896E-0077
2528 +.629403987440E-0077
2529 +.205114951798E-0076
2530 +.260450453333E-0076
2531 +.243823384844E-0076
2532 +.511153621279E-0076
2533 +.875894898152E-0076
2534 +.199238228917E-0075
2535 +.238856346899E-0075
2536 +.743062846180E-0075
2537 +.793657078124E-0075
2538 +.230578986770E-0074
2539 +.572447075768E-0074
2540 +.208090618453E-0074
2541 +.572064570382E-0074
2542 +.684587312829E-0074
2543 +.207870454107E-0073
2544 +.139924578633E-0073
2545 +.417034611710E-0073
2546 +.131082601327E-0072
2547 +.120404631503E-0072
2548 +.149639389098E-0072
2549 +.238756832218E-0072
2550 +.605415226237E-0072
2551 +.344341751281E-0072
2552 +.135336645870E-0071
2553 +.396654415758E-0071
2554 +.141094088800E-0071
2555 +.156909356109E-0071
2556 +.183075078049E-0071
2557 +.591018786415E-0071
2558 +.739884101042E-0071
2559 +.191306542781E-0070
2560 +.306744337618E-0070
2561 +.718659282719E-0070
2562 +.529689429490E-0070
2563 +.151344576343E-0069
2564 +.405761359912E-0069
2565 +.134018870486E-0069
2566 +.380307301581E-0069
2567 +.447637343855E-0069
2568 +.136969737096E-0068
2569 +.978595755427E-0069
2570 +.289807341797E-0068
2571 +.877465940461E-0068
2572 +.515713324313E-0068
2573 +.684038778921E-0068
2574 +.858306841480E-0068
2575 +.261860559734E-0067
2576 +.195406700399E-0067
2577 +.576037782389E-0067
2578 +.170334749353E-0066
2579 +.666991784999E-0067
2580 +.792348869118E-0067
2581 +.917499062217E-0067
2582 +.295397722510E-0066
2583 +.414705810411E-0066
2584 +.108465585956E-0065
2585 +.162248484427E-0065
2586 +.357670319586E-0065
2587 +.228154265943E-0065
2588 +.665448833998E-0065
2589 +.201453180397E-0064
2590 +.210644684547E-0064
2591 +.360847359680E-0064
2592 +.604134690391E-0064
2593 +.137948410714E-0063
2594 +.161019736856E-0063
2595 +.507497762124E-0063
2596 +.510186075868E-0063
2597 +.145379055690E-0062
2598 +.347668476459E-0062
2599 +.343188970341E-0062
2600 +.617453380963E-0062
2601 +.134767128269E-0061
2602 +.182492042083E-0061
2603 +.526700340413E-0061
2604 +.159183302776E-0061
2605 +.432764709763E-0061
2606 +.157506474121E-0060
2607 +.386277227012E-0060
2608 +.459512846860E-0060
2609 +.582329672920E-0060
2610 +.909694439713E-0060
2611 +.233745098372E-0059
2612 +.114126904066E-0059
2613 +.463202713928E-0059
2614 +.138096543229E-0058
2615 +.114243895717E-0058
2616 +.227648577071E-0058
2617 +.319636495717E-0058
2618 +.868454089398E-0058
2619 +.132971072470E-0058
2620 +.732595653676E-0058
2621 +.257349699882E-0057
2622 +.593477365451E-0057
2623 +.500003911563E-0057
2624 +.111806192779E-0056
2625 +.106573232591E-0056
2626 +.356309354468E-0056
2627 +.580864075061E-0056
2628 +.135805797325E-0055
2629 +.989006618455E-0056
2630 +.280751809940E-0055
2631 +.753544916202E-0055
2632 +.244770149804E-0055
2633 +.698760704243E-0055
2634 +.818474325398E-0055
2635 +.251030034964E-0054
2636 +.183998171522E-0054
2637 +.544126865793E-0054
2638 +.162675505299E-0053
2639 +.783750140351E-0054
2640 +.100348485217E-0053
2641 +.119275492699E-0053
2642 +.376347898027E-0053
2643 +.388394181932E-0053
2644 +.108420801984E-0052
2645 +.244309274348E-0052
2646 +.311539919608E-0052
2647 +.436097213692E-0052
2648 +.120307033460E-0051
2649 +.236260596637E-0052
2650 +.480044198397E-0052
2651 +.171717480475E-0051
2652 +.439125971670E-0051
2653 +.634326677421E-0051
2654 +.626554502800E-0051
2655 +.126100960355E-0050
2656 +.232288482645E-0050
2657 +.474417126737E-0050
2658 +.801067762898E-0050
2659 +.188506510298E-0049
2660 +.192942553462E-0049
2661 +.645259640306E-0049
2662 +.979994725566E-0049
2663 +.225873178124E-0048
2664 +.186478832634E-0048
2665 +.546766242752E-0048
2666 +.151372667542E-0047
2667 +.527461278320E-0048
2668 +.146663761877E-0047
2669 +.145697938534E-0047
2670 +.478733734394E-0047
2671 +.629260497121E-0047
2672 +.160560261528E-0046
2673 +.236485075227E-0046
2674 +.590818767386E-0046
2675 +.683063728941E-0046
2676 +.177996175161E-0045
2677 +.297242077054E-0045
2678 +.671111721519E-0045
2679 +.350625185607E-0045
2680 +.995636465224E-0045
2681 +.302244141812E-0044
2682 +.179196318963E-0044
2683 +.238001402684E-0044
2684 +.299778399101E-0044
2685 +.912406283482E-0044
2686 +.662891416278E-0044
2687 +.195747797524E-0043
2688 +.586890224607E-0043
2689 +.296286766366E-0043
2690 +.383727431498E-0043
2691 +.460713636076E-0043
2692 +.144439633505E-0042
2693 +.140969161329E-0042
2694 +.399359821570E-0042
2695 +.960703512793E-0042
2696 +.920696800257E-0042
2697 +.169095791811E-0041
2698 +.359773309357E-0041
2699 +.528458255168E-0041
2700 +.143313413552E-0040
2701 +.236125975449E-0041
2702 +.126838516557E-0040
2703 +.449494129310E-0040
2704 +.103491937381E-0039
2705 +.865100581838E-0040
2706 +.132086928763E-0039
2707 +.132986961895E-0039
2708 +.443560894598E-0039
2709 +.671198891984E-0039
2710 +.179702123907E-0038
2711 +.113535495241E-0038
2712 +.325001437158E-0038
2713 +.931069755785E-0038
2714 +.124244290746E-0038
2715 +.382208298449E-0039
2716 +.254660918404E-0039
2717 +.886814980041E-0039
2718 +.144423323695E-0038
2719 +.390566433817E-0038
2720 +.370695595185E-0038
2721 +.130515699361E-0037
2722 +.348722059749E-0037
2723 +.184220127027E-0037
2724 +.461538359467E-0037
2725 +.538909469853E-0037
2726 +.166476144175E-0036
2727 +.165382003503E-0036
2728 +.487213251748E-0036
2729 +.129678188235E-0035
2730 +.135329486383E-0036
2731 +.656564020236E-0036
2732 +.598177120294E-0036
2733 +.201091796266E-0035
2734 +.294803146466E-0035
2735 +.689697870096E-0035
2736 +.664941101496E-0035
2737 +.192514960869E-0034
2738 +.484207434976E-0034
2739 +.155217735512E-0034
2740 +.446499953813E-0034
2741 +.510107178760E-0034
2742 +.158435136177E-0033
2743 +.134962621820E-0033
2744 +.394966242235E-0033
2745 +.109220471188E-0032
2746 +.122548309110E-0033
2747 +.569915915697E-0033
2748 +.556711060232E-0033
2749 +.182823521503E-0032
2750 +.264829845219E-0032
2751 +.679278233108E-0032
2752 +.915070313250E-0032
2753 +.218610258890E-0031
2754 +.238729658336E-0031
2755 +.676241140133E-0031
2756 +.151227681312E-0030
2757 +.143015771229E-0030
2758 +.268127286036E-0030
2759 +.552552568844E-0030
2760 +.887615262713E-0030
2761 +.221015697840E-0029
2762 +.156096503581E-0029
2763 +.584451299239E-0029
2764 +.152751826991E-0028
2765 +.720686712661E-0029
2766 +.180443859339E-0028
2767 +.243822544231E-0028
2768 +.688603099687E-0028
2769 +.757585370076E-0029
2770 +.953927874492E-0029
2771 +.365375545673E-0028
2772 +.972726508368E-0028
2773 +.168150477489E-0027
2774 +.150106573835E-0027
2775 +.359158049788E-0027
2776 +.368594234733E-0027
2777 +.121765289409E-0026
2778 +.189243141370E-0026
2779 +.461682881343E-0026
2780 +.459767060451E-0026
2781 +.124901882163E-0025
2782 +.260001715446E-0025
2783 +.417823619936E-0025
2784 +.360208793642E-0025
2785 +.124099905317E-0024
2786 +.233418023888E-0024
2787 +.457684475857E-0024
2788 +.764498961197E-0025
2789 +.399986358895E-0024
2790 +.126241259880E-0023
2791 +.134514612396E-0023
2792 +.150372920060E-0023
2793 +.270370385148E-0023
2794 +.599354269135E-0023
2795 +.775025057115E-0023
2796 +.230706904448E-0022
2797 +.119681546748E-0022
2798 +.352265285467E-0022
2799 +.118904788873E-0021
2800 +.192310923518E-0021
2801 +.914522262261E-0022
2802 +.252515610664E-0021
2803 +.210716891466E-0021
2804 +.744925599353E-0021
2805 +.146153287899E-0020
2806 +.231764890480E-0020
2807 +.215962577943E-0020
2808 +.725001432446E-0020
2809 +.110932739308E-0019
2810 +.258830115379E-0019
2811 +.212940651447E-0019
2812 +.624264149867E-0019
2813 +.172961204884E-0018
2814 +.614005653021E-0019
2815 +.169609762430E-0018
2816 +.169037773260E-0018
2817 +.554765438884E-0018
2818 +.723940171474E-0018
2819 +.185516271861E-0017
2820 +.278820261165E-0017
2821 +.687058375928E-0017
2822 +.728845503581E-0017
2823 +.195838943057E-0016
2824 +.378009989962E-0016
2825 +.705987810006E-0016
2826 +.260271449945E-0016
2827 +.109288841336E-0015
2828 +.321210829743E-0015
2829 +.127909402110E-0015
2830 +.150819271103E-0015
2831 +.176225581305E-0015
2832 +.565293546900E-0015
2833 +.670761418867E-0015
2834 +.177995460791E-0014
2835 +.321108949287E-0014
2836 +.662705281793E-0014
2837 +.442779623862E-0015
2838 +.147761480616E-0014
2839 +.487626297813E-0014
2840 +.686827124147E-0014
2841 +.811755382608E-0014
2842 +.177706594618E-0013
2843 +.240783551681E-0013
2844 +.688726792639E-0013
2845 +.145846712877E-0013
2846 +.341892845806E-0013
2847 +.126304244260E-0012
2848 +.325605679555E-0012
2849 +.489422500556E-0012
2850 +.435519915553E-0012
2851 +.926636478224E-0012
2852 +.154270495671E-0011
2853 +.363508397017E-0011
2854 +.369596216482E-0011
2855 +.123901538178E-0010
2856 +.210158334760E-0010
2857 +.472772961211E-0010
2858 +.239508728924E-0010
2859 +.672371375424E-0010
2860 +.204803434496E-0009
2861 +.126586620276E-0009
2862 +.168608527356E-0009
2863 +.215704666502E-0009
2864 +.650118160724E-0009
2865 +.420525715782E-0009
2866 +.124629756925E-0008
2867 +.393095769858E-0008
2868 +.372880539969E-0008
2869 +.456396059986E-0008
2870 +.745732596971E-0008
2871 +.184578060779E-0007
2872 +.131480304427E-0007
2873 +.490933888836E-0007
2874 +.127158825993E-0006
2875 +.671983444305E-0007
2876 +.161759697827E-0006
2877 +.230671316798E-0006
2878 +.626371192318E-0006
2879 +.102259639312E-0006
2880 +.550945596962E-0006
2881 +.195119245503E-0005
2882 +.447848007831E-0005
2883 +.367106427602E-0005
2884 +.572871835644E-0005
2885 +.562301093800E-0005
2886 +.189157298602E-0004
2887 +.293339956361E-0004
2888 +.649603397573E-0004
2889 +.417403911574E-0004
2890 +.121732359952E-0003
2891 +.367144445010E-0003
2892 +.372201264489E-0003
2893 +.653441840669E-0003
2894 +.106627188067E-0002
2895 +.251160601917E-0002
2896 +.253521394933E-0002
2897 +.852192504274E-0002
2898 +.133289623336E-0001
2899 +.300402128771E-0001
2900 +.210432089305E-0001
2901 +.619814228922E-0001
2902 +.185453505971E+0000
2903 +.176181577035E+0000
2904 +.347548793981E+0000
2905 +.555573217447E+0000
2906 +.159548350740E+0001
2907 +.145161905037E+0001
2908 +.503680746908E+0001
