0 +.610987272700E-0150
1 +.189406054537E-0149
2 +.193805162900E-0149
3 +.538072149334E-0149
4 +.117436249432E-0148
5 +.166130917972E-0148
6 +.196900267624E-0148
7 +.599609550119E-0148
8 +.542378931370E-0148
9 +.161690355751E-0147
10 +.460879086999E-0147
11 +.277084427969E-0147
12 +.636540200717E-0147
13 +.741498620080E-0147
14 +.227056710374E-0146
15 +.209020259821E-0146
16 +.622287236367E-0146
17 +.175642244634E-0145
18 +.923399023403E-0146
19 +.222734901073E-0145
20 +.245679475641E-0145
21 +.772798960811E-0145
22 +.873647683648E-0145
23 +.249947154061E-0144
24 +.577463153822E-0144
25 +.437697930875E-0144
26 +.920654742866E-0144
27 +.160546455486E-0143
28 +.353586155068E-0143
29 +.479251754072E-0143
30 +.138371205794E-0142
31 +.421656319715E-0143
32 +.114809403410E-0142
33 +.417663765828E-0142
34 +.102221106044E-0141
35 +.120361708844E-0141
36 +.153981841565E-0141
37 +.237329827260E-0141
38 +.617302285523E-0141
39 +.254342250558E-0141
40 +.106976912636E-0140
41 +.334572118182E-0140
42 +.415507595294E-0140
43 +.597188470407E-0140
44 +.116457923530E-0139
45 +.209199969385E-0139
46 +.447788835531E-0139
47 +.665236870320E-0139
48 +.178873236213E-0138
49 +.398533510048E-0139
50 +.194738529848E-0138
51 +.680308073836E-0138
52 +.143775343058E-0137
53 +.613872668329E-0138
54 +.903738584830E-0138
55 +.546393849487E-0138
56 +.210974382259E-0137
57 +.573025329972E-0137
58 +.517739717754E-0138
59 +.274225041971E-0137
60 +.252134201050E-0137
61 +.843878205370E-0137
62 +.134427671073E-0136
63 +.320993555603E-0136
64 +.275366619353E-0136
65 +.769864620521E-0136
66 +.185730517221E-0135
67 +.176364844858E-0135
68 +.325871381702E-0135
69 +.688033429637E-0135
70 +.103364494537E-0134
71 +.274875087029E-0134
72 +.813890120137E-0135
73 +.369039772039E-0134
74 +.125849256233E-0133
75 +.229407833435E-0133
76 +.306617230242E-0134
77 +.137410829587E-0133
78 +.621841196906E-0134
79 +.252446460703E-0133
80 +.707153519933E-0133
81 +.253554598335E-0133
82 +.697047119659E-0133
83 +.700551366709E-0133
84 +.229143640376E-0132
85 +.330091221094E-0132
86 +.849589485099E-0132
87 +.116635999288E-0131
88 +.275143882512E-0131
89 +.279070972321E-0131
90 +.802323690820E-0131
91 +.193745573489E-0130
92 +.107308060759E-0130
93 +.256096969851E-0130
94 +.362885670652E-0130
95 +.991216797026E-0130
96 +.121522541832E-0130
97 +.729480833490E-0130
98 +.259532207849E-0129
99 +.624546948046E-0129
100 +.672152986176E-0129
101 +.129684294870E-0128
102 +.169591406222E-0128
103 +.485162567177E-0128
104 +.204371372584E-0128
105 +.577795744399E-0128
106 +.202527740211E-0127
107 +.517477264020E-0127
108 +.742155118593E-0127
109 +.104004877002E-0126
110 +.198478694142E-0126
111 +.373053279713E-0126
112 +.740374592676E-0126
113 +.133453562528E-0125
114 +.286986313362E-0125
115 +.420932956067E-0125
116 +.114450540980E-0124
117 +.168594123021E-0125
118 +.942475745871E-0125
119 +.332679025168E-0124
120 +.783393006592E-0124
121 +.747635956401E-0124
122 +.156366242838E-0123
123 +.174545536962E-0123
124 +.546100920911E-0123
125 +.597264786540E-0123
126 +.172363325016E-0122
127 +.414874965439E-0122
128 +.224263313172E-0122
129 +.538582561622E-0122
130 +.760677338970E-0122
131 +.208244449160E-0121
132 +.232590183639E-0122
133 +.142097312650E-0121
134 +.508403729587E-0121
135 +.124183836828E-0120
136 +.144469264351E-0120
137 +.261329210414E-0120
138 +.379153049651E-0120
139 +.100340757944E-0119
140 +.323966643791E-0120
141 +.143813056283E-0119
142 +.471263074140E-0119
143 +.788799012511E-0119
144 +.582423008980E-0119
145 +.149992123520E-0118
146 +.109783417296E-0118
147 +.403036672955E-0118
148 +.973412360109E-0118
149 +.906852792762E-0118
150 +.169090009073E-0117
151 +.353042454047E-0117
152 +.547139711710E-0117
153 +.141332675907E-0116
154 +.682650807712E-0117
155 +.277884686879E-0116
156 +.865162980166E-0116
157 +.762509337856E-0116
158 +.957494812145E-0116
159 +.148912359759E-0115
160 +.387253046599E-0115
161 +.159501006281E-0115
162 +.670973432044E-0115
163 +.216842352104E-0114
164 +.269649684695E-0114
165 +.258650730510E-0114
166 +.532748362182E-0114
167 +.946509059982E-0114
168 +.204716808797E-0113
169 +.294787769029E-0113
170 +.813579435743E-0113
171 +.141164537033E-0113
172 +.371314856363E-0113
173 +.136728342986E-0112
174 +.352563419986E-0112
175 +.530452054246E-0112
176 +.510082622128E-0112
177 +.107341969640E-0111
178 +.178440743148E-0111
179 +.421708736234E-0111
180 +.421921072600E-0111
181 +.142320013455E-0110
182 +.248979930710E-0110
183 +.540753372832E-0110
184 +.172895420507E-0110
185 +.444196998391E-0110
186 +.144155145010E-0109
187 +.167930544607E-0109
188 +.172766967029E-0109
189 +.335606320582E-0109
190 +.663675172889E-0109
191 +.118474710424E-0108
192 +.258386642888E-0108
193 +.362186556063E-0108
194 +.102094174813E-0107
195 +.124168976197E-0108
196 +.748162977279E-0108
197 +.272776375020E-0107
198 +.731273167588E-0107
199 +.129218403005E-0106
200 +.627255206318E-0107
201 +.169971855407E-0106
202 +.156069010161E-0106
203 +.535039954747E-0106
204 +.992455649917E-0106
205 +.199170918250E-0105
206 +.151790273255E-0106
207 +.112077109638E-0105
208 +.359415590108E-0105
209 +.457133967107E-0105
210 +.420575608001E-0105
211 +.885112979504E-0105
212 +.151166375858E-0104
213 +.345274248251E-0104
214 +.406817330721E-0104
215 +.127705666801E-0103
216 +.124118286779E-0103
217 +.356552986331E-0103
218 +.884117325025E-0103
219 +.701707671046E-0103
220 +.143647923115E-0102
221 +.262580329603E-0102
222 +.538634201634E-0102
223 +.899474734110E-0102
224 +.214526776202E-0101
225 +.204025762720E-0101
226 +.701138862166E-0101
227 +.121696289720E-0100
228 +.235307444432E-0100
229 +.602669986119E-0101
230 +.276542955526E-0100
231 +.835859255037E-0100
232 +.668848366891E-0100
233 +.112372298593E-0099
234 +.157789648480E-0099
235 +.435201886656E-0099
236 +.217878664833E-0100
237 +.208145556805E-0099
238 +.747730047191E-0099
239 +.191073237169E-0098
240 +.275287386212E-0098
241 +.268293837401E-0098
242 +.539615054608E-0098
243 +.999966283490E-0098
244 +.202113481735E-0097
245 +.349876556442E-0097
246 +.797258026816E-0097
247 +.948845601749E-0097
248 +.296371499038E-0096
249 +.269385667559E-0096
250 +.775734157557E-0096
251 +.200696277703E-0095
252 +.110047483171E-0095
253 +.262086931047E-0095
254 +.378093106983E-0095
255 +.101763722985E-0094
256 +.226385815405E-0095
257 +.110644858949E-0094
258 +.386150402519E-0094
259 +.811686527655E-0094
260 +.327521123334E-0094
261 +.484243763128E-0094
262 +.285370394900E-0094
263 +.110802755154E-0093
264 +.316039670287E-0093
265 +.453214508534E-0094
266 +.696241324148E-0095
267 +.131363139893E-0094
268 +.418259527456E-0094
269 +.674724550261E-0094
270 +.184865121833E-0093
271 +.189738348314E-0093
272 +.652347068838E-0093
273 +.163770974105E-0092
274 +.151852682267E-0092
275 +.314390414206E-0092
276 +.522369794996E-0092
277 +.122992925704E-0091
278 +.125372600028E-0091
279 +.419837950243E-0091
280 +.642334403392E-0091
281 +.147063150799E-0090
282 +.116052289933E-0090
283 +.340677625090E-0090
284 +.962810522388E-0090
285 +.481665125212E-0090
286 +.118185467682E-0089
287 +.128273133694E-0089
288 +.406476964513E-0089
289 +.483230647999E-0089
290 +.136116052921E-0088
291 +.292448385012E-0088
292 +.321950193690E-0088
293 +.534895805057E-0088
294 +.127353862959E-0087
295 +.117410671528E-0087
296 +.407269728158E-0087
297 +.739227699658E-0087
298 +.133116855302E-0086
299 +.697480583995E-0087
300 +.271265200357E-0086
301 +.695741415393E-0086
302 +.264333249038E-0086
303 +.718406437180E-0086
304 +.848775798935E-0086
305 +.259620433540E-0085
306 +.190169997687E-0085
307 +.565222878470E-0085
308 +.171143664124E-0084
309 +.100830321050E-0084
310 +.133758414975E-0084
311 +.167979147848E-0084
312 +.512218414545E-0084
313 +.380025775918E-0084
314 +.112072168612E-0083
315 +.332416433722E-0083
316 +.138424109219E-0083
317 +.168874319219E-0083
318 +.196468337013E-0083
319 +.629536633514E-0083
320 +.737668134683E-0083
321 +.196846641018E-0082
322 +.363928845007E-0082
323 +.726123411500E-0082
324 +.787065791998E-0083
325 +.489066455822E-0082
326 +.156526740765E-0081
327 +.192249593245E-0081
328 +.185817193374E-0081
329 +.378514131374E-0081
330 +.688846979027E-0081
331 +.143558965714E-0080
332 +.230277883868E-0080
333 +.574962046921E-0080
334 +.397076935768E-0080
335 +.149484416271E-0079
336 +.396694311808E-0079
337 +.148016552884E-0079
338 +.401660679168E-0079
339 +.495295582206E-0079
340 +.147899629136E-0078
341 +.775360543746E-0079
342 +.228630898004E-0078
343 +.769055388025E-0078
344 +.121603385854E-0077
345 +.644605505420E-0078
346 +.171946258860E-0077
347 +.157635471433E-0077
348 +.541357744729E-0077
349 +.930875053073E-0077
350 +.186403948841E-0076
351 +.319490562255E-0077
352 +.138178371171E-0076
353 +.441737004450E-0076
354 +.508920446241E-0076
355 +.609678447114E-0076
356 +.114960660619E-0075
357 +.231386602888E-0075
358 +.398355764809E-0075
359 +.913783966982E-0075
360 +.105644955524E-0074
361 +.334864088966E-0074
362 +.409119146595E-0074
363 +.114239935872E-0073
364 +.235531247187E-0073
365 +.300001650195E-0073
366 +.425154381881E-0073
367 +.116150474299E-0072
368 +.110320158540E-0073
369 +.740733637705E-0073
370 +.264674547056E-0072
371 +.646393720918E-0072
372 +.751158042248E-0072
373 +.972266632321E-0072
374 +.147283986085E-0071
375 +.388925648635E-0071
376 +.122649372919E-0071
377 +.547475389747E-0071
378 +.180080251992E-0070
379 +.307781407820E-0070
380 +.175924779049E-0070
381 +.477654479635E-0070
382 +.315970705200E-0070
383 +.118766463441E-0069
384 +.290259168098E-0069
385 +.170421593542E-0069
386 +.397900794837E-0069
387 +.583891055925E-0069
388 +.155035675671E-0068
389 +.482957425449E-0069
390 +.216295649714E-0068
391 +.714102015804E-0068
392 +.124760016607E-0067
393 +.627991414640E-0068
394 +.176189502034E-0067
395 +.104919557246E-0067
396 +.403659078859E-0067
397 +.104671689763E-0066
398 +.241407880271E-0067
399 +.786925605318E-0067
400 +.839112870525E-0067
401 +.268047572656E-0066
402 +.287618278554E-0066
403 +.798507121138E-0066
404 +.174784659476E-0065
405 +.244971786369E-0065
406 +.295465890407E-0065
407 +.891778074691E-0065
408 +.746222615093E-0065
409 +.223901051249E-0064
410 +.668645566540E-0064
411 +.656909893887E-0064
412 +.118088259137E-0063
413 +.187624455784E-0063
414 +.455084641671E-0063
415 +.386311476996E-0063
416 +.137583398049E-0062
417 +.284599982537E-0062
418 +.395801664130E-0062
419 +.497009016865E-0062
420 +.146489892501E-0061
421 +.716669865210E-0062
422 +.217750140552E-0061
423 +.749998929076E-0061
424 +.138460130047E-0060
425 +.132973226853E-0061
426 +.713404372529E-0061
427 +.299003213885E-0061
428 +.123254925677E-0060
429 +.349982421311E-0060
430 +.163806726056E-0060
431 +.225051538808E-0060
432 +.262808326521E-0060
433 +.832091519623E-0060
434 +.103329719559E-0059
435 +.286566907872E-0059
436 +.572356500081E-0059
437 +.799767704502E-0059
438 +.982786384791E-0059
439 +.293526043747E-0058
440 +.173523761478E-0058
441 +.531436540118E-0058
442 +.175352875656E-0057
443 +.244444028075E-0057
444 +.192634932543E-0057
445 +.442912047284E-0057
446 +.614414246719E-0057
447 +.172166909206E-0056
448 +.136734722048E-0057
449 +.330052475730E-0057
450 +.122708445420E-0056
451 +.327503678022E-0056
452 +.569867077916E-0056
453 +.496549327813E-0056
454 +.119755520809E-0055
455 +.119381662642E-0055
456 +.398801592595E-0055
457 +.594416329631E-0055
458 +.139259337880E-0054
459 +.127606681153E-0054
460 +.371517515917E-0054
461 +.968628797447E-0054
462 +.941795402081E-0055
463 +.477062340404E-0054
464 +.454171871680E-0054
465 +.150356986136E-0053
466 +.201356836788E-0053
467 +.502127094471E-0053
468 +.688255657355E-0053
469 +.179439434202E-0052
470 +.264399086766E-0052
471 +.595717812446E-0052
472 +.433040439494E-0052
473 +.127158290715E-0051
474 +.371511777508E-0051
475 +.281309570574E-0051
476 +.586834492337E-0051
477 +.774385457104E-0051
478 +.220163181630E-0050
479 +.822968130826E-0051
480 +.226000328527E-0050
481 +.797705281395E-0050
482 +.208892322972E-0049
483 +.333700701819E-0049
484 +.376473234712E-0049
485 +.820291479458E-0049
486 +.114026738102E-0048
487 +.319897995061E-0048
488 +.909656907460E-0049
489 +.227973532505E-0048
490 +.812603899386E-0048
491 +.217350314136E-0047
492 +.379480837642E-0047
493 +.326366887453E-0047
494 +.790419330062E-0047
495 +.775847189917E-0047
496 +.260663802371E-0046
497 +.442017468330E-0046
498 +.994089379557E-0046
499 +.502089105311E-0046
500 +.140902345669E-0045
501 +.429479948494E-0045
502 +.267912977259E-0045
503 +.356981031357E-0045
504 +.458357367566E-0045
505 +.137826890844E-0044
506 +.865899675254E-0045
507 +.256625284796E-0044
508 +.818107935300E-0044
509 +.857322876376E-0044
510 +.986770615033E-0044
511 +.174420642144E-0043
512 +.394191807655E-0043
513 +.473102262777E-0043
514 +.147008633808E-0042
515 +.129133032577E-0042
516 +.456610080268E-0042
517 +.114426083678E-0041
518 +.349611027029E-0042
519 +.102218750189E-0041
520 +.116300176534E-0041
521 +.361749062420E-0041
522 +.312023015093E-0041
523 +.911215711527E-0041
524 +.249640158558E-0040
525 +.442036709477E-0041
526 +.161878889463E-0040
527 +.167001732893E-0040
528 +.539443453147E-0040
529 +.616127469816E-0040
530 +.166588182501E-0039
531 +.323551020857E-0039
532 +.596796291730E-0039
533 +.247849070048E-0039
534 +.101373936345E-0038
535 +.290792394130E-0038
536 +.583694520022E-0039
537 +.314425874117E-0039
538 +.444435528315E-0039
539 +.143660935670E-0038
540 +.229372679946E-0038
541 +.633807928906E-0038
542 +.681893766767E-0038
543 +.192697692690E-0037
544 +.428797771132E-0037
545 +.411013788398E-0037
546 +.762236590873E-0037
547 +.159506891020E-0036
548 +.245917185405E-0036
549 +.638430043691E-0036
550 +.288181659020E-0036
551 +.118980968949E-0035
552 +.377383072651E-0035
553 +.399146880950E-0035
554 +.453369538645E-0035
555 +.809755771459E-0035
556 +.180715404210E-0034
557 +.227964745149E-0034
558 +.688874821408E-0034
559 +.448712473072E-0034
560 +.171586455210E-0033
561 +.514585276112E-0033
562 +.528131189886E-0033
563 +.918983830146E-0033
564 +.151311858374E-0032
565 +.352562405413E-0032
566 +.375263037661E-0032
567 +.123405134377E-0031
568 +.169078521176E-0031
569 +.421973051698E-0031
570 +.551278554392E-0031
571 +.147008176614E-0030
572 +.243794915955E-0030
573 +.485784569611E-0030
574 +.775886946431E-0031
575 +.382102625893E-0030
576 +.121678880333E-0029
577 +.138726765826E-0029
578 +.170581683687E-0029
579 +.318014835050E-0029
580 +.649703472403E-0029
581 +.107969583903E-0028
582 +.258863232855E-0028
583 +.238673302958E-0028
584 +.828907674728E-0028
585 +.165865978821E-0027
586 +.292162734203E-0027
587 +.166319859348E-0027
588 +.635477452871E-0027
589 +.164173977226E-0026
590 +.877706540232E-0027
591 +.210467572366E-0026
592 +.301694847043E-0026
593 +.815915394191E-0026
594 +.155460077423E-0026
595 +.795939305921E-0026
596 +.280135982458E-0025
597 +.619319044329E-0025
598 +.392000794583E-0025
599 +.627705429182E-0025
600 +.477063842713E-0025
601 +.173764339152E-0024
602 +.385656217200E-0024
603 +.393104072296E-0024
604 +.696092871554E-0024
605 +.154325979752E-0023
606 +.197828986808E-0023
607 +.591705880432E-0023
608 +.329084085560E-0023
609 +.972976324290E-0023
610 +.322831308215E-0022
611 +.464844315950E-0022
612 +.338820966215E-0022
613 +.806188145932E-0022
614 +.102167893358E-0021
615 +.304039718760E-0021
616 +.160648491156E-0021
617 +.477518317820E-0021
618 +.161759098610E-0020
619 +.268270602097E-0020
620 +.110428215672E-0020
621 +.318986157040E-0020
622 +.237953682150E-0020
623 +.867091970773E-0020
624 +.190982764057E-0019
625 +.212337813669E-0019
626 +.351206245329E-0019
627 +.838575607398E-0019
628 +.760558664341E-0019
629 +.265240194958E-0018
630 +.493837215029E-0018
631 +.849070178317E-0018
632 +.576574413527E-0018
633 +.211571235230E-0017
634 +.469224362254E-0017
635 +.537690179381E-0017
636 +.881968567503E-0017
637 +.211565377696E-0016
638 +.186922860401E-0016
639 +.657349139903E-0016
640 +.127148029051E-0015
641 +.201997344930E-0015
642 +.184699767178E-0015
643 +.624108996317E-0015
644 +.988824377024E-0015
645 +.223227392536E-0014
646 +.144447543204E-0014
647 +.421361515676E-0014
648 +.126750925501E-0013
649 +.126000541409E-0013
650 +.224436782458E-0013
651 +.360385122729E-0013
652 +.864108927855E-0013
653 +.788288815485E-0013
654 +.274508460845E-0012
655 +.514306471207E-0012
656 +.900811404252E-0012
657 +.575201751161E-0012
658 +.214102528601E-0011
659 +.494896533715E-0011
660 +.469270147528E-0011
661 +.888991980060E-0011
662 +.179435788175E-0010
663 +.303629101095E-0010
664 +.711740222930E-0010
665 +.742684595425E-0010
666 +.246458327439E-0009
667 +.396593309114E-0009
668 +.939741927337E-0009
669 +.760939372333E-0009
670 +.214284637314E-0008
671 +.539595933143E-0008
672 +.386060194649E-0008
673 +.829085288241E-0008
674 +.140667431561E-0007
675 +.321175056206E-0007
676 +.378990680329E-0007
677 +.118864907670E-0006
678 +.134837258303E-0006
679 +.385729187326E-0006
680 +.890170493876E-0006
681 +.679756600836E-0006
682 +.142491661913E-0005
683 +.249832293039E-0005
684 +.546069980188E-0005
685 +.759542866103E-0005
686 +.215272169549E-0004
687 +.360240151028E-0005
688 +.752142159477E-0005
689 +.280842675592E-0004
690 +.746777024519E-0004
691 +.128054990781E-0003
692 +.727893181494E-0004
693 +.187139301204E-0003
694 +.196962869535E-0003
695 +.642150217387E-0003
696 +.804805364085E-0003
697 +.208508819884E-0002
698 +.334951354999E-0002
699 +.784156066936E-0002
700 +.574145823052E-0002
701 +.164415180113E-0001
702 +.444308192583E-0001
703 +.137333163082E-0001
704 +.400559145059E-0001
705 +.463640998988E-0001
706 +.144562993366E+0000
707 +.129127806217E+0000
708 +.387047750701E+0000
709 +.111709562759E+0001
710 +.626050467051E+0000
711 +.147909890898E+0001
712 +.368138340197E+0001
