0 +.104517717795E-0601
1 +.324004925163E-0601
2 +.102774362262E-0600
3 +.291965439721E-0600
4 +.161254167281E-0599
5 +.461626589273E-0599
6 +.784951013544E-0599
7 +.282521061576E-0598
8 +.635318641439E-0598
9 +.174439137305E-0597
10 +.195262609166E-0596
11 +.350050718094E-0596
12 +.479961972692E-0596
13 +.128673190575E-0595
14 +.458887385941E-0595
15 +.129357489683E-0594
16 +.354525232953E-0594
17 +.297911721363E-0593
18 +.442064928577E-0593
19 +.560590027186E-0593
20 +.149150540161E-0592
21 +.517491340517E-0592
22 +.184022340636E-0591
23 +.595185328108E-0591
24 +.393405255412E-0590
25 +.688916290748E-0590
26 +.109834550645E-0589
27 +.402870257145E-0589
28 +.154726129808E-0588
29 +.461877369391E-0588
30 +.180749521788E-0587
31 +.159027427529E-0587
32 +.131948290372E-0587
33 +.130698906216E-0586
34 +.116368401506E-0585
35 +.335348706207E-0585
36 +.505156061664E-0585
37 +.996069232530E-0585
38 +.399317093191E-0584
39 +.427941204687E-0584
40 +.741611199908E-0584
41 +.975545710024E-0583
42 +.378910504539E-0582
43 +.676329492206E-0582
44 +.189560743145E-0581
45 +.664046671682E-0581
46 +.255330591192E-0580
47 +.811928064312E-0580
48 +.324331893465E-0579
49 +.194302411679E-0579
50 +.211536208129E-0579
51 +.361098347304E-0578
52 +.266598699274E-0577
53 +.240564033263E-0577
54 +.151212992975E-0577
55 +.134591184440E-0577
56 +.314198071192E-0577
57 +.329512225786E-0576
58 +.808636409210E-0577
59 +.386978274288E-0577
60 +.188454651291E-0576
61 +.579935267030E-0576
62 +.309197827997E-0575
63 +.117612363445E-0574
64 +.240921520518E-0574
65 +.577821428920E-0574
66 +.389731598947E-0573
67 +.892818700227E-0573
68 +.156648496869E-0572
69 +.611116136185E-0572
70 +.193842460759E-0571
71 +.774416779419E-0571
72 +.609774341239E-0571
73 +.818666348844E-0571
74 +.126587789379E-0569
75 +.786913300437E-0569
76 +.191722369955E-0569
77 +.114837970053E-0569
78 +.232899438468E-0569
79 +.427874856133E-0569
80 +.486576335100E-0568
81 +.488712207976E-0568
82 +.481727697465E-0568
83 +.133097565202E-0567
84 +.437538005040E-0567
85 +.206162547419E-0566
86 +.764383127637E-0566
87 +.270090763504E-0565
88 +.874702695884E-0565
89 +.209287126892E-0564
90 +.610284403040E-0564
91 +.423691151662E-0563
92 +.566672483508E-0563
93 +.749039595131E-0563
94 +.253304117046E-0562
95 +.980407131400E-0562
96 +.328317087924E-0562
97 +.241623248987E-0562
98 +.516027844151E-0561
99 +.441798605769E-0560
100 +.114419807321E-0559
101 +.237587455642E-0559
102 +.599458628196E-0559
103 +.224263768611E-0558
104 +.270255994882E-0558
105 +.321856578198E-0558
106 +.318953112807E-0557
107 +.285656282114E-0556
108 +.104677646483E-0555
109 +.210385779325E-0555
110 +.562646456248E-0555
111 +.201814676266E-0554
112 +.752818630648E-0554
113 +.269308256115E-0553
114 +.104390107852E-0552
115 +.329262372993E-0552
116 +.131310292369E-0551
117 +.525930395008E-0552
118 +.433092440688E-0552
119 +.854601384638E-0551
120 +.710351169335E-0550
121 +.159638581241E-0549
122 +.318640643338E-0549
123 +.743908873203E-0549
124 +.259806281303E-0548
125 +.889012379493E-0548
126 +.280594893438E-0547
127 +.194908187023E-0546
128 +.253596615070E-0546
129 +.329214163161E-0546
130 +.111665947516E-0545
131 +.431759499607E-0545
132 +.132017895311E-0545
133 +.900834966848E-0546
134 +.196907646626E-0544
135 +.172084514497E-0543
136 +.488999623110E-0543
137 +.102903798646E-0542
138 +.270066364998E-0542
139 +.103695502375E-0541
140 +.886024361707E-0542
141 +.126989145796E-0541
142 +.184726719177E-0540
143 +.101320601506E-0539
144 +.125219761189E-0539
145 +.238108537024E-0539
146 +.448821019753E-0539
147 +.120600553088E-0538
148 +.106932423770E-0537
149 +.240603333740E-0537
150 +.417948462053E-0537
151 +.162709484809E-0536
152 +.526493676941E-0536
153 +.210770006149E-0535
154 +.262971800181E-0535
155 +.517048417023E-0535
156 +.655285461187E-0534
157 +.179808858390E-0533
158 +.198998400339E-0533
159 +.388628963760E-0533
160 +.157178658624E-0532
161 +.168355093271E-0532
162 +.291700209272E-0532
163 +.396567776987E-0531
164 +.159371997336E-0530
165 +.190099780480E-0530
166 +.375581179769E-0530
167 +.137440551090E-0529
168 +.528136602862E-0529
169 +.164486762444E-0528
170 +.653698385408E-0528
171 +.313035477147E-0528
172 +.142868315160E-0528
173 +.138378578697E-0527
174 +.131390447008E-0526
175 +.509743122762E-0526
176 +.737487481487E-0526
177 +.149237538461E-0525
178 +.522073407591E-0525
179 +.205104226870E-0524
180 +.484966571360E-0524
181 +.163668530032E-0523
182 +.965824698345E-0523
183 +.366970850069E-0522
184 +.254830095162E-0522
185 +.209327891527E-0522
186 +.174531473820E-0521
187 +.659823581785E-0521
188 +.790784949028E-0521
189 +.158037019254E-0520
190 +.607090857010E-0520
191 +.214313345949E-0519
192 +.834379652093E-0519
193 +.255076456028E-0518
194 +.100786248087E-0517
195 +.345527050360E-0518
196 +.253207930033E-0518
197 +.556251194109E-0517
198 +.543693800741E-0516
199 +.257556192872E-0515
200 +.220920813259E-0515
201 +.290595763873E-0515
202 +.723038928461E-0515
203 +.227599277915E-0514
204 +.144732249567E-0513
205 +.538772007414E-0513
206 +.824020199135E-0514
207 +.463691200571E-0514
208 +.109794812874E-0512
209 +.447825060255E-0512
210 +.524029291380E-0512
211 +.101463719788E-0511
212 +.364688358279E-0511
213 +.142261498438E-0510
214 +.382852620036E-0510
215 +.141604679109E-0509
216 +.432030025362E-0509
217 +.120622365151E-0508
218 +.859215233977E-0508
219 +.169096303740E-0507
220 +.274741056998E-0507
221 +.102808619998E-0506
222 +.385499753513E-0506
223 +.132053794286E-0505
224 +.525942739758E-0505
225 +.119298368878E-0504
226 +.389903414829E-0504
227 +.232567683126E-0503
228 +.780514533238E-0503
229 +.386530011716E-0503
230 +.454265916224E-0503
231 +.630033648712E-0502
232 +.152380297023E-0501
233 +.204858941665E-0501
234 +.483287722500E-0501
235 +.187170442595E-0500
236 +.258448171483E-0501
237 +.123608927737E-0501
238 +.424209086470E-0500
239 +.389415006655E-0499
240 +.143368639172E-0498
241 +.201309837716E-0498
242 +.394605145433E-0498
243 +.147074507766E-0497
244 +.550869375961E-0497
245 +.192742778924E-0496
246 +.760294297487E-0496
247 +.206187550130E-0495
248 +.766478495787E-0495
249 +.217610031470E-0494
250 +.569580863837E-0494
251 +.424346106677E-0493
252 +.601987428019E-0493
253 +.786128369414E-0493
254 +.270092244832E-0492
255 +.104872044835E-0491
256 +.627928490224E-0492
257 +.682729141516E-0492
258 +.116454351319E-0490
259 +.854304745384E-0490
260 +.724595515250E-0490
261 +.432286168484E-0490
262 +.376652575426E-0490
263 +.861841623391E-0490
264 +.954465310221E-0489
265 +.390403222269E-0489
266 +.860065624602E-0491
267 +.249287961515E-0491
268 +.149757076128E-0490
269 +.769201892716E-0490
270 +.339976957551E-0489
271 +.956044453484E-0489
272 +.337366394875E-0488
273 +.291194814385E-0487
274 +.677840305242E-0487
275 +.130124703413E-0486
276 +.447626038809E-0486
277 +.175116141099E-0485
278 +.420291642564E-0485
279 +.143467098379E-0484
280 +.735039817495E-0484
281 +.257473797834E-0483
282 +.465184858207E-0483
283 +.107761918509E-0482
284 +.894030691798E-0482
285 +.126402021558E-0481
286 +.155159106453E-0481
287 +.413207096885E-0481
288 +.142114906131E-0480
289 +.535375383780E-0480
290 +.179279984927E-0479
291 +.108499206898E-0478
292 +.256629103816E-0478
293 +.469381395562E-0478
294 +.185673234860E-0477
295 +.407556368614E-0477
296 +.130333990346E-0476
297 +.820594027929E-0476
298 +.268212658406E-0475
299 +.253065627420E-0475
300 +.515696513186E-0475
301 +.514410623364E-0474
302 +.501265297702E-0474
303 +.517594911898E-0474
304 +.166200066193E-0473
305 +.600620080865E-0473
306 +.134570188655E-0472
307 +.292974433295E-0472
308 +.263662610395E-0471
309 +.470348718493E-0471
310 +.367604020827E-0471
311 +.612413106701E-0471
312 +.234519279119E-0470
313 +.530562109383E-0470
314 +.116085725334E-0469
315 +.101542593337E-0468
316 +.125418676238E-0468
317 +.637152421435E-0469
318 +.904324234917E-0469
319 +.337117708061E-0468
320 +.126575607375E-0467
321 +.395782895230E-0467
322 +.195259636634E-0466
323 +.720269305829E-0466
324 +.155772025060E-0466
325 +.104917250987E-0466
326 +.208652891716E-0465
327 +.820204147807E-0465
328 +.973686872890E-0465
329 +.191706122598E-0464
330 +.710677957271E-0464
331 +.269538661955E-0463
332 +.901053420940E-0463
333 +.360877160624E-0462
334 +.622274248495E-0462
335 +.161785118331E-0461
336 +.161629221936E-0460
337 +.160042102536E-0460
338 +.162045730646E-0460
339 +.542240262593E-0460
340 +.199663890193E-0459
341 +.312563866968E-0459
342 +.483177395412E-0459
343 +.479248244331E-0458
344 +.254900845355E-0457
345 +.213652346515E-0457
346 +.302102786217E-0457
347 +.738779218081E-0457
348 +.232598169920E-0456
349 +.137354766538E-0455
350 +.472949193472E-0455
351 +.162323400161E-0455
352 +.120327831984E-0455
353 +.166368783094E-0454
354 +.612747672557E-0454
355 +.845704674306E-0454
356 +.191037260862E-0453
357 +.725029120270E-0453
358 +.251233359446E-0452
359 +.992162091356E-0452
360 +.263123893951E-0451
361 +.964240413674E-0451
362 +.373410366067E-0450
363 +.127390119392E-0449
364 +.733389134911E-0449
365 +.192592852078E-0448
366 +.347646844985E-0448
367 +.134597079407E-0447
368 +.349255982578E-0448
369 +.222733188158E-0448
370 +.534370204596E-0447
371 +.466312757129E-0446
372 +.132341617891E-0445
373 +.199060317232E-0445
374 +.390309300366E-0445
375 +.156131345833E-0444
376 +.130016929663E-0444
377 +.183019735240E-0444
378 +.268719189159E-0443
379 +.151069384846E-0442
380 +.147583357176E-0442
381 +.229038693969E-0442
382 +.411366255751E-0442
383 +.102284218944E-0441
384 +.939610280690E-0441
385 +.134827523447E-0440
386 +.184827852629E-0440
387 +.633249154600E-0440
388 +.246735396927E-0439
389 +.204083777030E-0439
390 +.284724357524E-0439
391 +.420994122758E-0438
392 +.242830744938E-0437
393 +.213548792268E-0437
394 +.301579435406E-0437
395 +.503853716780E-0437
396 +.115435440164E-0436
397 +.115162729406E-0435
398 +.688729471182E-0436
399 +.517789344223E-0436
400 +.179979088699E-0435
401 +.613056145696E-0435
402 +.210134011140E-0434
403 +.625984046882E-0434
404 +.380408397621E-0433
405 +.116704437879E-0432
406 +.197283793417E-0432
407 +.718178056620E-0432
408 +.181381582414E-0431
409 +.455399478101E-0431
410 +.408056303680E-0430
411 +.119720841709E-0429
412 +.211436768406E-0429
413 +.603898783897E-0429
414 +.232728523296E-0428
415 +.479179002534E-0428
416 +.144867722190E-0427
417 +.106725669985E-0426
418 +.307029760746E-0426
419 +.536179089598E-0426
420 +.198444888727E-0425
421 +.286150687070E-0425
422 +.425349157302E-0425
423 +.445130216779E-0424
424 +.283043618466E-0423
425 +.501830360396E-0424
426 +.258563944185E-0424
427 +.581406138183E-0424
428 +.100449581065E-0423
429 +.117575952258E-0422
430 +.156259327540E-0422
431 +.100480481232E-0422
432 +.161208930526E-0422
433 +.596043842617E-0422
434 +.234349664326E-0421
435 +.807085003067E-0421
436 +.447054680489E-0420
437 +.124766637661E-0419
438 +.214235276008E-0419
439 +.786273722278E-0419
440 +.138826886445E-0418
441 +.251349690358E-0418
442 +.253999167745E-0417
443 +.116831597010E-0416
444 +.128346037809E-0416
445 +.232552240340E-0416
446 +.741731562836E-0416
447 +.288322775181E-0415
448 +.641647467242E-0416
449 +.123006991347E-0416
450 +.110388908229E-0415
451 +.109536440767E-0414
452 +.508695316055E-0414
453 +.771265589364E-0414
454 +.162078695042E-0413
455 +.389673754635E-0413
456 +.129766471635E-0412
457 +.646123601154E-0412
458 +.225622832397E-0411
459 +.484357165160E-0411
460 +.129217310348E-0410
461 +.980854660590E-0410
462 +.248646260237E-0410
463 +.122461532378E-0410
464 +.590559087953E-0410
465 +.186128053044E-0409
466 +.825197647310E-0409
467 +.275580209244E-0408
468 +.941957775524E-0408
469 +.336616709481E-0407
470 +.129314085000E-0406
471 +.429307549799E-0406
472 +.703132269924E-0406
473 +.150086325643E-0405
474 +.128761271544E-0404
475 +.284855810824E-0404
476 +.449954012914E-0404
477 +.123862776249E-0403
478 +.464697001633E-0403
479 +.493850729409E-0403
480 +.506944105110E-0403
481 +.491382320737E-0402
482 +.454185155904E-0401
483 +.189997369725E-0400
484 +.342420072454E-0400
485 +.841725133625E-0400
486 +.254942881767E-0399
487 +.994228500166E-0399
488 +.793153288278E-0399
489 +.565236293251E-0399
490 +.504930168950E-0398
491 +.481401194393E-0397
492 +.224811287059E-0396
493 +.337570066616E-0396
494 +.703123529403E-0396
495 +.167148211239E-0395
496 +.551219923955E-0395
497 +.314042299110E-0394
498 +.119765809996E-0393
499 +.136042379988E-0393
500 +.192826629526E-0393
501 +.164941182832E-0392
502 +.313620636727E-0392
503 +.260679500280E-0392
504 +.445982015314E-0392
505 +.172189301794E-0391
506 +.325289110760E-0391
507 +.605668532306E-0391
508 +.572239771653E-0390
509 +.191171437919E-0389
510 +.230583703241E-0389
511 +.469117979882E-0389
512 +.187401673373E-0388
513 +.508312288221E-0388
514 +.189568361361E-0387
515 +.517425920552E-0387
516 +.160712935694E-0386
517 +.142409354608E-0385
518 +.109038067433E-0385
519 +.974055444161E-0386
520 +.324025306274E-0385
521 +.114671574959E-0384
522 +.307653622122E-0384
523 +.774953809998E-0384
524 +.620017058503E-0383
525 +.300774335751E-0383
526 +.195036791082E-0383
527 +.736850161767E-0383
528 +.245547147645E-0382
529 +.905908820096E-0382
530 +.279758152538E-0381
531 +.146911216073E-0380
532 +.526304253098E-0380
533 +.403163678319E-0380
534 +.684828133632E-0380
535 +.803484203140E-0379
536 +.462633042779E-0379
537 +.500232474466E-0380
538 +.380886022472E-0380
539 +.174026525411E-0379
540 +.898148954618E-0379
541 +.396248239733E-0378
542 +.117799209928E-0377
543 +.358146923042E-0377
544 +.225214849912E-0376
545 +.480371131452E-0376
546 +.853914078485E-0376
547 +.331388346820E-0375
548 +.106914428541E-0374
549 +.427927488574E-0374
550 +.501473101176E-0374
551 +.934569982560E-0374
552 +.122384919577E-0372
553 +.410566154872E-0372
554 +.493234068263E-0372
555 +.100063197915E-0371
556 +.398856996695E-0371
557 +.112287354789E-0370
558 +.428031754212E-0370
559 +.842512673878E-0370
560 +.209854909321E-0369
561 +.240662457447E-0368
562 +.740742326408E-0368
563 +.132287154700E-0367
564 +.379008390338E-0367
565 +.145404201234E-0366
566 +.360611672015E-0366
567 +.126222567011E-0365
568 +.568708421227E-0365
569 +.194464865051E-0364
570 +.634050433723E-0364
571 +.220892300511E-0363
572 +.976864044666E-0363
573 +.322802098792E-0362
574 +.102733042546E-0362
575 +.808065298456E-0363
576 +.126725267391E-0361
577 +.460090700832E-0361
578 +.645001385469E-0361
579 +.147859000377E-0360
580 +.563158387786E-0360
581 +.191198554593E-0359
582 +.761797928767E-0359
583 +.168400044969E-0358
584 +.539234900840E-0358
585 +.374741219626E-0357
586 +.132083973502E-0356
587 +.132445411959E-0356
588 +.288079426918E-0356
589 +.284362585800E-0355
590 +.392754928167E-0355
591 +.503503525121E-0355
592 +.173069712978E-0354
593 +.670935866745E-0354
594 +.345725963875E-0354
595 +.337261541680E-0354
596 +.607738622609E-0353
597 +.472880407031E-0352
598 +.661712550000E-0352
599 +.670672998023E-0352
600 +.816207115041E-0352
601 +.225946253390E-0351
602 +.182653912477E-0350
603 +.413214800954E-0350
604 +.745834928976E-0350
605 +.292802121015E-0349
606 +.832141073452E-0349
607 +.319053711696E-0348
608 +.530738698367E-0348
609 +.872724448029E-0348
610 +.856142206903E-0347
611 +.409026230740E-0346
612 +.429285076076E-0346
613 +.744517094613E-0346
614 +.224501287436E-0345
615 +.846667228211E-0345
616 +.133129702740E-0344
617 +.209090680532E-0344
618 +.210536182240E-0343
619 +.118279584814E-0342
620 +.807460205554E-0343
621 +.960107540369E-0343
622 +.206886548968E-0342
623 +.562374452659E-0342
624 +.451364427033E-0341
625 +.110532375843E-0340
626 +.203262639427E-0340
627 +.802735454290E-0340
628 +.173837285940E-0339
629 +.549844703412E-0339
630 +.357018846491E-0338
631 +.114286620737E-0337
632 +.133434134406E-0337
633 +.332491063273E-0337
634 +.270585900898E-0336
635 +.687670899279E-0336
636 +.129256740856E-0335
637 +.508587514663E-0335
638 +.107789139554E-0334
639 +.334908759402E-0334
640 +.227810491336E-0333
641 +.700040687722E-0333
642 +.101690409991E-0332
643 +.314191752057E-0332
644 +.168208367688E-0331
645 +.601637142605E-0331
646 +.878872013762E-0331
647 +.165894892915E-0330
648 +.145570708552E-0329
649 +.435302879083E-0329
650 +.770787094377E-0329
651 +.220459530173E-0328
652 +.848796022499E-0328
653 +.185661496262E-0327
654 +.589805867457E-0327
655 +.384809435869E-0326
656 +.126276883134E-0325
657 +.141228408306E-0325
658 +.335668034240E-0325
659 +.288804660780E-0324
660 +.633002359457E-0324
661 +.113707408029E-0323
662 +.434785346746E-0323
663 +.148497947070E-0322
664 +.589023867684E-0322
665 +.144076753933E-0321
666 +.498902754852E-0321
667 +.266413893165E-0320
668 +.101583220175E-0319
669 +.194906646130E-0319
670 +.444435847044E-0319
671 +.315157533190E-0318
672 +.567795152001E-0318
673 +.872413183469E-0318
674 +.317878204586E-0317
675 +.123141190994E-0316
676 +.331770919833E-0316
677 +.122786369667E-0315
678 +.436849179564E-0315
679 +.141762167104E-0314
680 +.935887364312E-0314
681 +.164927950441E-0313
682 +.264003867861E-0313
683 +.970298280877E-0313
684 +.371846536852E-0312
685 +.113048985515E-0311
686 +.445661628626E-0311
687 +.211359066340E-0311
688 +.738397919041E-0312
689 +.575629646795E-0311
690 +.571522016126E-0310
691 +.260590297942E-0309
692 +.253969326101E-0309
693 +.371113965198E-0309
694 +.100414651195E-0308
695 +.344532878847E-0308
696 +.140746936034E-0307
697 +.456846583471E-0307
698 +.190022034931E-0306
699 +.713876752099E-0306
700 +.121735713163E-0305
701 +.253658803249E-0305
702 +.195566875580E-0304
703 +.153850083179E-0304
704 +.133276995422E-0304
705 +.450283021893E-0304
706 +.159254160704E-0303
707 +.415678818595E-0303
708 +.101865012235E-0302
709 +.818448812777E-0302
710 +.324892480598E-0302
711 +.189898497021E-0302
712 +.772607357727E-0302
713 +.252700407788E-0301
714 +.995443255994E-0301
715 +.317574422194E-0300
716 +.145954713909E-0299
717 +.547841990107E-0299
718 +.326046130831E-0299
719 +.223829895096E-0299
720 +.182855991608E-0298
721 +.766160392428E-0298
722 +.135303435582E-0297
723 +.374889859952E-0297
724 +.127771002690E-0296
725 +.501593133282E-0296
726 +.130798377212E-0295
727 +.473967709468E-0295
728 +.173085289216E-0294
729 +.540543498047E-0294
730 +.297905897683E-0293
731 +.103361788230E-0292
732 +.115646145464E-0292
733 +.278552437447E-0292
734 +.249838034804E-0291
735 +.556988771900E-0291
736 +.964304382398E-0291
737 +.374657882573E-0290
738 +.122981865818E-0289
739 +.492282691702E-0289
740 +.775565995919E-0289
741 +.186515449717E-0288
742 +.202323725726E-0287
743 +.249839757884E-0288
744 +.550997895292E-0289
745 +.224797586761E-0288
746 +.617997875531E-0288
747 +.331257018836E-0287
748 +.145677721189E-0286
749 +.449107297605E-0286
750 +.139744007123E-0285
751 +.840408225122E-0285
752 +.202894683306E-0284
753 +.373184484998E-0284
754 +.147524473178E-0283
755 +.297363032570E-0283
756 +.886585793661E-0283
757 +.662351657920E-0282
758 +.179029662491E-0281
759 +.321460703677E-0281
760 +.123566367740E-0280
761 +.168101214199E-0281
762 +.650305712324E-0282
763 +.185086948273E-0280
764 +.173272393280E-0279
765 +.691229155603E-0279
766 +.893209745552E-0279
767 +.164678145953E-0278
768 +.563436235593E-0278
769 +.222428923060E-0277
770 +.342407771982E-0277
771 +.806753545263E-0277
772 +.891104404706E-0276
773 +.341055717995E-0276
774 +.132478849533E-0277
775 +.233395196948E-0278
776 +.499994811960E-0278
777 +.281913831139E-0277
778 +.123951161755E-0276
779 +.350239787021E-0276
780 +.123903848687E-0275
781 +.106448911461E-0274
782 +.252405601135E-0274
783 +.490278070364E-0274
784 +.170129316063E-0273
785 +.662767275039E-0273
786 +.173740029559E-0272
787 +.631728445284E-0272
788 +.257740175196E-0271
789 +.903592308789E-0271
790 +.469206463933E-0270
791 +.140933614880E-0269
792 +.204519698736E-0269
793 +.632472838117E-0269
794 +.339776223703E-0268
795 +.121526583902E-0267
796 +.172738929163E-0267
797 +.317634227210E-0267
798 +.279684771245E-0266
799 +.878141554166E-0266
800 +.157078937288E-0265
801 +.450412629965E-0265
802 +.172424278743E-0264
803 +.448297764608E-0264
804 +.162225301376E-0263
805 +.591213359536E-0263
806 +.184435870603E-0262
807 +.102039505038E-0261
808 +.352898776512E-0261
809 +.404625759073E-0261
810 +.997844039389E-0261
811 +.871520037798E-0260
812 +.211685561181E-0259
813 +.378163596944E-0259
814 +.149348768600E-0258
815 +.398132808268E-0258
816 +.147000151390E-0257
817 +.446187190513E-0257
818 +.124159577156E-0256
819 +.889828799680E-0256
820 +.170012024258E-0255
821 +.271360935339E-0255
822 +.100644335786E-0254
823 +.382760189318E-0254
824 +.122490259956E-0253
825 +.489760571698E-0253
826 +.363287189982E-0253
827 +.465324847612E-0253
828 +.735519876083E-0252
829 +.479613114904E-0251
830 +.142069445591E-0252
831 +.412647644106E-0253
832 +.260894851717E-0252
833 +.381250253015E-0252
834 +.496597701739E-0251
835 +.963505793256E-0251
836 +.802300688242E-0251
837 +.136316117981E-0250
838 +.531309742707E-0250
839 +.943393969956E-0250
840 +.220030671433E-0249
841 +.269650319207E-0248
842 +.120045850015E-0247
843 +.199607481991E-0247
844 +.513523540294E-0247
845 +.150990328930E-0246
846 +.582710057117E-0246
847 +.819336759977E-0246
848 +.116118407099E-0245
849 +.117206388153E-0244
850 +.997921745712E-0244
851 +.289868492300E-0243
852 +.436756895281E-0243
853 +.863018638948E-0243
854 +.346224960260E-0242
855 +.404424301988E-0242
856 +.753929718066E-0242
857 +.949424470265E-0241
858 +.298294679795E-0240
859 +.531607931953E-0240
860 +.152530544448E-0239
861 +.584438505247E-0239
862 +.149080336855E-0238
863 +.532411289104E-0238
864 +.212943239040E-0237
865 +.696070893814E-0237
866 +.318441813471E-0236
867 +.119611096807E-0235
868 +.823717777607E-0236
869 +.677788541860E-0236
870 +.572766723149E-0235
871 +.223444317452E-0234
872 +.266671902932E-0234
873 +.529243765744E-0234
874 +.199720450487E-0233
875 +.736255224596E-0233
876 +.269166266168E-0232
877 +.101624844106E-0231
878 +.358314140292E-0231
879 +.140699744028E-0230
880 +.402298015668E-0230
881 +.154226556608E-0229
882 +.280951853253E-0229
883 +.510805779267E-0229
884 +.500312707307E-0228
885 +.211627376019E-0227
886 +.248940553537E-0227
887 +.483072673240E-0227
888 +.170171223406E-0226
889 +.669361624893E-0226
890 +.152362496189E-0225
891 +.499217627395E-0225
892 +.324724701975E-0224
893 +.119530182115E-0223
894 +.481385819253E-0224
895 +.486764845151E-0224
896 +.741077193725E-0223
897 +.220813355057E-0222
898 +.255204148777E-0222
899 +.508552120071E-0222
900 +.205804954429E-0221
901 +.378236448393E-0221
902 +.104251774288E-0220
903 +.961250121878E-0220
904 +.178610992284E-0219
905 +.279582286365E-0219
906 +.103211552265E-0218
907 +.395256335764E-0218
908 +.120406422974E-0217
909 +.475010455856E-0217
910 +.196340409017E-0217
911 +.160932840693E-0217
912 +.329146608693E-0216
913 +.320568959294E-0215
914 +.149019405474E-0214
915 +.137588021479E-0214
916 +.192210464695E-0214
917 +.498601127577E-0214
918 +.164308883791E-0213
919 +.908214415554E-0213
920 +.346623884384E-0212
921 +.526033992474E-0212
922 +.983446285277E-0212
923 +.787800015550E-0211
924 +.232157024292E-0212
925 +.684106070422E-0213
926 +.166522980157E-0211
927 +.484597863060E-0211
928 +.258271386043E-0210
929 +.113629772810E-0209
930 +.281137182114E-0209
931 +.697847616216E-0209
932 +.455898580340E-0208
933 +.116978153988E-0207
934 +.212015301705E-0207
935 +.840205150336E-0207
936 +.179537098103E-0206
937 +.561841996809E-0206
938 +.380118201775E-0205
939 +.121158107347E-0204
940 +.164544350896E-0204
941 +.472234457986E-0204
942 +.303620195717E-0203
943 +.103615199376E-0202
944 +.944689411299E-0203
945 +.183214214406E-0202
946 +.189251937809E-0201
947 +.120785008651E-0201
948 +.939403931574E-0202
949 +.317103811233E-0201
950 +.107527867793E-0200
951 +.384107745954E-0200
952 +.117307768423E-0199
953 +.668063362880E-0199
954 +.223697740858E-0198
955 +.307177760398E-0198
956 +.904291405819E-0198
957 +.597660932265E-0197
958 +.218247977195E-0196
959 +.113289452134E-0196
960 +.139044619824E-0196
961 +.192174724665E-0195
962 +.441926819949E-0195
963 +.434154175501E-0195
964 +.798749318669E-0195
965 +.317728905804E-0194
966 +.137108630427E-0194
967 +.394127993995E-0195
968 +.277372014246E-0194
969 +.271951715580E-0193
970 +.115461061152E-0192
971 +.203886519890E-0192
972 +.492278003302E-0192
973 +.144696087961E-0191
974 +.556537588273E-0191
975 +.827003699263E-0191
976 +.124405997767E-0190
977 +.125803281101E-0189
978 +.103631692879E-0188
979 +.254463175435E-0188
980 +.368911916635E-0188
981 +.672796989517E-0188
982 +.257425450152E-0187
983 +.530310951403E-0187
984 +.111133755025E-0186
985 +.108027849101E-0185
986 +.594551214630E-0185
987 +.696796193864E-0185
988 +.125623672162E-0184
989 +.223748137276E-0184
990 +.568111352852E-0184
991 +.540030520214E-0183
992 +.876224310754E-0183
993 +.125538075631E-0182
994 +.446651186469E-0182
995 +.174763295073E-0181
996 +.326718123281E-0181
997 +.909777808646E-0181
998 +.828951213012E-0180
999 +.163107584963E-0179
1000 +.264309854912E-0179
1001 +.992131698988E-0179
1002 +.370340905932E-0178
1003 +.128887447069E-0177
1004 +.509832440197E-0177
1005 +.132847733403E-0176
1006 +.481129817780E-0176
1007 +.173628031747E-0175
1008 +.530964876922E-0175
1009 +.287266093384E-0174
1010 +.100742246180E-0173
1011 +.102879166412E-0173
1012 +.227182587596E-0173
1013 +.221879124759E-0172
1014 +.328695624517E-0172
1015 +.442659048905E-0172
1016 +.154216443974E-0171
1017 +.601905404617E-0171
1018 +.652529529093E-0171
1019 +.113749455839E-0170
1020 +.154466848298E-0169
1021 +.620800919129E-0169
1022 +.740489774628E-0169
1023 +.146298917915E-0168
1024 +.535355715708E-0168
1025 +.205722985647E-0167
1026 +.640630013614E-0167
1027 +.254587156682E-0166
1028 +.122710513008E-0166
1029 +.555060174404E-0167
1030 +.529782875651E-0166
1031 +.503681514222E-0165
1032 +.196137821292E-0164
1033 +.281860572671E-0164
1034 +.567307224106E-0164
1035 +.197668349174E-0163
1036 +.777724508657E-0163
1037 +.175806778643E-0162
1038 +.572924212413E-0162
1039 +.378633209714E-0161
1040 +.138186829737E-0160
1041 +.770761821411E-0161
1042 +.100221326783E-0160
1043 +.134661972734E-0159
1044 +.275210724948E-0159
1045 +.244716510537E-0159
1046 +.430235479299E-0159
1047 +.168411859355E-0158
1048 +.221280769226E-0158
1049 +.286458148475E-0158
1050 +.287355511036E-0157
1051 +.188885337425E-0156
1052 +.507029836151E-0158
1053 +.156691815690E-0158
1054 +.116039278152E-0157
1055 +.169402959982E-0157
1056 +.220440556982E-0156
1057 +.421412211225E-0156
1058 +.598733195930E-0156
1059 +.161876106079E-0155
1060 +.586127486613E-0155
1061 +.107159962415E-0154
1062 +.195355525167E-0154
1063 +.191127820334E-0153
1064 +.792657322092E-0153
1065 +.941778385500E-0153
1066 +.184724974641E-0152
1067 +.662614882767E-0152
1068 +.258501146956E-0151
1069 +.696594906424E-0151
1070 +.257866884635E-0150
1071 +.917468836571E-0150
1072 +.297737609908E-0149
1073 +.196551863683E-0148
1074 +.346450211048E-0148
1075 +.554645659799E-0148
1076 +.203863828962E-0147
1077 +.781206007463E-0147
1078 +.237647870791E-0146
1079 +.937068298236E-0146
1080 +.431621032584E-0146
1081 +.143595725192E-0146
1082 +.109805783045E-0145
1083 +.109270573921E-0144
1084 +.501387791961E-0144
1085 +.779523801778E-0144
1086 +.167662528354E-0143
1087 +.415503587363E-0143
1088 +.141948549489E-0142
1089 +.705402463317E-0142
1090 +.265766347748E-0141
1091 +.754591748368E-0141
1092 +.223784014853E-0140
1093 +.989246080507E-0140
1094 +.372946575880E-0139
1095 +.355612044867E-0139
1096 +.423683158582E-0139
1097 +.370098633127E-0138
1098 +.105949723192E-0137
1099 +.120303178329E-0137
1100 +.238136229079E-0137
1101 +.963197789029E-0137
1102 +.129945878208E-0136
1103 +.274184436581E-0136
1104 +.330057816208E-0135
1105 +.591903896692E-0135
1106 +.463255474229E-0135
1107 +.772940205880E-0135
1108 +.297376011852E-0134
1109 +.634643566418E-0134
1110 +.132009096817E-0133
1111 +.118904290006E-0132
1112 +.230625500385E-0132
1113 +.195673618939E-0132
1114 +.337294297705E-0132
1115 +.130594600084E-0131
1116 +.230256149665E-0131
1117 +.401615563051E-0131
1118 +.387066702576E-0130
1119 +.157550879795E-0129
1120 +.188717459732E-0129
1121 +.373519745328E-0129
1122 +.136128649263E-0128
1123 +.524821932169E-0128
1124 +.159682292380E-0127
1125 +.629738487507E-0127
1126 +.631349602533E-0127
1127 +.604858176098E-0127
1128 +.580661068679E-0126
1129 +.549132917869E-0125
1130 +.252276383028E-0124
1131 +.392428706778E-0124
1132 +.844540394028E-0124
1133 +.209452226589E-0123
1134 +.715997142766E-0123
1135 +.354835630461E-0122
1136 +.133604508533E-0121
1137 +.383933303136E-0121
1138 +.114570873745E-0120
1139 +.494568505791E-0120
1140 +.186536773377E-0119
1141 +.228113619030E-0119
1142 +.350704483352E-0119
1143 +.300743819734E-0118
1144 +.477304267969E-0118
1145 +.328835007326E-0118
1146 +.522053665209E-0118
1147 +.197357399354E-0117
1148 +.562314193581E-0117
1149 +.147827713395E-0116
1150 +.108841915891E-0115
1151 +.168629237699E-0115
1152 +.234262900289E-0115
1153 +.820143549925E-0115
1154 +.320781266367E-0114
1155 +.431716112816E-0114
1156 +.905231837733E-0114
1157 +.109715804980E-0112
1158 +.211099907588E-0112
1159 +.177105069771E-0112
1160 +.304116679177E-0112
1161 +.118056406103E-0111
1162 +.202424512873E-0111
1163 +.343720640859E-0111
1164 +.333491752828E-0110
1165 +.145052759520E-0109
1166 +.167716961431E-0109
1167 +.319706394096E-0109
1168 +.109473428252E-0108
1169 +.432611625874E-0108
1170 +.688664759973E-0108
1171 +.167041300466E-0107
1172 +.179546561095E-0106
1173 +.401639876182E-0108
1174 +.126846052775E-0108
1175 +.443894243126E-0107
1176 +.131633508610E-0106
1177 +.681681632411E-0106
1178 +.298904559110E-0105
1179 +.858477208906E-0105
1180 +.235814393450E-0104
1181 +.130445861842E-0103
1182 +.446955229966E-0103
1183 +.550485709178E-0103
1184 +.145530518667E-0102
1185 +.116160724509E-0101
1186 +.347167160624E-0101
1187 +.599958584980E-0101
1188 +.224371257814E-0100
1189 +.385670043104E-0100
1190 +.676324109394E-0100
1191 +.676839638080E-0099
1192 +.480600116974E-0098
1193 +.423737733198E-0098
1194 +.253942405253E-0098
1195 +.220355797446E-0098
1196 +.514585663186E-0098
1197 +.546295868994E-0097
1198 +.189832165119E-0097
1199 +.104343683229E-0097
1200 +.420181897374E-0097
1201 +.130374017660E-0096
1202 +.655822382403E-0096
1203 +.249144114831E-0095
1204 +.659545259092E-0095
1205 +.196820064041E-0094
1206 +.129953676555E-0093
1207 +.231404440052E-0093
1208 +.372826243379E-0093
1209 +.136606389299E-0092
1210 +.524258245944E-0092
1211 +.157718669568E-0091
1212 +.619220146862E-0091
1213 +.438316915274E-0091
1214 +.275984216679E-0091
1215 +.258801950753E-0090
1216 +.244091700964E-0089
1217 +.916604347659E-0089
1218 +.126521922310E-0088
1219 +.245121461615E-0088
1220 +.897148982469E-0088
1221 +.344099772097E-0087
1222 +.108018016776E-0086
1223 +.430194217852E-0086
1224 +.129317405779E-0086
1225 +.893931937658E-0087
1226 +.201113333660E-0085
1227 +.176323976563E-0084
1228 +.510152342498E-0084
1229 +.772642546453E-0084
1230 +.153190593060E-0083
1231 +.613932512495E-0083
1232 +.690088763288E-0083
1233 +.124504632184E-0082
1234 +.165436309586E-0081
1235 +.594288381636E-0081
1236 +.720314144245E-0081
1237 +.146055986350E-0080
1238 +.569942580450E-0080
1239 +.188331782649E-0079
1240 +.754164423247E-0079
1241 +.123539426146E-0078
1242 +.307290473096E-0078
1243 +.303916239121E-0077
1244 +.120651578544E-0077
1245 +.725977757545E-0078
1246 +.287640517609E-0077
1247 +.943972656353E-0077
1248 +.372395055719E-0076
1249 +.119223238785E-0075
1250 +.558410376445E-0075
1251 +.208900090219E-0074
1252 +.746039693782E-0075
1253 +.241762172767E-0075
1254 +.155613268315E-0074
1255 +.731417641919E-0074
1256 +.122340538057E-0073
1257 +.318585820904E-0073
1258 +.956187313395E-0073
1259 +.372522150973E-0072
1260 +.147705889696E-0072
1261 +.376157638058E-0073
1262 +.256423290058E-0072
1263 +.256893291689E-0071
1264 +.118772889032E-0070
1265 +.181707644555E-0070
1266 +.385040440617E-0070
1267 +.935698101684E-0070
1268 +.314461862904E-0069
1269 +.167230721160E-0068
1270 +.636981128339E-0068
1271 +.126611000114E-0067
1272 +.296786053763E-0067
1273 +.205079772683E-0066
1274 +.424200037800E-0066
1275 +.708320864350E-0066
1276 +.268906939391E-0065
1277 +.975533416557E-0065
1278 +.364575302132E-0064
1279 +.131851189953E-0063
1280 +.505368324841E-0063
1281 +.168908504197E-0062
1282 +.676677309223E-0062
1283 +.115875655982E-0061
1284 +.299471573029E-0061
1285 +.301282637392E-0060
1286 +.272659663790E-0060
1287 +.259565139579E-0060
1288 +.871149443867E-0060
1289 +.316158723914E-0059
1290 +.621264126097E-0059
1291 +.119490392065E-0058
1292 +.112041914038E-0057
1293 +.339251567064E-0057
1294 +.395944442503E-0057
1295 +.793886321540E-0057
1296 +.320919815026E-0056
1297 +.600405421567E-0056
1298 +.168011007236E-0055
1299 +.151532169724E-0054
1300 +.312319900821E-0054
1301 +.519534155056E-0054
1302 +.197639696212E-0053
1303 +.713973475354E-0053
1304 +.268667370550E-0052
1305 +.954413250186E-0052
1306 +.372534252898E-0051
1307 +.112179709224E-0050
1308 +.440707469544E-0050
1309 +.308190098346E-0050
1310 +.190937391077E-0050
1311 +.178356878039E-0049
1312 +.168642346396E-0048
1313 +.640099819192E-0048
1314 +.874770228524E-0048
1315 +.168273272981E-0047
1316 +.609463182290E-0047
1317 +.236000586961E-0046
1318 +.687118427932E-0046
1319 +.265831348323E-0045
1320 +.374163433028E-0045
1321 +.728647218768E-0045
1322 +.102035078101E-0043
1323 +.651978269900E-0043
1324 +.726897700236E-0044
1325 +.315529645710E-0044
1326 +.889867543020E-0044
1327 +.144607521195E-0043
1328 +.173323656487E-0042
1329 +.270001588467E-0042
1330 +.202193168922E-0042
1331 +.338509041783E-0042
1332 +.127488468548E-0041
1333 +.417927014161E-0041
1334 +.128706898236E-0040
1335 +.936215975929E-0040
1336 +.753013176203E-0040
1337 +.695198449680E-0040
1338 +.230048535633E-0039
1339 +.820072528211E-0039
1340 +.206647158272E-0038
1341 +.495576387672E-0038
1342 +.415563017837E-0037
1343 +.125179004466E-0037
1344 +.114201167889E-0038
1345 +.493599078247E-0039
1346 +.897771859451E-0039
1347 +.530647091319E-0038
1348 +.233252811631E-0037
1349 +.593032221919E-0037
1350 +.196999467805E-0036
1351 +.186826208546E-0035
1352 +.245423676954E-0035
1353 +.307355287351E-0035
1354 +.891787498116E-0035
1355 +.316511355512E-0034
1356 +.941461292668E-0034
1357 +.309735009341E-0033
1358 +.255291073764E-0032
1359 +.367241684923E-0032
1360 +.512268535356E-0032
1361 +.177723336626E-0031
1362 +.694643769843E-0031
1363 +.815017250173E-0031
1364 +.151924280194E-0030
1365 +.191863834429E-0029
1366 +.616367007746E-0029
1367 +.110276337580E-0028
1368 +.316576218986E-0028
1369 +.120832274939E-0027
1370 +.330122393589E-0027
1371 +.123360543345E-0026
1372 +.330386409675E-0026
1373 +.838440235467E-0026
1374 +.676396857459E-0025
1375 +.290767162902E-0025
1376 +.176912490143E-0025
1377 +.697612859057E-0025
1378 +.229796662366E-0024
1379 +.884478081397E-0024
1380 +.279087509475E-0023
1381 +.134833361331E-0022
1382 +.500967136713E-0022
1383 +.323023408918E-0023
1384 +.105996591312E-0023
1385 +.357053673912E-0022
1386 +.160218706499E-0021
1387 +.270462076054E-0021
1388 +.709764820745E-0021
1389 +.216297544616E-0020
1390 +.847720888526E-0020
1391 +.559318777676E-0021
1392 +.215175786284E-0021
1393 +.125341489970E-0019
1394 +.118420441769E-0018
1395 +.503067612063E-0018
1396 +.587014148182E-0018
1397 +.996357856473E-0018
1398 +.309940475252E-0017
1399 +.118593987286E-0016
1400 +.102655217758E-0016
1401 +.820376774084E-0017
1402 +.795382870812E-0016
1403 +.693003031978E-0015
1404 +.178105726877E-0014
1405 +.266086157318E-0014
1406 +.504416865031E-0014
1407 +.196204419861E-0013
1408 +.140175130457E-0013
1409 +.878260189459E-0014
1410 +.807465243507E-0013
1411 +.734240567149E-0012
1412 +.231915669581E-0011
1413 +.352806684629E-0011
1414 +.718321481823E-0011
1415 +.287121093721E-0010
1416 +.674877110998E-0010
1417 +.227567624552E-0009
1418 +.133827049181E-0008
1419 +.508768203585E-0008
1420 +.374534213829E-0008
1421 +.330010209229E-0008
1422 +.278087560324E-0007
1423 +.101094804893E-0006
1424 +.121316083332E-0006
1425 +.243714760716E-0006
1426 +.953070061322E-0006
1427 +.314734459320E-0005
1428 +.126195170089E-0004
1429 +.204137660924E-0004
1430 +.502430966717E-0004
1431 +.537771461548E-0003
1432 +.107657437336E-0003
1433 +.475655085567E-0004
1434 +.280878742615E-0003
1435 +.892383622747E-0003
1436 +.452639636396E-0002
1437 +.178614977809E-0001

# reset;set logscale y; set term wxt font "Monospace,12" size 600,400; set xlabel "Iterationen"; set ylabel "Fläche des Rechtecks"; plot "tms.dat" using 1:2 with lines lt rgb "#66C2A5" lw 3 title "n = 0", "tms.dat" using 1:2 with lines lt rgb "#3288BD" lw 3 title "n = 1"
